Date,Weighted
2010-07-17 03:07:00,0.05
2010-07-18 03:07:00,0.07
2010-07-19 03:07:00,0.09
2010-07-20 03:07:00,0.08
2010-07-21 03:07:00,0.07
2010-07-22 03:07:00,0.06
2010-07-23 03:07:00,0.06
2010-07-24 03:07:00,0.05
2010-07-25 03:07:00,0.05
2010-07-26 03:07:00,0.05
2010-07-27 03:07:00,0.06
2010-07-28 03:07:00,0.06
2010-07-29 03:07:00,0.07
2010-07-30 03:07:00,0.07
2010-07-31 03:07:00,0.06
2010-08-01 03:08:00,0.06
2010-08-02 03:08:00,0.06
2010-08-03 03:08:00,0.06
2010-08-04 03:08:00,0.06
2010-08-05 03:08:00,0.06
2010-08-06 03:08:00,0.06
2010-08-07 03:08:00,0.06
2010-08-08 03:08:00,0.06
2010-08-09 03:08:00,0.07
2010-08-10 03:08:00,0.07
2010-08-11 03:08:00,0.07
2010-08-12 03:08:00,0.07
2010-08-13 03:08:00,0.07
2010-08-14 03:08:00,0.07
2010-08-15 03:08:00,0.07
2010-08-16 03:08:00,0.06
2010-08-17 03:08:00,0.07
2010-08-18 03:08:00,0.07
2010-08-19 03:08:00,0.07
2010-08-20 03:08:00,0.07
2010-08-21 03:08:00,0.07
2010-08-22 03:08:00,0.06
2010-08-23 03:08:00,0.07
2010-08-24 03:08:00,0.07
2010-08-25 03:08:00,0.07
2010-08-26 03:08:00,0.07
2010-08-27 03:08:00,0.06
2010-08-28 03:08:00,0.06
2010-08-29 03:08:00,0.06
2010-08-30 03:08:00,0.06
2010-08-31 03:08:00,0.06
2010-09-01 03:09:00,0.06
2010-09-02 03:09:00,0.06
2010-09-03 03:09:00,0.06
2010-09-04 03:09:00,0.06
2010-09-05 03:09:00,0.06
2010-09-06 03:09:00,0.06
2010-09-07 03:09:00,0.06
2010-09-08 03:09:00,0.06
2010-09-09 03:09:00,0.06
2010-09-10 03:09:00,0.06
2010-09-11 03:09:00,0.06
2010-09-12 03:09:00,0.06
2010-09-13 03:09:00,0.06
2010-09-14 03:09:00,0.06
2010-09-15 03:09:00,0.06
2010-09-16 03:09:00,0.06
2010-09-17 03:09:00,0.06
2010-09-18 03:09:00,0.06
2010-09-19 03:09:00,0.06
2010-09-20 03:09:00,0.06
2010-09-21 03:09:00,0.06
2010-09-22 03:09:00,0.06
2010-09-23 03:09:00,0.06
2010-09-24 03:09:00,0.06
2010-09-25 03:09:00,0.06
2010-09-26 03:09:00,0.06
2010-09-27 03:09:00,0.06
2010-09-28 03:09:00,0.06
2010-09-29 03:09:00,0.06
2010-09-30 03:09:00,0.06
2010-10-01 03:10:00,0.06
2010-10-02 03:10:00,0.06
2010-10-03 03:10:00,0.06
2010-10-04 03:10:00,0.06
2010-10-05 03:10:00,0.06
2010-10-06 03:10:00,0.06
2010-10-07 03:10:00,0.06
2010-10-08 03:10:00,0.08
2010-10-09 03:10:00,0.09
2010-10-10 03:10:00,0.10
2010-10-11 03:10:00,0.10
2010-10-12 03:10:00,0.09
2010-10-13 03:10:00,0.10
2010-10-14 03:10:00,0.10
2010-10-15 03:10:00,0.10
2010-10-16 03:10:00,0.10
2010-10-17 03:10:00,0.10
2010-10-18 03:10:00,0.10
2010-10-19 03:10:00,0.10
2010-10-20 03:10:00,0.10
2010-10-21 03:10:00,0.10
2010-10-22 03:10:00,0.11
2010-10-23 03:10:00,0.11
2010-10-24 03:10:00,0.11
2010-10-25 03:10:00,0.15
2010-10-26 03:10:00,0.16
2010-10-27 03:10:00,0.18
2010-10-28 03:10:00,0.19
2010-10-29 03:10:00,0.19
2010-10-30 03:10:00,0.19
2010-10-31 03:10:00,0.19
2010-11-01 02:11:00,0.19
2010-11-02 02:11:00,0.19
2010-11-03 02:11:00,0.19
2010-11-04 02:11:00,0.21
2010-11-05 02:11:00,0.24
2010-11-06 02:11:00,0.29
2010-11-07 02:11:00,0.36
2010-11-08 02:11:00,0.32
2010-11-09 02:11:00,0.27
2010-11-10 02:11:00,0.20
2010-11-11 02:11:00,0.22
2010-11-12 02:11:00,0.26
2010-11-13 02:11:00,0.29
2010-11-14 02:11:00,0.28
2010-11-15 02:11:00,0.27
2010-11-16 02:11:00,0.25
2010-11-17 02:11:00,0.26
2010-11-18 02:11:00,0.27
2010-11-19 02:11:00,0.27
2010-11-20 02:11:00,0.28
2010-11-21 02:11:00,0.28
2010-11-22 02:11:00,0.28
2010-11-23 02:11:00,0.28
2010-11-24 02:11:00,0.28
2010-11-25 02:11:00,0.28
2010-11-26 02:11:00,0.28
2010-11-27 02:11:00,0.28
2010-11-28 02:11:00,0.28
2010-11-29 02:11:00,0.25
2010-11-30 02:11:00,0.21
2010-12-01 02:12:00,0.21
2010-12-02 02:12:00,0.24
2010-12-03 02:12:00,0.25
2010-12-04 02:12:00,0.23
2010-12-05 02:12:00,0.21
2010-12-06 02:12:00,0.20
2010-12-07 02:12:00,0.22
2010-12-08 02:12:00,0.23
2010-12-09 02:12:00,0.21
2010-12-10 02:12:00,0.19
2010-12-11 02:12:00,0.22
2010-12-12 02:12:00,0.21
2010-12-13 02:12:00,0.22
2010-12-14 02:12:00,0.23
2010-12-15 02:12:00,0.24
2010-12-16 02:12:00,0.25
2010-12-17 02:12:00,0.25
2010-12-18 02:12:00,0.25
2010-12-19 02:12:00,0.24
2010-12-20 02:12:00,0.26
2010-12-21 02:12:00,0.25
2010-12-22 02:12:00,0.25
2010-12-23 02:12:00,0.25
2010-12-24 02:12:00,0.25
2010-12-25 02:12:00,0.25
2010-12-26 02:12:00,0.25
2010-12-27 02:12:00,0.26
2010-12-28 02:12:00,0.27
2010-12-29 02:12:00,0.29
2010-12-30 02:12:00,0.30
2010-12-31 02:12:00,0.29
2011-01-01 02:01:00,0.30
2011-01-02 02:01:00,0.30
2011-01-03 02:01:00,0.30
2011-01-04 02:01:00,0.29
2011-01-05 02:01:00,0.30
2011-01-06 02:01:00,0.30
2011-01-07 02:01:00,0.31
2011-01-08 02:01:00,0.31
2011-01-09 02:01:00,0.32
2011-01-10 02:01:00,0.32
2011-01-11 02:01:00,0.32
2011-01-12 02:01:00,0.34
2011-01-13 02:01:00,0.36
2011-01-14 02:01:00,0.39
2011-01-15 02:01:00,0.39
2011-01-16 02:01:00,0.39
2011-01-17 02:01:00,0.35
2011-01-18 02:01:00,0.32
2011-01-19 02:01:00,0.31
2011-01-20 02:01:00,0.35
2011-01-21 02:01:00,0.40
2011-01-22 02:01:00,0.43
2011-01-23 02:01:00,0.44
2011-01-24 02:01:00,0.41
2011-01-25 02:01:00,0.42
2011-01-26 02:01:00,0.41
2011-01-27 02:01:00,0.44
2011-01-28 02:01:00,0.43
2011-01-29 02:01:00,0.44
2011-01-30 02:01:00,0.46
2011-01-31 02:01:00,0.51
2011-02-01 02:02:00,0.74
2011-02-02 02:02:00,0.73
2011-02-03 02:02:00,0.71
2011-02-04 02:02:00,0.80
2011-02-05 02:02:00,0.86
2011-02-06 02:02:00,0.87
2011-02-07 02:02:00,0.86
2011-02-08 02:02:00,0.90
2011-02-09 02:02:00,0.96
2011-02-10 02:02:00,0.96
2011-02-11 02:02:00,0.99
2011-02-12 02:02:00,1.06
2011-02-13 02:02:00,1.05
2011-02-14 02:02:00,1.06
2011-02-15 02:02:00,1.05
2011-02-16 02:02:00,1.04
2011-02-17 02:02:00,1.04
2011-02-18 02:02:00,0.89
2011-02-19 02:02:00,0.91
2011-02-20 02:02:00,0.85
2011-02-21 02:02:00,0.84
2011-02-22 02:02:00,0.88
2011-02-23 02:02:00,0.90
2011-02-24 02:02:00,0.95
2011-02-25 02:02:00,0.96
2011-02-26 02:02:00,0.94
2011-02-27 02:02:00,0.93
2011-02-28 02:02:00,0.88
2011-03-01 02:03:00,0.95
2011-03-02 02:03:00,0.92
2011-03-03 02:03:00,0.92
2011-03-04 02:03:00,0.91
2011-03-05 02:03:00,0.88
2011-03-06 02:03:00,0.85
2011-03-07 02:03:00,0.89
2011-03-08 02:03:00,0.87
2011-03-09 02:03:00,0.85
2011-03-10 02:03:00,0.89
2011-03-11 02:03:00,0.89
2011-03-12 02:03:00,0.90
2011-03-13 02:03:00,0.90
2011-03-14 02:03:00,0.89
2011-03-15 02:03:00,0.88
2011-03-16 02:03:00,0.85
2011-03-17 02:03:00,0.84
2011-03-18 02:03:00,0.77
2011-03-19 02:03:00,0.76
2011-03-20 02:03:00,0.77
2011-03-21 02:03:00,0.75
2011-03-22 02:03:00,0.78
2011-03-23 02:03:00,0.83
2011-03-24 02:03:00,0.88
2011-03-25 02:03:00,0.88
2011-03-26 02:03:00,0.87
2011-03-27 02:03:00,0.83
2011-03-28 03:03:00,0.81
2011-03-29 03:03:00,0.79
2011-03-30 03:03:00,0.79
2011-03-31 03:03:00,0.79
2011-04-01 03:04:00,0.78
2011-04-02 03:04:00,0.79
2011-04-03 03:04:00,0.78
2011-04-04 03:04:00,0.69
2011-04-05 03:04:00,0.67
2011-04-06 03:04:00,0.72
2011-04-07 03:04:00,0.75
2011-04-08 03:04:00,0.76
2011-04-09 03:04:00,0.74
2011-04-10 03:04:00,0.74
2011-04-11 03:04:00,0.77
2011-04-12 03:04:00,0.85
2011-04-13 03:04:00,0.93
2011-04-14 03:04:00,0.95
2011-04-15 03:04:00,1.00
2011-04-16 03:04:00,1.04
2011-04-17 03:04:00,1.08
2011-04-18 03:04:00,1.15
2011-04-19 03:04:00,1.18
2011-04-20 03:04:00,1.16
2011-04-21 03:04:00,1.18
2011-04-22 03:04:00,1.29
2011-04-23 03:04:00,1.55
2011-04-24 03:04:00,1.67
2011-04-25 03:04:00,1.58
2011-04-26 03:04:00,1.67
2011-04-27 03:04:00,1.89
2011-04-28 03:04:00,2.03
2011-04-29 03:04:00,2.59
2011-04-30 03:04:00,3.29
2011-05-01 03:05:00,3.14
2011-05-02 03:05:00,3.24
2011-05-03 03:05:00,3.32
2011-05-04 03:05:00,3.44
2011-05-05 03:05:00,3.41
2011-05-06 03:05:00,3.48
2011-05-07 03:05:00,3.61
2011-05-08 03:05:00,3.77
2011-05-09 03:05:00,3.80
2011-05-10 03:05:00,4.74
2011-05-11 03:05:00,5.35
2011-05-12 03:05:00,5.83
2011-05-13 03:05:00,7.48
2011-05-14 03:05:00,7.86
2011-05-15 03:05:00,6.74
2011-05-16 03:05:00,7.77
2011-05-17 03:05:00,7.52
2011-05-18 03:05:00,7.14
2011-05-19 03:05:00,6.96
2011-05-20 03:05:00,6.28
2011-05-21 03:05:00,5.97
2011-05-22 03:05:00,6.47
2011-05-23 03:05:00,7.10
2011-05-24 03:05:00,7.23
2011-05-25 03:05:00,7.98
2011-05-26 03:05:00,8.55
2011-05-27 03:05:00,8.67
2011-05-28 03:05:00,8.45
2011-05-29 03:05:00,8.30
2011-05-30 03:05:00,8.72
2011-05-31 03:05:00,8.88
2011-06-01 03:06:00,9.21
2011-06-02 03:06:00,10.11
2011-06-03 03:06:00,13.08
2011-06-04 03:06:00,16.41
2011-06-05 03:06:00,17.32
2011-06-06 03:06:00,18.46
2011-06-07 03:06:00,19.90
2011-06-08 03:06:00,27.25
2011-06-09 03:06:00,29.58
2011-06-10 03:06:00,24.67
2011-06-11 03:06:00,17.61
2011-06-12 03:06:00,16.21
2011-06-13 03:06:00,20.11
2011-06-14 03:06:00,19.25
2011-06-15 03:06:00,19.68
2011-06-16 03:06:00,18.86
2011-06-17 03:06:00,15.51
2011-06-18 03:06:00,16.04
2011-06-19 03:06:00,17.77
2011-06-26 03:06:00,15.59
2011-06-27 03:06:00,17.01
2011-06-28 03:06:00,16.93
2011-06-29 03:06:00,16.88
2011-06-30 03:06:00,16.51
2011-07-01 03:07:00,15.90
2011-07-02 03:07:00,15.53
2011-07-03 03:07:00,15.48
2011-07-04 03:07:00,14.48
2011-07-05 03:07:00,12.80
2011-07-06 03:07:00,14.80
2011-07-07 03:07:00,15.16
2011-07-08 03:07:00,14.35
2011-07-09 03:07:00,14.39
2011-07-10 03:07:00,15.08
2011-07-11 03:07:00,14.37
2011-07-12 03:07:00,14.15
2011-07-13 03:07:00,14.03
2011-07-14 03:07:00,13.93
2011-07-15 03:07:00,13.90
2011-07-16 03:07:00,13.62
2011-07-17 03:07:00,13.34
2011-07-18 03:07:00,13.03
2011-07-19 03:07:00,14.04
2011-07-20 03:07:00,13.69
2011-07-21 03:07:00,13.66
2011-07-22 03:07:00,13.65
2011-07-23 03:07:00,13.64
2011-07-24 03:07:00,13.86
2011-07-25 03:07:00,14.20
2011-07-26 03:07:00,13.91
2011-07-27 03:07:00,13.96
2011-07-28 03:07:00,13.61
2011-07-29 03:07:00,13.51
2011-07-30 03:07:00,13.53
2011-07-31 03:07:00,13.52
2011-08-01 03:08:00,13.17
2011-08-02 03:08:00,12.39
2011-08-03 03:08:00,10.45
2011-08-04 03:08:00,10.58
2011-08-05 03:08:00,10.27
2011-08-06 03:08:00,7.82
2011-08-07 03:08:00,7.72
2011-08-08 03:08:00,7.74
2011-08-09 03:08:00,9.72
2011-08-10 03:08:00,10.00
2011-08-11 03:08:00,9.47
2011-08-12 03:08:00,9.32
2011-08-13 03:08:00,9.80
2011-08-14 03:08:00,10.61
2011-08-15 03:08:00,11.30
2011-08-16 03:08:00,11.05
2011-08-17 03:08:00,10.88
2011-08-18 03:08:00,10.90
2011-08-19 03:08:00,11.40
2011-08-20 03:08:00,11.49
2011-08-21 03:08:00,11.38
2011-08-22 03:08:00,11.03
2011-08-23 03:08:00,11.03
2011-08-24 03:08:00,10.94
2011-08-25 03:08:00,10.01
2011-08-26 03:08:00,8.65
2011-08-27 03:08:00,8.63
2011-08-28 03:08:00,8.97
2011-08-29 03:08:00,8.93
2011-08-30 03:08:00,8.78
2011-08-31 03:08:00,8.35
2011-09-01 03:09:00,8.22
2011-09-02 03:09:00,8.44
2011-09-03 03:09:00,8.53
2011-09-04 03:09:00,8.17
2011-09-05 03:09:00,7.62
2011-09-06 03:09:00,6.73
2011-09-07 03:09:00,7.03
2011-09-08 03:09:00,6.80
2011-09-09 03:09:00,5.31
2011-09-10 03:09:00,5.03
2011-09-11 03:09:00,6.07
2011-09-12 03:09:00,6.04
2011-09-13 03:09:00,5.84
2011-09-14 03:09:00,5.56
2011-09-15 03:09:00,4.98
2011-09-16 03:09:00,4.82
2011-09-17 03:09:00,4.81
2011-09-18 03:09:00,5.14
2011-09-19 03:09:00,5.29
2011-09-20 03:09:00,6.11
2011-09-21 03:09:00,5.63
2011-09-22 03:09:00,5.54
2011-09-23 03:09:00,5.61
2011-09-24 03:09:00,5.45
2011-09-25 03:09:00,5.41
2011-09-26 03:09:00,4.96
2011-09-27 03:09:00,4.92
2011-09-28 03:09:00,4.77
2011-09-29 03:09:00,4.74
2011-09-30 03:09:00,5.02
2011-10-01 03:10:00,5.05
2011-10-02 03:10:00,4.98
2011-10-03 03:10:00,4.97
2011-10-04 03:10:00,4.96
2011-10-05 03:10:00,4.90
2011-10-06 03:10:00,4.69
2011-10-07 03:10:00,4.29
2011-10-08 03:10:00,4.03
2011-10-09 03:10:00,4.19
2011-10-10 03:10:00,4.10
2011-10-11 03:10:00,3.95
2011-10-12 03:10:00,4.07
2011-10-13 03:10:00,4.08
2011-10-14 03:10:00,4.01
2011-10-15 03:10:00,3.89
2011-10-16 03:10:00,3.64
2011-10-17 03:10:00,2.85
2011-10-18 03:10:00,2.62
2011-10-19 03:10:00,2.28
2011-10-20 03:10:00,2.31
2011-10-21 03:10:00,2.54
2011-10-22 03:10:00,3.01
2011-10-23 03:10:00,3.08
2011-10-24 03:10:00,2.81
2011-10-25 03:10:00,2.74
2011-10-26 03:10:00,2.75
2011-10-27 03:10:00,2.92
2011-10-28 03:10:00,3.11
2011-10-29 03:10:00,3.54
2011-10-30 03:10:00,3.38
2011-10-31 02:10:00,3.19
2011-11-01 02:11:00,3.19
2011-11-02 02:11:00,3.23
2011-11-03 02:11:00,3.21
2011-11-04 02:11:00,3.13
2011-11-05 02:11:00,3.01
2011-11-06 02:11:00,2.96
2011-11-07 02:11:00,3.00
2011-11-08 02:11:00,3.09
2011-11-09 02:11:00,3.00
2011-11-10 02:11:00,2.87
2011-11-11 02:11:00,2.97
2011-11-12 02:11:00,3.06
2011-11-13 02:11:00,3.00
2011-11-14 02:11:00,2.51
2011-11-15 02:11:00,2.30
2011-11-16 02:11:00,2.46
2011-11-17 02:11:00,2.23
2011-11-18 02:11:00,2.14
2011-11-19 02:11:00,2.17
2011-11-20 02:11:00,2.28
2011-11-21 02:11:00,2.23
2011-11-22 02:11:00,2.31
2011-11-23 02:11:00,2.32
2011-11-24 02:11:00,2.42
2011-11-25 02:11:00,2.47
2011-11-26 02:11:00,2.48
2011-11-27 02:11:00,2.46
2011-11-28 02:11:00,2.51
2011-11-29 02:11:00,2.79
2011-11-30 02:11:00,2.91
2011-12-01 02:12:00,3.05
2011-12-02 02:12:00,3.10
2011-12-03 02:12:00,2.93
2011-12-04 02:12:00,2.75
2011-12-05 02:12:00,2.87
2011-12-06 02:12:00,2.98
2011-12-07 02:12:00,3.00
2011-12-08 02:12:00,2.95
2011-12-09 02:12:00,2.99
2011-12-10 02:12:00,3.04
2011-12-11 02:12:00,3.20
2011-12-12 02:12:00,3.18
2011-12-13 02:12:00,3.21
2011-12-14 02:12:00,3.12
2011-12-15 02:12:00,3.17
2011-12-16 02:12:00,3.18
2011-12-17 02:12:00,3.19
2011-12-18 02:12:00,3.20
2011-12-19 02:12:00,3.41
2011-12-20 02:12:00,3.97
2011-12-21 02:12:00,3.93
2011-12-22 02:12:00,3.79
2011-12-23 02:12:00,3.90
2011-12-24 02:12:00,3.92
2011-12-25 02:12:00,4.14
2011-12-26 02:12:00,4.04
2011-12-27 02:12:00,4.03
2011-12-28 02:12:00,4.14
2011-12-29 02:12:00,4.22
2011-12-30 02:12:00,4.19
2011-12-31 02:12:00,4.60
2012-01-01 02:01:00,5.10
2012-01-02 02:01:00,5.21
2012-01-03 02:01:00,4.95
2012-01-04 02:01:00,5.25
2012-01-05 02:01:00,6.20
2012-01-06 02:01:00,6.79
2012-01-07 02:01:00,6.72
2012-01-08 02:01:00,7.05
2012-01-09 02:01:00,6.47
2012-01-10 02:01:00,6.40
2012-01-11 02:01:00,6.81
2012-01-12 02:01:00,6.74
2012-01-13 02:01:00,6.61
2012-01-14 02:01:00,6.59
2012-01-15 02:01:00,6.90
2012-01-16 02:01:00,6.83
2012-01-17 02:01:00,6.04
2012-01-18 02:01:00,5.98
2012-01-19 02:01:00,6.18
2012-01-20 02:01:00,6.44
2012-01-21 02:01:00,6.29
2012-01-22 02:01:00,6.29
2012-01-23 02:01:00,6.31
2012-01-24 02:01:00,6.30
2012-01-25 02:01:00,5.88
2012-01-26 02:01:00,5.59
2012-01-27 02:01:00,5.29
2012-01-28 02:01:00,5.57
2012-01-29 02:01:00,5.48
2012-01-30 02:01:00,5.51
2012-01-31 02:01:00,5.53
2012-02-01 02:02:00,5.82
2012-02-02 02:02:00,6.03
2012-02-03 02:02:00,5.92
2012-02-04 02:02:00,5.92
2012-02-05 02:02:00,5.68
2012-02-06 02:02:00,5.55
2012-02-07 02:02:00,5.62
2012-02-08 02:02:00,5.64
2012-02-09 02:02:00,5.75
2012-02-10 02:02:00,5.88
2012-02-11 02:02:00,5.70
2012-02-12 02:02:00,5.60
2012-02-13 02:02:00,5.34
2012-02-14 02:02:00,4.70
2012-02-15 02:02:00,4.58
2012-02-16 02:02:00,4.19
2012-02-17 02:02:00,4.46
2012-02-18 02:02:00,4.27
2012-02-19 02:02:00,4.35
2012-02-20 02:02:00,4.37
2012-02-21 02:02:00,4.31
2012-02-22 02:02:00,4.44
2012-02-23 02:02:00,4.82
2012-02-24 02:02:00,4.98
2012-02-25 02:02:00,4.88
2012-02-26 02:02:00,4.96
2012-02-27 02:02:00,4.95
2012-02-28 02:02:00,4.87
2012-02-29 02:02:00,4.86
2012-03-01 02:03:00,4.94
2012-03-02 02:03:00,4.69
2012-03-03 02:03:00,4.68
2012-03-04 02:03:00,4.81
2012-03-05 02:03:00,4.95
2012-03-06 02:03:00,4.98
2012-03-07 02:03:00,4.93
2012-03-08 02:03:00,4.87
2012-03-09 02:03:00,4.90
2012-03-10 02:03:00,4.82
2012-03-11 02:03:00,4.91
2012-03-12 02:03:00,4.91
2012-03-13 02:03:00,5.16
2012-03-14 02:03:00,5.37
2012-03-15 02:03:00,5.33
2012-03-16 02:03:00,5.35
2012-03-17 02:03:00,5.32
2012-03-18 02:03:00,5.26
2012-03-19 02:03:00,4.88
2012-03-20 02:03:00,4.79
2012-03-21 02:03:00,4.82
2012-03-22 02:03:00,4.76
2012-03-23 02:03:00,4.70
2012-03-24 02:03:00,4.65
2012-03-25 02:03:00,4.50
2012-03-26 03:03:00,4.65
2012-03-27 03:03:00,4.67
2012-03-28 03:03:00,4.79
2012-03-29 03:03:00,4.77
2012-03-30 03:03:00,4.80
2012-03-31 03:03:00,4.89
2012-04-01 03:04:00,4.79
2012-04-02 03:04:00,4.94
2012-04-03 03:04:00,4.90
2012-04-04 03:04:00,4.93
2012-04-05 03:04:00,4.91
2012-04-06 03:04:00,4.94
2012-04-07 03:04:00,4.80
2012-04-08 03:04:00,4.72
2012-04-09 03:04:00,4.78
2012-04-10 03:04:00,4.83
2012-04-11 03:04:00,4.89
2012-04-12 03:04:00,4.89
2012-04-13 03:04:00,4.86
2012-04-14 03:04:00,4.98
2012-04-15 03:04:00,4.92
2012-04-16 03:04:00,4.95
2012-04-17 03:04:00,4.96
2012-04-18 03:04:00,5.08
2012-04-19 03:04:00,5.15
2012-04-20 03:04:00,5.23
2012-04-21 03:04:00,5.27
2012-04-22 03:04:00,5.18
2012-04-23 03:04:00,5.12
2012-04-24 03:04:00,5.07
2012-04-25 03:04:00,5.13
2012-04-26 03:04:00,5.08
2012-04-27 03:04:00,5.08
2012-04-28 03:04:00,4.96
2012-04-29 03:04:00,4.94
2012-04-30 03:04:00,4.94
2012-05-01 03:05:00,4.96
2012-05-02 03:05:00,5.08
2012-05-03 03:05:00,5.09
2012-05-04 03:05:00,5.12
2012-05-05 03:05:00,5.07
2012-05-06 03:05:00,5.05
2012-05-07 03:05:00,5.04
2012-05-08 03:05:00,5.03
2012-05-09 03:05:00,5.05
2012-05-10 03:05:00,4.96
2012-05-11 03:05:00,4.93
2012-05-12 03:05:00,4.95
2012-05-13 03:05:00,4.96
2012-05-14 03:05:00,4.99
2012-05-15 03:05:00,5.01
2012-05-16 03:05:00,5.07
2012-05-17 03:05:00,5.08
2012-05-18 03:05:00,5.10
2012-05-19 03:05:00,5.11
2012-05-20 03:05:00,5.12
2012-05-21 03:05:00,5.10
2012-05-22 03:05:00,5.08
2012-05-23 03:05:00,5.13
2012-05-24 03:05:00,5.12
2012-05-25 03:05:00,5.13
2012-05-26 03:05:00,5.12
2012-05-27 03:05:00,5.12
2012-05-28 03:05:00,5.13
2012-05-29 03:05:00,5.11
2012-05-30 03:05:00,5.14
2012-05-31 03:05:00,5.16
2012-06-01 03:06:00,5.24
2012-06-02 03:06:00,5.24
2012-06-03 03:06:00,5.22
2012-06-04 03:06:00,5.23
2012-06-05 03:06:00,5.39
2012-06-06 03:06:00,5.44
2012-06-07 03:06:00,5.50
2012-06-08 03:06:00,5.62
2012-06-09 03:06:00,5.57
2012-06-10 03:06:00,5.49
2012-06-11 03:06:00,5.51
2012-06-12 03:06:00,5.60
2012-06-13 03:06:00,5.86
2012-06-14 03:06:00,5.90
2012-06-15 03:06:00,6.12
2012-06-16 03:06:00,6.46
2012-06-17 03:06:00,6.33
2012-06-18 03:06:00,6.27
2012-06-19 03:06:00,6.44
2012-06-20 03:06:00,6.61
2012-06-21 03:06:00,6.69
2012-06-22 03:06:00,6.58
2012-06-23 03:06:00,6.50
2012-06-24 03:06:00,6.41
2012-06-25 03:06:00,6.32
2012-06-26 03:06:00,6.40
2012-06-27 03:06:00,6.53
2012-06-28 03:06:00,6.59
2012-06-29 03:06:00,6.63
2012-06-30 03:06:00,6.66
2012-07-01 03:07:00,6.60
2012-07-02 03:07:00,6.71
2012-07-03 03:07:00,6.55
2012-07-04 03:07:00,6.51
2012-07-05 03:07:00,6.65
2012-07-06 03:07:00,6.64
2012-07-07 03:07:00,6.77
2012-07-08 03:07:00,6.79
2012-07-09 03:07:00,6.90
2012-07-10 03:07:00,7.10
2012-07-11 03:07:00,7.11
2012-07-12 03:07:00,7.30
2012-07-13 03:07:00,7.63
2012-07-14 03:07:00,7.60
2012-07-15 03:07:00,7.58
2012-07-16 03:07:00,8.08
2012-07-17 03:07:00,8.34
2012-07-18 03:07:00,9.02
2012-07-19 03:07:00,9.09
2012-07-20 03:07:00,8.20
2012-07-21 03:07:00,8.88
2012-07-22 03:07:00,8.62
2012-07-23 03:07:00,8.46
2012-07-24 03:07:00,8.63
2012-07-25 03:07:00,8.59
2012-07-26 03:07:00,8.77
2012-07-27 03:07:00,8.89
2012-07-28 03:07:00,8.86
2012-07-29 03:07:00,8.77
2012-07-30 03:07:00,8.95
2012-07-31 03:07:00,9.24
2012-08-01 03:08:00,9.43
2012-08-02 03:08:00,10.13
2012-08-03 03:08:00,10.73
2012-08-04 03:08:00,11.00
2012-08-05 03:08:00,10.63
2012-08-06 03:08:00,10.90
2012-08-07 03:08:00,10.85
2012-08-08 03:08:00,11.04
2012-08-09 03:08:00,11.33
2012-08-10 03:08:00,11.41
2012-08-11 03:08:00,11.50
2012-08-12 03:08:00,11.64
2012-08-13 03:08:00,11.79
2012-08-14 03:08:00,12.09
2012-08-15 03:08:00,12.61
2012-08-16 03:08:00,13.23
2012-08-17 03:08:00,13.26
2012-08-18 03:08:00,11.87
2012-08-19 03:08:00,9.09
2012-08-20 03:08:00,9.53
2012-08-21 03:08:00,10.03
2012-08-22 03:08:00,9.86
2012-08-23 03:08:00,10.00
2012-08-24 03:08:00,10.27
2012-08-25 03:08:00,10.45
2012-08-26 03:08:00,10.55
2012-08-27 03:08:00,11.18
2012-08-28 03:08:00,10.90
2012-08-29 03:08:00,10.84
2012-08-30 03:08:00,10.76
2012-08-31 03:08:00,10.18
2012-09-01 03:09:00,10.00
2012-09-02 03:09:00,10.05
2012-09-03 03:09:00,10.35
2012-09-04 03:09:00,10.30
2012-09-05 03:09:00,10.75
2012-09-06 03:09:00,10.94
2012-09-07 03:09:00,11.10
2012-09-08 03:09:00,10.98
2012-09-09 03:09:00,11.05
2012-09-10 03:09:00,11.04
2012-09-11 03:09:00,11.11
2012-09-12 03:09:00,11.21
2012-09-13 03:09:00,11.34
2012-09-14 03:09:00,11.58
2012-09-15 03:09:00,11.71
2012-09-16 03:09:00,11.88
2012-09-17 03:09:00,11.90
2012-09-18 03:09:00,12.06
2012-09-19 03:09:00,12.41
2012-09-20 03:09:00,12.48
2012-09-21 03:09:00,12.27
2012-09-22 03:09:00,12.22
2012-09-23 03:09:00,12.00
2012-09-24 03:09:00,12.12
2012-09-25 03:09:00,12.11
2012-09-26 03:09:00,12.23
2012-09-27 03:09:00,12.32
2012-09-28 03:09:00,12.35
2012-09-29 03:09:00,12.40
2012-09-30 03:09:00,12.38
2012-10-01 03:10:00,12.39
2012-10-02 03:10:00,12.63
2012-10-03 03:10:00,12.84
2012-10-04 03:10:00,12.88
2012-10-05 03:10:00,12.75
2012-10-06 03:10:00,12.58
2012-10-07 03:10:00,12.01
2012-10-08 03:10:00,11.26
2012-10-09 03:10:00,11.97
2012-10-10 03:10:00,12.02
2012-10-11 03:10:00,12.03
2012-10-12 03:10:00,12.05
2012-10-13 03:10:00,11.96
2012-10-14 03:10:00,11.84
2012-10-15 03:10:00,11.72
2012-10-16 03:10:00,11.79
2012-10-17 03:10:00,11.88
2012-10-18 03:10:00,11.88
2012-10-19 03:10:00,11.76
2012-10-20 03:10:00,11.72
2012-10-21 03:10:00,11.68
2012-10-22 03:10:00,11.70
2012-10-23 03:10:00,11.73
2012-10-24 03:10:00,11.68
2012-10-25 03:10:00,11.03
2012-10-26 03:10:00,10.31
2012-10-27 03:10:00,10.38
2012-10-28 03:10:00,10.57
2012-10-29 02:10:00,10.65
2012-10-30 02:10:00,10.75
2012-10-31 02:10:00,11.02
2012-11-01 02:11:00,10.93
2012-11-02 02:11:00,10.58
2012-11-03 02:11:00,10.54
2012-11-04 02:11:00,10.67
2012-11-05 02:11:00,10.73
2012-11-06 02:11:00,10.80
2012-11-07 02:11:00,10.98
2012-11-08 02:11:00,10.92
2012-11-09 02:11:00,10.86
2012-11-10 02:11:00,10.85
2012-11-11 02:11:00,10.81
2012-11-12 02:11:00,10.99
2012-11-13 02:11:00,11.00
2012-11-14 02:11:00,10.95
2012-11-15 02:11:00,11.08
2012-11-16 02:11:00,11.49
2012-11-17 02:11:00,11.67
2012-11-18 02:11:00,11.71
2012-11-19 02:11:00,11.72
2012-11-20 02:11:00,11.69
2012-11-21 02:11:00,11.72
2012-11-22 02:11:00,12.07
2012-11-23 02:11:00,12.30
2012-11-24 02:11:00,12.37
2012-11-25 02:11:00,12.49
2012-11-26 02:11:00,12.36
2012-11-27 02:11:00,12.10
2012-11-28 02:11:00,12.28
2012-11-29 02:11:00,12.43
2012-11-30 02:11:00,12.56
2012-12-01 02:12:00,12.58
2012-12-02 02:12:00,12.56
2012-12-03 02:12:00,12.57
2012-12-04 02:12:00,13.03
2012-12-05 02:12:00,13.28
2012-12-06 02:12:00,13.38
2012-12-07 02:12:00,13.35
2012-12-08 02:12:00,13.46
2012-12-09 02:12:00,13.23
2012-12-10 02:12:00,13.42
2012-12-11 02:12:00,13.50
2012-12-12 02:12:00,13.60
2012-12-13 02:12:00,13.70
2012-12-14 02:12:00,13.56
2012-12-15 02:12:00,13.54
2012-12-16 02:12:00,13.35
2012-12-17 02:12:00,13.19
2012-12-18 02:12:00,13.24
2012-12-19 02:12:00,13.40
2012-12-20 02:12:00,13.53
2012-12-21 02:12:00,13.52
2012-12-22 02:12:00,13.42
2012-12-23 02:12:00,13.22
2012-12-24 02:12:00,13.38
2012-12-25 02:12:00,13.31
2012-12-26 02:12:00,13.34
2012-12-27 02:12:00,13.38
2012-12-28 02:12:00,13.45
2012-12-29 02:12:00,13.49
2012-12-30 02:12:00,13.45
2012-12-31 02:12:00,13.48
2013-01-01 02:01:00,13.34
2013-01-02 02:01:00,13.31
2013-01-03 02:01:00,13.36
2013-01-04 02:01:00,13.42
2013-01-05 02:01:00,13.45
2013-01-06 02:01:00,13.46
2013-01-07 02:01:00,13.51
2013-01-08 02:01:00,13.72
2013-01-09 02:01:00,13.74
2013-01-10 02:01:00,14.05
2013-01-11 02:01:00,14.11
2013-01-12 02:01:00,14.17
2013-01-13 02:01:00,14.11
2013-01-14 02:01:00,14.26
2013-01-15 02:01:00,14.20
2013-01-16 02:01:00,14.52
2013-01-17 02:01:00,15.17
2013-01-18 02:01:00,15.68
2013-01-19 02:01:00,15.46
2013-01-20 02:01:00,15.72
2013-01-21 02:01:00,16.38
2013-01-22 02:01:00,17.15
2013-01-23 02:01:00,17.22
2013-01-24 02:01:00,17.75
2013-01-25 02:01:00,16.66
2013-01-26 02:01:00,17.15
2013-01-27 02:01:00,17.65
2013-01-28 02:01:00,18.34
2013-01-29 02:01:00,19.17
2013-01-30 02:01:00,19.48
2013-01-31 02:01:00,20.58
2013-02-01 02:02:00,20.73
2013-02-02 02:02:00,19.47
2013-02-03 02:02:00,20.26
2013-02-04 02:02:00,20.42
2013-02-05 02:02:00,20.57
2013-02-06 02:02:00,21.09
2013-02-07 02:02:00,21.61
2013-02-08 02:02:00,22.42
2013-02-09 02:02:00,23.24
2013-02-10 02:02:00,23.42
2013-02-11 02:02:00,24.13
2013-02-12 02:02:00,25.09
2013-02-13 02:02:00,25.48
2013-02-14 02:02:00,25.46
2013-02-15 02:02:00,26.99
2013-02-16 02:02:00,27.16
2013-02-17 02:02:00,26.40
2013-02-18 02:02:00,26.76
2013-02-19 02:02:00,28.19
2013-02-20 02:02:00,29.47
2013-02-21 02:02:00,29.68
2013-02-22 02:02:00,30.46
2013-02-23 02:02:00,29.05
2013-02-24 02:02:00,29.78
2013-02-25 02:02:00,30.07
2013-02-26 02:02:00,31.01
2013-02-27 02:02:00,31.22
2013-02-28 02:02:00,32.69
2013-03-01 02:03:00,34.24
2013-03-02 02:03:00,33.87
2013-03-03 02:03:00,34.13
2013-03-04 02:03:00,35.47
2013-03-05 02:03:00,39.35
2013-03-06 02:03:00,45.18
2013-03-07 02:03:00,40.93
2013-03-08 02:03:00,43.16
2013-03-09 02:03:00,45.44
2013-03-10 02:03:00,46.84
2013-03-11 02:03:00,47.62
2013-03-12 02:03:00,72.00
2013-03-12 22:03:00,67.79
2013-03-13 14:03:00,52.20
2013-03-13 18:03:00,44.36
2013-03-14 02:03:00,70.32
2013-03-14 10:03:00,51.32
2013-03-14 22:03:00,50.39
2013-03-15 02:03:00,49.79
2013-03-15 06:03:00,48.51
2013-03-15 10:03:00,70.53
2013-03-15 18:03:00,51.17
2013-03-15 22:03:00,48.32
2013-03-16 02:03:00,48.65
2013-03-16 06:03:00,48.58
2013-03-16 18:03:00,50.54
2013-03-16 22:03:00,70.51
2013-03-17 02:03:00,46.35
2013-03-17 06:03:00,49.65
2013-03-17 18:03:00,49.90
2013-03-17 22:03:00,49.37
2013-03-18 02:03:00,49.87
2013-03-18 14:03:00,50.14
2013-03-18 18:03:00,50.19
2013-03-18 22:03:00,50.03
2013-03-19 02:03:00,50.03
2013-03-19 14:03:00,65.81
2013-03-19 18:03:00,60.59
2013-03-19 22:03:00,58.53
2013-03-20 06:03:00,65.04
2013-03-21 02:03:00,51.33
2013-03-21 14:03:00,77.52
2013-03-21 18:03:00,81.55
2013-03-22 02:03:00,106.30
2013-03-22 22:03:00,77.52
2013-03-23 18:03:00,73.71
2013-03-24 06:03:00,68.20
2013-03-24 14:03:00,78.57
2013-03-24 18:03:00,97.92
2013-03-25 02:03:00,75.40
2013-03-25 18:03:00,84.20
2013-03-26 14:03:00,67.20
2013-03-26 18:03:00,77.36
2013-03-27 02:03:00,79.72
2013-03-27 14:03:00,62.25
2013-03-27 18:03:00,89.84
2013-03-27 22:03:00,101.97
2013-03-28 02:03:00,84.69
2013-03-28 18:03:00,100.43
2013-03-29 02:03:00,85.80
2013-03-29 18:03:00,94.76
2013-03-29 22:03:00,92.97
2013-03-30 02:03:00,98.57
2013-03-30 10:03:00,105.82
2013-03-30 14:03:00,98.39
2013-03-30 18:03:00,99.42
2013-03-30 22:03:00,98.72
2013-03-31 02:03:00,95.04
2013-03-31 07:03:00,111.18
2013-03-31 11:03:00,102.40
2013-03-31 15:03:00,100.80
2013-03-31 19:03:00,103.08
2013-03-31 23:03:00,103.90
2013-04-01 15:04:00,109.80
2013-04-01 19:04:00,130.28
2013-04-02 03:04:00,114.26
2013-04-02 07:04:00,122.55
2013-04-02 15:04:00,161.53
2013-04-02 19:04:00,102.87
2013-04-02 23:04:00,116.58
2013-04-03 03:04:00,162.00
2013-04-03 07:04:00,104.00
2013-04-03 19:04:00,149.28
2013-04-04 03:04:00,129.58
2013-04-04 11:04:00,140.70
2013-04-04 15:04:00,95.03
2013-04-04 19:04:00,141.98
2013-04-04 23:04:00,144.25
2013-04-05 03:04:00,139.65
2013-04-05 07:04:00,143.37
2013-04-05 15:04:00,147.34
2013-04-05 19:04:00,154.80
2013-04-05 23:04:00,154.06
2013-04-06 03:04:00,142.03
2013-04-06 15:04:00,148.28
2013-04-06 19:04:00,152.79
2013-04-06 23:04:00,146.33
2013-04-07 11:04:00,166.18
2013-04-07 15:04:00,169.80
2013-04-07 19:04:00,183.75
2013-04-08 15:04:00,199.04
2013-04-08 19:04:00,152.79
2013-04-08 23:04:00,184.26
2013-04-09 03:04:00,197.44
2013-04-09 11:04:00,202.48
2013-04-09 15:04:00,206.05
2013-04-09 19:04:00,230.67
2013-04-09 23:04:00,244.22
2013-04-10 03:04:00,235.51
2013-04-10 11:04:00,373.72
2013-04-10 15:04:00,309.55
2013-04-10 19:04:00,287.60
2013-04-10 23:04:00,205.14
2013-04-11 03:04:00,263.50
2013-04-11 15:04:00,177.62
2013-04-11 19:04:00,216.26
2013-04-11 23:04:00,107.01
2013-04-12 03:04:00,166.58
2013-04-12 07:04:00,99.24
2013-04-12 15:04:00,103.53
2013-04-12 19:04:00,102.99
2013-04-12 23:04:00,98.00
2013-04-13 03:04:00,144.32
2013-04-13 07:04:00,150.00
2013-04-13 15:04:00,207.24
2013-04-13 19:04:00,150.02
2013-04-13 23:04:00,143.90
2013-04-14 03:04:00,150.00
2013-04-14 23:04:00,150.00
2013-04-15 03:04:00,161.40
2013-04-15 15:04:00,113.64
2013-04-15 19:04:00,117.60
2013-04-15 23:04:00,118.14
2013-04-16 03:04:00,96.48
2013-04-16 07:04:00,102.00
2013-04-16 15:04:00,226.10
2013-04-16 19:04:00,89.01
2013-04-16 23:04:00,102.75
2013-04-17 07:04:00,102.00
2013-04-17 15:04:00,129.67
2013-04-17 19:04:00,109.98
2013-04-17 23:04:00,105.27
2013-04-18 03:04:00,134.65
2013-04-18 11:04:00,101.07
2013-04-18 15:04:00,205.74
2013-04-18 19:04:00,105.23
2013-04-18 23:04:00,109.38
2013-04-19 03:04:00,95.29
2013-04-19 07:04:00,124.62
2013-04-19 15:04:00,129.14
2013-04-19 19:04:00,126.77
2013-04-19 23:04:00,145.40
2013-04-20 03:04:00,118.44
2013-04-20 15:04:00,131.75
2013-04-20 23:04:00,133.07
2013-04-21 15:04:00,137.52
2013-04-22 07:04:00,136.11
2013-04-22 23:04:00,133.36
2013-04-23 03:04:00,192.72
2013-04-23 07:04:00,115.49
2013-04-23 19:04:00,150.01
2013-04-23 23:04:00,154.33
2013-04-24 03:04:00,139.85
2013-04-24 07:04:00,159.89
2013-04-24 11:04:00,149.97
2013-04-24 15:04:00,97.66
2013-04-24 19:04:00,171.40
2013-04-24 23:04:00,154.08
2013-04-25 03:04:00,158.00
2013-04-25 19:04:00,160.67
2013-04-25 23:04:00,150.36
2013-04-26 03:04:00,214.72
2013-04-26 07:04:00,116.71
2013-04-26 11:04:00,146.04
2013-04-26 15:04:00,145.07
2013-04-26 23:04:00,144.05
2013-04-27 03:04:00,149.12
2013-04-27 11:04:00,142.60
2013-04-27 15:04:00,203.87
2013-04-27 19:04:00,147.42
2013-04-27 23:04:00,142.18
2013-04-28 07:04:00,138.25
2013-04-28 19:04:00,155.03
2013-04-28 23:04:00,122.13
2013-04-29 11:04:00,149.55
2013-04-29 15:04:00,161.31
2013-04-29 19:04:00,155.74
2013-04-30 03:04:00,178.07
2013-04-30 07:04:00,155.70
2013-04-30 15:04:00,151.99
2013-04-30 23:04:00,136.78
2013-05-01 03:05:00,131.87
2013-05-01 19:05:00,171.70
2013-05-01 23:05:00,145.40
2013-05-02 03:05:00,131.97
2013-05-02 07:05:00,134.78
2013-05-02 11:05:00,127.46
2013-05-02 15:05:00,127.04
2013-05-02 19:05:00,115.94
2013-05-02 23:05:00,124.53
2013-05-03 03:05:00,153.79
2013-05-03 07:05:00,103.34
2013-05-03 15:05:00,101.45
2013-05-03 19:05:00,104.57
2013-05-03 23:05:00,101.79
2013-05-04 03:05:00,99.80
2013-05-04 07:05:00,97.81
2013-05-04 11:05:00,113.12
2013-05-04 15:05:00,116.84
2013-05-04 19:05:00,120.30
2013-05-04 23:05:00,130.58
2013-05-05 03:05:00,136.86
2013-05-05 11:05:00,129.78
2013-05-05 15:05:00,158.53
2013-05-05 19:05:00,146.56
2013-05-05 23:05:00,134.29
2013-05-06 03:05:00,151.78
2013-05-06 07:05:00,91.68
2013-05-06 15:05:00,120.02
2013-05-06 19:05:00,146.27
2013-05-06 23:05:00,122.75
2013-05-07 03:05:00,117.60
2013-05-07 07:05:00,102.54
2013-05-07 11:05:00,151.52
2013-05-07 15:05:00,146.68
2013-05-07 19:05:00,128.38
2013-05-07 23:05:00,124.10
2013-05-08 03:05:00,128.49
2013-05-08 15:05:00,127.76
2013-05-08 19:05:00,140.66
2013-05-08 23:05:00,130.62
2013-05-09 03:05:00,130.11
2013-05-09 11:05:00,155.00
2013-05-09 15:05:00,135.60
2013-05-09 19:05:00,133.51
2013-05-09 23:05:00,124.60
2013-05-10 03:05:00,89.58
2013-05-10 07:05:00,117.96
2013-05-10 15:05:00,130.78
2013-05-10 19:05:00,128.83
2013-05-10 23:05:00,124.24
2013-05-11 03:05:00,178.34
2013-05-11 19:05:00,133.82
2013-05-11 23:05:00,138.68
2013-05-12 03:05:00,161.40
2013-05-12 07:05:00,165.48
2013-05-12 11:05:00,134.11
2013-05-12 15:05:00,121.06
2013-05-12 23:05:00,165.37
2013-05-13 03:05:00,133.00
2013-05-13 07:05:00,79.19
2013-05-13 11:05:00,123.96
2013-05-13 15:05:00,134.22
2013-05-13 19:05:00,125.13
2013-05-13 23:05:00,128.63
2013-05-14 03:05:00,158.83
2013-05-14 07:05:00,123.69
2013-05-14 15:05:00,133.70
2013-05-14 19:05:00,147.80
2013-05-14 23:05:00,128.77
2013-05-15 03:05:00,109.06
2013-05-15 07:05:00,101.41
2013-05-15 15:05:00,104.46
2013-05-15 19:05:00,126.85
2013-05-15 23:05:00,122.35
2013-05-16 03:05:00,119.54
2013-05-16 07:05:00,120.90
2013-05-16 11:05:00,124.70
2013-05-16 15:05:00,111.70
2013-05-16 19:05:00,115.48
2013-05-16 23:05:00,126.42
2013-05-17 03:05:00,109.22
2013-05-17 11:05:00,132.24
2013-05-17 15:05:00,130.03
2013-05-17 19:05:00,106.60
2013-05-17 23:05:00,102.23
2013-05-18 03:05:00,129.35
2013-05-18 07:05:00,125.74
2013-05-18 15:05:00,138.44
2013-05-18 19:05:00,109.90
2013-05-18 23:05:00,119.62
2013-05-19 03:05:00,112.81
2013-05-19 07:05:00,127.12
2013-05-19 11:05:00,134.84
2013-05-19 15:05:00,135.42
2013-05-19 19:05:00,132.11
2013-05-19 23:05:00,126.57
2013-05-20 03:05:00,129.47
2013-05-20 07:05:00,97.60
2013-05-20 15:05:00,135.04
2013-05-20 19:05:00,130.00
2013-05-20 23:05:00,124.70
2013-05-21 07:05:00,122.72
2013-05-21 11:05:00,136.62
2013-05-21 15:05:00,126.89
2013-05-21 19:05:00,120.31
2013-05-21 23:05:00,139.05
2013-05-22 03:05:00,135.69
2013-05-22 07:05:00,124.42
2013-05-22 11:05:00,115.43
2013-05-22 15:05:00,130.82
2013-05-22 19:05:00,133.85
2013-05-22 23:05:00,134.03
2013-05-23 03:05:00,126.89
2013-05-23 07:05:00,99.58
2013-05-23 11:05:00,117.52
2013-05-23 15:05:00,129.38
2013-05-23 19:05:00,140.56
2013-05-23 23:05:00,138.22
2013-05-24 07:05:00,126.92
2013-05-24 15:05:00,143.09
2013-05-24 19:05:00,122.60
2013-05-24 23:05:00,143.53
2013-05-25 03:05:00,144.31
2013-05-25 19:05:00,144.22
2013-05-25 23:05:00,119.22
2013-05-26 03:05:00,107.91
2013-05-26 07:05:00,105.04
2013-05-26 11:05:00,140.62
2013-05-26 15:05:00,144.19
2013-05-26 19:05:00,143.65
2013-05-26 23:05:00,133.67
2013-05-27 03:05:00,126.79
2013-05-27 07:05:00,145.00
2013-05-27 19:05:00,140.37
2013-05-27 23:05:00,133.11
2013-05-28 03:05:00,103.57
2013-05-28 19:05:00,149.04
2013-05-28 23:05:00,134.38
2013-05-29 03:05:00,124.47
2013-05-29 15:05:00,133.35
2013-05-29 19:05:00,138.70
2013-05-29 23:05:00,138.64
2013-05-30 03:05:00,143.79
2013-05-30 07:05:00,105.02
2013-05-30 11:05:00,140.13
2013-05-30 15:05:00,145.75
2013-05-30 19:05:00,129.26
2013-05-30 23:05:00,117.23
2013-05-31 03:05:00,134.30
2013-05-31 07:05:00,120.99
2013-05-31 11:05:00,145.00
2013-05-31 15:05:00,133.81
2013-05-31 19:05:00,130.83
2013-05-31 23:05:00,131.78
2013-05-31 23:05:00,135.39
2013-06-01 03:06:00,122.10
2013-06-01 07:06:00,116.08
2013-06-01 19:06:00,134.49
2013-06-01 23:06:00,126.37
2013-06-02 03:06:00,145.00
2013-06-02 07:06:00,150.00
2013-06-02 19:06:00,129.46
2013-06-02 23:06:00,135.25
2013-06-03 03:06:00,125.38
2013-06-03 07:06:00,127.88
2013-06-03 11:06:00,166.49
2013-06-03 15:06:00,126.71
2013-06-03 19:06:00,120.25
2013-06-03 23:06:00,114.95
2013-06-04 03:06:00,124.48
2013-06-04 11:06:00,131.93
2013-06-04 15:06:00,116.69
2013-06-04 19:06:00,118.00
2013-06-04 23:06:00,136.67
2013-06-05 03:06:00,122.84
2013-06-05 07:06:00,154.96
2013-06-05 15:06:00,121.30
2013-06-05 19:06:00,130.47
2013-06-05 23:06:00,130.20
2013-06-06 03:06:00,119.56
2013-06-06 07:06:00,147.60
2013-06-06 11:06:00,145.23
2013-06-06 15:06:00,132.19
2013-06-06 19:06:00,129.64
2013-06-06 23:06:00,120.70
2013-06-07 03:06:00,129.08
2013-06-07 07:06:00,119.15
2013-06-07 11:06:00,123.69
2013-06-07 15:06:00,120.65
2013-06-07 19:06:00,119.15
2013-06-07 23:06:00,120.37
2013-06-08 03:06:00,124.03
2013-06-08 07:06:00,126.86
2013-06-08 15:06:00,116.48
2013-06-08 19:06:00,107.58
2013-06-08 23:06:00,111.17
2013-06-09 03:06:00,109.52
2013-06-09 07:06:00,111.18
2013-06-09 11:06:00,111.19
2013-06-09 15:06:00,107.34
2013-06-09 19:06:00,112.19
2013-06-09 23:06:00,100.19
2013-06-10 07:06:00,91.56
2013-06-10 15:06:00,123.98
2013-06-10 19:06:00,106.33
2013-06-10 23:06:00,117.22
2013-06-11 03:06:00,109.45
2013-06-11 11:06:00,121.96
2013-06-11 15:06:00,120.88
2013-06-11 19:06:00,117.90
2013-06-11 23:06:00,119.38
2013-06-12 03:06:00,112.66
2013-06-12 07:06:00,113.84
2013-06-12 15:06:00,104.23
2013-06-12 19:06:00,115.25
2013-06-12 23:06:00,118.01
2013-06-13 03:06:00,114.62
2013-06-13 07:06:00,110.72
2013-06-13 11:06:00,113.50
2013-06-13 15:06:00,119.90
2013-06-13 19:06:00,110.13
2013-06-13 23:06:00,110.05
2013-06-14 03:06:00,143.16
2013-06-14 07:06:00,79.91
2013-06-14 11:06:00,117.99
2013-06-14 15:06:00,114.07
2013-06-14 19:06:00,105.72
2013-06-14 23:06:00,113.10
2013-06-15 03:06:00,109.23
2013-06-15 11:06:00,112.29
2013-06-15 15:06:00,116.21
2013-06-15 19:06:00,127.21
2013-06-15 23:06:00,108.94
2013-06-16 03:06:00,100.72
2013-06-16 11:06:00,112.00
2013-06-16 15:06:00,107.28
2013-06-16 19:06:00,120.40
2013-06-16 23:06:00,108.58
2013-06-17 03:06:00,113.61
2013-06-17 07:06:00,111.09
2013-06-17 15:06:00,106.96
2013-06-17 19:06:00,110.36
2013-06-17 23:06:00,108.72
2013-06-18 03:06:00,106.61
2013-06-18 07:06:00,108.27
2013-06-18 11:06:00,102.31
2013-06-18 15:06:00,134.92
2013-06-18 19:06:00,111.73
2013-06-18 23:06:00,112.39
2013-06-19 03:06:00,111.33
2013-06-19 07:06:00,108.57
2013-06-19 15:06:00,119.39
2013-06-19 19:06:00,112.84
2013-06-19 23:06:00,126.95
2013-06-20 03:06:00,123.06
2013-06-20 07:06:00,110.19
2013-06-20 11:06:00,105.73
2013-06-20 15:06:00,120.85
2013-06-20 19:06:00,120.37
2013-06-20 23:06:00,122.83
2013-06-21 03:06:00,123.46
2013-06-21 07:06:00,157.99
2013-06-21 15:06:00,128.69
2013-06-21 19:06:00,117.60
2013-06-21 23:06:00,115.95
2013-06-22 03:06:00,122.59
2013-06-22 07:06:00,111.61
2013-06-22 11:06:00,127.31
2013-06-22 15:06:00,130.50
2013-06-22 19:06:00,119.12
2013-06-22 23:06:00,115.80
2013-06-23 03:06:00,124.83
2013-06-23 07:06:00,115.18
2013-06-23 11:06:00,103.13
2013-06-23 15:06:00,125.09
2013-06-23 19:06:00,118.50
2013-06-23 23:06:00,127.10
2013-06-24 03:06:00,114.24
2013-06-24 07:06:00,104.00
2013-06-24 11:06:00,105.47
2013-06-24 15:06:00,111.37
2013-06-24 19:06:00,115.09
2013-06-24 23:06:00,113.52
2013-06-25 03:06:00,106.03
2013-06-25 07:06:00,101.21
2013-06-25 11:06:00,83.92
2013-06-25 15:06:00,118.06
2013-06-25 19:06:00,110.33
2013-06-25 23:06:00,112.02
2013-06-26 03:06:00,103.23
2013-06-26 07:06:00,102.37
2013-06-26 11:06:00,125.68
2013-06-26 15:06:00,113.55
2013-06-26 19:06:00,115.19
2013-06-26 23:06:00,106.41
2013-06-27 03:06:00,112.01
2013-06-27 07:06:00,105.64
2013-06-27 11:06:00,110.55
2013-06-27 15:06:00,115.83
2013-06-27 19:06:00,110.83
2013-06-27 23:06:00,107.85
2013-06-28 03:06:00,104.55
2013-06-28 07:06:00,104.32
2013-06-28 11:06:00,111.01
2013-06-28 15:06:00,104.16
2013-06-28 19:06:00,101.23
2013-06-28 23:06:00,101.51
2013-06-29 03:06:00,96.83
2013-06-29 07:06:00,102.61
2013-06-29 11:06:00,106.80
2013-06-29 15:06:00,99.80
2013-06-29 19:06:00,104.68
2013-06-29 23:06:00,108.18
2013-06-30 03:06:00,109.61
2013-06-30 07:06:00,106.51
2013-06-30 11:06:00,99.68
2013-06-30 15:06:00,135.78
2013-06-30 19:06:00,105.26
2013-06-30 23:06:00,112.14
2013-07-01 03:07:00,105.73
2013-07-01 07:07:00,105.29
2013-07-01 15:07:00,104.77
2013-07-01 19:07:00,98.72
2013-07-01 23:07:00,96.09
2013-07-02 03:07:00,98.91
2013-07-02 07:07:00,90.13
2013-07-02 15:07:00,97.93
2013-07-02 19:07:00,91.94
2013-07-02 23:07:00,93.28
2013-07-03 03:07:00,93.23
2013-07-03 07:07:00,90.27
2013-07-03 11:07:00,102.35
2013-07-03 15:07:00,88.57
2013-07-03 19:07:00,88.76
2013-07-03 23:07:00,88.31
2013-07-04 03:07:00,87.41
2013-07-04 07:07:00,82.45
2013-07-04 15:07:00,88.04
2013-07-04 19:07:00,91.88
2013-07-04 23:07:00,86.90
2013-07-05 03:07:00,82.63
2013-07-05 15:07:00,89.10
2013-07-05 19:07:00,79.39
2013-07-05 23:07:00,79.88
2013-07-06 03:07:00,79.45
2013-07-06 07:07:00,76.55
2013-07-06 11:07:00,62.08
2013-07-06 15:07:00,82.22
2013-07-06 19:07:00,86.43
2013-07-06 23:07:00,79.54
2013-07-07 03:07:00,78.06
2013-07-07 07:07:00,60.05
2013-07-07 11:07:00,72.75
2013-07-07 15:07:00,71.12
2013-07-07 19:07:00,89.66
2013-07-07 23:07:00,78.27
2013-07-08 03:07:00,76.04
2013-07-08 11:07:00,82.09
2013-07-08 15:07:00,81.29
2013-07-08 19:07:00,82.07
2013-07-08 23:07:00,86.21
2013-07-09 03:07:00,81.20
2013-07-09 07:07:00,88.46
2013-07-09 15:07:00,84.85
2013-07-09 19:07:00,85.40
2013-07-09 23:07:00,83.05
2013-07-10 03:07:00,80.20
2013-07-10 07:07:00,82.91
2013-07-10 11:07:00,79.11
2013-07-10 15:07:00,85.28
2013-07-10 19:07:00,81.99
2013-07-10 23:07:00,90.78
2013-07-11 03:07:00,95.01
2013-07-11 07:07:00,96.22
2013-07-11 11:07:00,93.15
2013-07-11 15:07:00,93.14
2013-07-11 19:07:00,91.18
2013-07-11 23:07:00,95.69
2013-07-12 03:07:00,91.06
2013-07-12 07:07:00,95.01
2013-07-12 11:07:00,108.95
2013-07-12 15:07:00,113.79
2013-07-12 19:07:00,106.41
2013-07-12 23:07:00,103.49
2013-07-13 03:07:00,100.87
2013-07-13 07:07:00,90.83
2013-07-13 11:07:00,98.38
2013-07-13 15:07:00,107.81
2013-07-13 19:07:00,104.07
2013-07-13 23:07:00,100.43
2013-07-14 03:07:00,107.04
2013-07-14 07:07:00,112.82
2013-07-14 11:07:00,132.73
2013-07-14 15:07:00,109.62
2013-07-14 19:07:00,107.37
2013-07-14 23:07:00,95.93
2013-07-15 03:07:00,103.61
2013-07-15 07:07:00,101.90
2013-07-15 11:07:00,113.85
2013-07-15 15:07:00,109.78
2013-07-15 19:07:00,106.56
2013-07-15 23:07:00,109.51
2013-07-16 03:07:00,106.83
2013-07-16 07:07:00,109.40
2013-07-16 15:07:00,112.42
2013-07-16 19:07:00,103.60
2013-07-16 23:07:00,103.06
2013-07-17 03:07:00,104.72
2013-07-17 07:07:00,101.22
2013-07-17 11:07:00,109.87
2013-07-17 15:07:00,105.05
2013-07-17 19:07:00,108.40
2013-07-17 23:07:00,98.16
2013-07-18 03:07:00,107.04
2013-07-18 07:07:00,110.05
2013-07-18 11:07:00,126.87
2013-07-18 15:07:00,96.77
2013-07-18 19:07:00,94.75
2013-07-18 23:07:00,100.62
2013-07-19 03:07:00,102.10
2013-07-19 07:07:00,91.99
2013-07-19 11:07:00,103.76
2013-07-19 15:07:00,98.77
2013-07-19 19:07:00,99.69
2013-07-19 23:07:00,100.34
2013-07-20 03:07:00,93.69
2013-07-20 07:07:00,98.92
2013-07-20 11:07:00,102.97
2013-07-20 15:07:00,103.99
2013-07-20 19:07:00,102.81
2013-07-20 23:07:00,98.55
2013-07-21 03:07:00,108.00
2013-07-21 07:07:00,118.35
2013-07-21 11:07:00,93.24
2013-07-21 15:07:00,108.47
2013-07-21 19:07:00,96.48
2013-07-21 23:07:00,100.86
2013-07-22 03:07:00,103.53
2013-07-22 07:07:00,101.78
2013-07-22 15:07:00,103.14
2013-07-22 19:07:00,96.49
2013-07-22 23:07:00,99.61
2013-07-23 03:07:00,101.16
2013-07-23 07:07:00,103.00
2013-07-23 11:07:00,102.93
2013-07-23 15:07:00,107.52
2013-07-23 19:07:00,102.58
2013-07-23 23:07:00,96.82
2013-07-24 03:07:00,107.73
2013-07-24 07:07:00,103.41
2013-07-24 11:07:00,102.41
2013-07-24 15:07:00,104.84
2013-07-24 19:07:00,100.58
2013-07-24 23:07:00,99.17
2013-07-25 03:07:00,100.94
2013-07-25 07:07:00,101.46
2013-07-25 11:07:00,113.12
2013-07-25 15:07:00,106.40
2013-07-25 19:07:00,97.30
2013-07-25 23:07:00,103.61
2013-07-26 03:07:00,104.77
2013-07-26 07:07:00,118.17
2013-07-26 11:07:00,100.89
2013-07-26 15:07:00,104.60
2013-07-26 19:07:00,103.90
2013-07-26 23:07:00,102.14
2013-07-27 03:07:00,103.10
2013-07-27 07:07:00,105.60
2013-07-27 11:07:00,100.47
2013-07-27 15:07:00,104.90
2013-07-27 19:07:00,102.66
2013-07-27 23:07:00,90.63
2013-07-28 03:07:00,105.00
2013-07-28 07:07:00,102.66
2013-07-28 11:07:00,120.18
2013-07-28 15:07:00,106.99
2013-07-28 19:07:00,108.55
2013-07-28 23:07:00,114.05
2013-07-29 03:07:00,101.84
2013-07-29 07:07:00,107.05
2013-07-29 11:07:00,131.06
2013-07-29 15:07:00,106.82
2013-07-29 19:07:00,107.62
2013-07-29 23:07:00,108.38
2013-07-30 03:07:00,102.85
2013-07-30 07:07:00,102.34
2013-07-30 11:07:00,103.66
2013-07-30 15:07:00,111.24
2013-07-30 19:07:00,106.94
2013-07-30 23:07:00,106.07
2013-07-31 03:07:00,110.77
2013-07-31 07:07:00,105.45
2013-07-31 11:07:00,115.08
2013-07-31 15:07:00,123.53
2013-07-31 19:07:00,108.76
2013-07-31 23:07:00,110.88
2013-08-01 03:08:00,115.31
2013-08-01 07:08:00,107.15
2013-08-01 11:08:00,112.75
2013-08-01 15:08:00,112.55
2013-08-01 19:08:00,110.08
2013-08-01 23:08:00,97.90
2013-08-02 03:08:00,110.37
2013-08-02 07:08:00,115.67
2013-08-02 11:08:00,112.05
2013-08-02 15:08:00,106.42
2013-08-02 19:08:00,111.41
2013-08-02 23:08:00,107.80
2013-08-03 03:08:00,90.31
2013-08-03 07:08:00,112.72
2013-08-03 11:08:00,133.39
2013-08-03 15:08:00,115.31
2013-08-03 19:08:00,110.54
2013-08-03 23:08:00,109.25
2013-08-04 03:08:00,107.14
2013-08-04 07:08:00,118.77
2013-08-04 11:08:00,141.74
2013-08-04 15:08:00,116.33
2013-08-04 19:08:00,117.15
2013-08-04 23:08:00,109.33
2013-08-05 03:08:00,109.80
2013-08-05 07:08:00,106.19
2013-08-05 11:08:00,109.39
2013-08-05 15:08:00,112.60
2013-08-05 19:08:00,111.11
2013-08-05 23:08:00,112.77
2013-08-06 03:08:00,108.29
2013-08-06 07:08:00,110.89
2013-08-06 11:08:00,100.63
2013-08-06 15:08:00,115.83
2013-08-06 19:08:00,101.97
2013-08-06 23:08:00,108.87
2013-08-07 03:08:00,106.63
2013-08-07 07:08:00,106.37
2013-08-07 11:08:00,145.86
2013-08-07 15:08:00,110.24
2013-08-07 19:08:00,108.11
2013-08-07 23:08:00,107.23
2013-08-08 03:08:00,103.40
2013-08-08 07:08:00,116.37
2013-08-08 11:08:00,103.48
2013-08-08 15:08:00,106.59
2013-08-08 19:08:00,106.01
2013-08-08 23:08:00,104.79
2013-08-09 03:08:00,89.63
2013-08-09 07:08:00,109.66
2013-08-09 11:08:00,105.07
2013-08-09 15:08:00,105.88
2013-08-09 19:08:00,105.33
2013-08-09 23:08:00,103.94
2013-08-10 03:08:00,104.40
2013-08-10 07:08:00,94.86
2013-08-10 11:08:00,103.30
2013-08-10 15:08:00,108.13
2013-08-10 19:08:00,102.94
2013-08-10 23:08:00,102.85
2013-08-11 03:08:00,111.60
2013-08-11 07:08:00,111.08
2013-08-11 11:08:00,110.80
2013-08-11 15:08:00,104.33
2013-08-11 19:08:00,107.49
2013-08-11 23:08:00,110.12
2013-08-12 03:08:00,110.78
2013-08-12 07:08:00,105.72
2013-08-12 11:08:00,110.71
2013-08-12 15:08:00,107.22
2013-08-12 19:08:00,106.02
2013-08-12 23:08:00,107.50
2013-08-13 03:08:00,108.35
2013-08-13 07:08:00,107.38
2013-08-13 11:08:00,108.12
2013-08-13 15:08:00,108.36
2013-08-13 19:08:00,107.13
2013-08-13 23:08:00,110.96
2013-08-14 03:08:00,92.66
2013-08-14 07:08:00,115.58
2013-08-14 11:08:00,110.66
2013-08-14 15:08:00,110.64
2013-08-14 19:08:00,110.99
2013-08-14 23:08:00,112.39
2013-08-15 03:08:00,115.80
2013-08-15 07:08:00,105.16
2013-08-15 11:08:00,107.32
2013-08-15 15:08:00,108.84
2013-08-15 19:08:00,108.21
2013-08-15 23:08:00,109.84
2013-08-16 03:08:00,105.19
2013-08-16 07:08:00,113.81
2013-08-16 11:08:00,111.93
2013-08-16 15:08:00,115.14
2013-08-16 19:08:00,107.93
2013-08-16 23:08:00,108.16
2013-08-17 03:08:00,109.23
2013-08-17 07:08:00,107.02
2013-08-17 11:08:00,104.17
2013-08-17 15:08:00,108.57
2013-08-17 19:08:00,111.43
2013-08-17 23:08:00,112.82
2013-08-18 03:08:00,109.96
2013-08-18 07:08:00,130.17
2013-08-18 11:08:00,116.84
2013-08-18 15:08:00,112.56
2013-08-18 19:08:00,116.55
2013-08-18 23:08:00,112.98
2013-08-19 03:08:00,109.39
2013-08-19 07:08:00,110.41
2013-08-19 11:08:00,118.24
2013-08-19 15:08:00,112.62
2013-08-19 19:08:00,113.65
2013-08-19 23:08:00,111.20
2013-08-20 03:08:00,114.93
2013-08-20 07:08:00,113.09
2013-08-20 11:08:00,117.33
2013-08-20 15:08:00,115.05
2013-08-20 19:08:00,114.86
2013-08-20 23:08:00,113.55
2013-08-21 03:08:00,122.03
2013-08-21 07:08:00,141.39
2013-08-21 11:08:00,119.36
2013-08-21 15:08:00,117.33
2013-08-21 19:08:00,117.41
2013-08-21 23:08:00,121.65
2013-08-22 03:08:00,119.57
2013-08-22 07:08:00,117.67
2013-08-22 11:08:00,120.01
2013-08-22 15:08:00,118.30
2013-08-22 19:08:00,116.16
2013-08-22 23:08:00,112.51
2013-08-23 03:08:00,117.92
2013-08-23 07:08:00,117.66
2013-08-23 11:08:00,118.81
2013-08-23 15:08:00,116.86
2013-08-23 19:08:00,116.04
2013-08-23 23:08:00,114.40
2013-08-24 03:08:00,110.86
2013-08-24 07:08:00,122.67
2013-08-24 11:08:00,124.71
2013-08-24 15:08:00,116.82
2013-08-24 19:08:00,119.67
2013-08-24 23:08:00,111.23
2013-08-25 03:08:00,110.46
2013-08-25 07:08:00,125.95
2013-08-25 11:08:00,114.33
2013-08-25 15:08:00,129.38
2013-08-25 19:08:00,117.93
2013-08-25 23:08:00,121.26
2013-08-26 03:08:00,121.30
2013-08-26 07:08:00,121.84
2013-08-26 11:08:00,117.56
2013-08-26 15:08:00,119.51
2013-08-26 19:08:00,120.31
2013-08-26 23:08:00,119.71
2013-08-27 03:08:00,121.75
2013-08-27 07:08:00,125.96
2013-08-27 11:08:00,132.31
2013-08-27 15:08:00,124.21
2013-08-27 19:08:00,125.44
2013-08-27 23:08:00,125.26
2013-08-28 03:08:00,126.06
2013-08-28 07:08:00,127.58
2013-08-28 11:08:00,125.24
2013-08-28 15:08:00,128.59
2013-08-28 19:08:00,128.36
2013-08-28 23:08:00,127.70
2013-08-29 03:08:00,130.86
2013-08-29 07:08:00,131.98
2013-08-29 11:08:00,121.23
2013-08-29 15:08:00,126.98
2013-08-29 19:08:00,126.92
2013-08-29 23:08:00,126.52
2013-08-30 03:08:00,123.31
2013-08-30 07:08:00,125.44
2013-08-30 11:08:00,121.83
2013-08-30 15:08:00,128.07
2013-08-30 19:08:00,128.13
2013-08-30 23:08:00,131.32
2013-08-31 03:08:00,134.16
2013-08-31 07:08:00,132.67
2013-08-31 11:08:00,132.68
2013-08-31 15:08:00,139.19
2013-08-31 19:08:00,139.37
2013-08-31 23:08:00,143.52
2013-09-01 03:09:00,134.36
2013-09-01 07:09:00,146.12
2013-09-01 11:09:00,132.46
2013-09-01 15:09:00,141.29
2013-09-01 19:09:00,153.23
2013-09-01 23:09:00,141.48
2013-09-02 03:09:00,153.96
2013-09-02 07:09:00,145.47
2013-09-02 11:09:00,139.70
2013-09-02 15:09:00,152.40
2013-09-02 19:09:00,155.14
2013-09-02 23:09:00,144.11
2013-09-03 03:09:00,144.99
2013-09-03 07:09:00,140.54
2013-09-03 11:09:00,154.02
2013-09-03 15:09:00,136.25
2013-09-03 19:09:00,137.89
2013-09-03 23:09:00,138.81
2013-09-04 03:09:00,143.11
2013-09-04 07:09:00,138.02
2013-09-04 11:09:00,144.44
2013-09-04 15:09:00,142.73
2013-09-04 19:09:00,137.71
2013-09-04 23:09:00,132.64
2013-09-05 03:09:00,131.64
2013-09-05 07:09:00,129.20
2013-09-05 11:09:00,128.11
2013-09-05 15:09:00,125.35
2013-09-05 19:09:00,131.16
2013-09-05 23:09:00,128.26
2013-09-06 03:09:00,131.39
2013-09-06 07:09:00,131.26
2013-09-06 11:09:00,125.45
2013-09-06 15:09:00,130.73
2013-09-06 19:09:00,127.23
2013-09-06 23:09:00,125.43
2013-09-07 03:09:00,132.62
2013-09-07 07:09:00,138.72
2013-09-07 11:09:00,155.32
2013-09-07 15:09:00,128.84
2013-09-07 19:09:00,135.17
2013-09-07 23:09:00,125.27
2013-09-08 03:09:00,128.28
2013-09-08 07:09:00,125.56
2013-09-08 11:09:00,176.19
2013-09-08 15:09:00,126.65
2013-09-08 19:09:00,139.70
2013-09-08 23:09:00,130.80
2013-09-09 03:09:00,131.12
2013-09-09 07:09:00,122.43
2013-09-09 11:09:00,126.84
2013-09-09 15:09:00,127.58
2013-09-09 19:09:00,128.27
2013-09-09 23:09:00,130.71
2013-09-10 03:09:00,132.50
2013-09-10 07:09:00,137.69
2013-09-10 11:09:00,130.22
2013-09-10 15:09:00,133.34
2013-09-10 19:09:00,131.53
2013-09-10 23:09:00,131.01
2013-09-11 03:09:00,130.99
2013-09-11 07:09:00,130.95
2013-09-11 11:09:00,125.13
2013-09-11 15:09:00,131.69
2013-09-11 19:09:00,132.75
2013-09-11 23:09:00,135.85
2013-09-12 03:09:00,144.82
2013-09-12 07:09:00,139.90
2013-09-12 11:09:00,133.42
2013-09-12 15:09:00,136.95
2013-09-12 19:09:00,134.96
2013-09-12 23:09:00,137.01
2013-09-13 03:09:00,133.69
2013-09-13 07:09:00,141.85
2013-09-13 11:09:00,142.57
2013-09-13 15:09:00,137.45
2013-09-13 19:09:00,138.35
2013-09-13 23:09:00,138.06
2013-09-14 03:09:00,137.51
2013-09-14 07:09:00,142.19
2013-09-14 11:09:00,134.45
2013-09-14 15:09:00,137.82
2013-09-14 19:09:00,141.89
2013-09-14 23:09:00,139.12
2013-09-15 03:09:00,133.93
2013-09-15 07:09:00,135.42
2013-09-15 11:09:00,141.07
2013-09-15 15:09:00,144.64
2013-09-15 19:09:00,144.31
2013-09-15 23:09:00,141.19
2013-09-16 03:09:00,145.85
2013-09-16 07:09:00,135.94
2013-09-16 11:09:00,134.62
2013-09-16 15:09:00,137.46
2013-09-16 19:09:00,138.15
2013-09-16 23:09:00,137.50
2013-09-17 03:09:00,145.29
2013-09-17 07:09:00,144.36
2013-09-17 15:09:00,138.32
2013-09-17 19:09:00,137.37
2013-09-17 23:09:00,138.97
2013-09-18 03:09:00,133.33
2013-09-18 07:09:00,130.63
2013-09-18 11:09:00,139.42
2013-09-18 15:09:00,137.96
2013-09-18 19:09:00,138.76
2013-09-18 23:09:00,139.44
2013-09-19 03:09:00,135.20
2013-09-19 07:09:00,127.99
2013-09-19 11:09:00,131.03
2013-09-19 15:09:00,138.41
2013-09-19 19:09:00,134.14
2013-09-19 23:09:00,132.36
2013-09-20 03:09:00,132.59
2013-09-20 07:09:00,136.48
2013-09-20 11:09:00,135.62
2013-09-20 15:09:00,133.37
2013-09-20 19:09:00,133.00
2013-09-20 23:09:00,132.11
2013-09-21 03:09:00,137.24
2013-09-21 07:09:00,138.78
2013-09-21 11:09:00,137.86
2013-09-21 15:09:00,136.19
2013-09-21 19:09:00,136.56
2013-09-21 23:09:00,137.85
2013-09-22 03:09:00,135.00
2013-09-22 07:09:00,127.58
2013-09-22 11:09:00,136.56
2013-09-22 15:09:00,143.24
2013-09-22 19:09:00,137.01
2013-09-22 23:09:00,132.26
2013-09-23 03:09:00,134.50
2013-09-23 07:09:00,144.76
2013-09-23 11:09:00,142.76
2013-09-23 15:09:00,133.15
2013-09-23 19:09:00,132.48
2013-09-23 23:09:00,131.47
2013-09-24 03:09:00,134.43
2013-09-24 07:09:00,131.85
2013-09-24 11:09:00,134.66
2013-09-24 15:09:00,130.93
2013-09-24 19:09:00,131.35
2013-09-24 23:09:00,131.46
2013-09-25 03:09:00,137.78
2013-09-25 07:09:00,133.88
2013-09-25 11:09:00,144.23
2013-09-25 15:09:00,133.73
2013-09-25 19:09:00,133.62
2013-09-25 23:09:00,132.91
2013-09-26 03:09:00,134.10
2013-09-26 07:09:00,130.64
2013-09-26 11:09:00,134.64
2013-09-26 15:09:00,131.90
2013-09-26 19:09:00,132.39
2013-09-26 23:09:00,133.00
2013-09-27 03:09:00,137.32
2013-09-27 07:09:00,130.37
2013-09-27 11:09:00,140.67
2013-09-27 15:09:00,131.62
2013-09-27 19:09:00,132.13
2013-09-27 23:09:00,131.85
2013-09-28 03:09:00,136.19
2013-09-28 07:09:00,140.61
2013-09-28 11:09:00,131.53
2013-09-28 15:09:00,138.51
2013-09-28 19:09:00,134.25
2013-09-28 23:09:00,136.14
2013-09-29 03:09:00,134.18
2013-09-29 07:09:00,141.16
2013-09-29 11:09:00,157.37
2013-09-29 15:09:00,134.56
2013-09-29 19:09:00,140.18
2013-09-29 23:09:00,145.66
2013-09-30 03:09:00,144.31
2013-09-30 07:09:00,146.66
2013-09-30 11:09:00,129.83
2013-09-30 15:09:00,136.09
2013-09-30 19:09:00,133.85
2013-09-30 23:09:00,136.38
2013-10-01 03:10:00,132.74
2013-10-01 07:10:00,132.39
2013-10-01 11:10:00,139.44
2013-10-01 15:10:00,137.21
2013-10-01 19:10:00,135.53
2013-10-01 23:10:00,136.23
2013-10-02 03:10:00,137.40
2013-10-02 07:10:00,140.70
2013-10-02 11:10:00,141.26
2013-10-02 15:10:00,135.65
2013-10-02 19:10:00,120.98
2013-10-02 23:10:00,116.90
2013-10-03 03:10:00,114.80
2013-10-03 07:10:00,130.71
2013-10-03 11:10:00,132.29
2013-10-03 15:10:00,122.64
2013-10-03 19:10:00,124.23
2013-10-03 23:10:00,126.58
2013-10-04 03:10:00,133.66
2013-10-04 07:10:00,124.29
2013-10-04 11:10:00,131.95
2013-10-04 15:10:00,123.39
2013-10-04 19:10:00,131.01
2013-10-04 23:10:00,129.64
2013-10-05 03:10:00,134.47
2013-10-05 07:10:00,147.97
2013-10-05 11:10:00,161.62
2013-10-05 15:10:00,133.81
2013-10-05 19:10:00,129.00
2013-10-05 23:10:00,137.49
2013-10-06 03:10:00,135.31
2013-10-06 07:10:00,133.67
2013-10-06 11:10:00,158.60
2013-10-06 15:10:00,136.40
2013-10-06 19:10:00,135.95
2013-10-06 23:10:00,139.47
2013-10-07 03:10:00,156.59
2013-10-07 07:10:00,140.95
2013-10-07 11:10:00,135.10
2013-10-07 15:10:00,134.20
2013-10-07 19:10:00,132.70
2013-10-07 23:10:00,131.16
2013-10-08 03:10:00,126.04
2013-10-08 07:10:00,139.88
2013-10-08 11:10:00,122.16
2013-10-08 15:10:00,131.94
2013-10-08 19:10:00,133.48
2013-10-08 23:10:00,130.58
2013-10-09 03:10:00,135.69
2013-10-09 07:10:00,134.99
2013-10-09 11:10:00,129.64
2013-10-09 15:10:00,135.59
2013-10-09 19:10:00,132.53
2013-10-09 23:10:00,132.96
2013-10-10 03:10:00,135.18
2013-10-10 07:10:00,136.72
2013-10-10 11:10:00,133.06
2013-10-10 15:10:00,136.39
2013-10-10 19:10:00,135.20
2013-10-10 23:10:00,132.84
2013-10-11 03:10:00,134.74
2013-10-11 07:10:00,140.24
2013-10-11 11:10:00,135.56
2013-10-11 15:10:00,131.82
2013-10-11 19:10:00,133.27
2013-10-11 23:10:00,135.01
2013-10-12 03:10:00,137.76
2013-10-12 07:10:00,139.87
2013-10-12 11:10:00,139.52
2013-10-12 15:10:00,136.87
2013-10-12 19:10:00,135.41
2013-10-12 23:10:00,136.89
2013-10-13 03:10:00,140.61
2013-10-13 07:10:00,137.96
2013-10-13 11:10:00,147.27
2013-10-13 15:10:00,143.08
2013-10-13 19:10:00,141.92
2013-10-13 23:10:00,154.05
2013-10-14 03:10:00,157.71
2013-10-14 07:10:00,140.66
2013-10-14 11:10:00,135.43
2013-10-14 15:10:00,144.58
2013-10-14 19:10:00,144.55
2013-10-14 23:10:00,145.00
2013-10-15 03:10:00,146.89
2013-10-15 07:10:00,145.97
2013-10-15 11:10:00,144.99
2013-10-15 15:10:00,145.40
2013-10-15 19:10:00,145.77
2013-10-15 23:10:00,148.29
2013-10-16 03:10:00,141.10
2013-10-16 07:10:00,154.82
2013-10-16 11:10:00,139.61
2013-10-16 15:10:00,155.18
2013-10-16 19:10:00,150.33
2013-10-16 23:10:00,151.75
2013-10-17 03:10:00,149.76
2013-10-17 07:10:00,154.62
2013-10-17 11:10:00,139.33
2013-10-17 15:10:00,152.52
2013-10-17 19:10:00,152.78
2013-10-17 23:10:00,154.43
2013-10-18 03:10:00,159.86
2013-10-18 07:10:00,152.71
2013-10-18 11:10:00,154.95
2013-10-18 15:10:00,156.93
2013-10-18 19:10:00,160.05
2013-10-18 23:10:00,159.49
2013-10-19 03:10:00,161.85
2013-10-19 07:10:00,161.97
2013-10-19 11:10:00,168.50
2013-10-19 15:10:00,175.56
2013-10-19 19:10:00,171.76
2013-10-19 23:10:00,171.75
2013-10-20 03:10:00,175.67
2013-10-20 07:10:00,189.27
2013-10-20 11:10:00,175.83
2013-10-20 15:10:00,174.04
2013-10-20 19:10:00,177.19
2013-10-20 23:10:00,179.88
2013-10-21 03:10:00,187.00
2013-10-21 07:10:00,178.96
2013-10-21 11:10:00,176.57
2013-10-21 15:10:00,180.12
2013-10-21 19:10:00,186.98
2013-10-21 23:10:00,189.74
2013-10-22 03:10:00,173.19
2013-10-22 07:10:00,209.85
2013-10-22 11:10:00,186.74
2013-10-22 15:10:00,192.74
2013-10-22 19:10:00,203.91
2013-10-22 23:10:00,202.76
2013-10-23 03:10:00,202.57
2013-10-23 07:10:00,198.40
2013-10-23 11:10:00,194.43
2013-10-23 15:10:00,208.42
2013-10-23 19:10:00,208.01
2013-10-23 23:10:00,209.47
2013-10-24 03:10:00,209.44
2013-10-24 07:10:00,205.20
2013-10-24 11:10:00,198.23
2013-10-24 15:10:00,200.31
2013-10-24 19:10:00,208.39
2013-10-24 23:10:00,203.93
2013-10-25 03:10:00,204.88
2013-10-25 07:10:00,201.67
2013-10-25 11:10:00,200.17
2013-10-25 15:10:00,204.00
2013-10-25 19:10:00,185.08
2013-10-25 23:10:00,193.45
2013-10-26 03:10:00,199.25
2013-10-26 07:10:00,196.06
2013-10-26 11:10:00,194.19
2013-10-26 15:10:00,195.85
2013-10-26 19:10:00,194.32
2013-10-26 23:10:00,191.14
2013-10-27 03:10:00,197.54
2013-10-27 06:10:00,225.32
2013-10-27 10:10:00,215.88
2013-10-27 14:10:00,267.34
2013-10-27 18:10:00,198.25
2013-10-27 22:10:00,209.92
2013-10-28 02:10:00,207.45
2013-10-28 06:10:00,220.78
2013-10-28 10:10:00,190.00
2013-10-28 14:10:00,207.37
2013-10-28 18:10:00,208.89
2013-10-28 22:10:00,207.90
2013-10-29 02:10:00,207.49
2013-10-29 06:10:00,240.50
2013-10-29 10:10:00,218.84
2013-10-29 14:10:00,211.53
2013-10-29 18:10:00,212.80
2013-10-29 22:10:00,214.90
2013-10-30 02:10:00,213.03
2013-10-30 06:10:00,211.45
2013-10-30 10:10:00,211.74
2013-10-30 14:10:00,237.89
2013-10-30 18:10:00,228.20
2013-10-30 22:10:00,212.39
2013-10-31 02:10:00,214.18
2013-10-31 06:10:00,203.32
2013-10-31 10:10:00,213.04
2013-10-31 14:10:00,215.93
2013-10-31 18:10:00,210.77
2013-10-31 22:10:00,214.00
2013-11-01 02:11:00,205.96
2013-11-01 06:11:00,208.35
2013-11-01 10:11:00,205.76
2013-11-01 14:11:00,215.93
2013-11-01 18:11:00,214.35
2013-11-01 22:11:00,212.59
2013-11-02 02:11:00,211.88
2013-11-02 06:11:00,213.79
2013-11-02 10:11:00,226.84
2013-11-02 14:11:00,211.97
2013-11-02 18:11:00,219.44
2013-11-02 22:11:00,221.63
2013-11-03 02:11:00,216.84
2013-11-03 06:11:00,216.86
2013-11-03 10:11:00,201.66
2013-11-03 14:11:00,211.98
2013-11-03 18:11:00,226.91
2013-11-03 22:11:00,224.12
2013-11-04 02:11:00,230.18
2013-11-04 06:11:00,230.54
2013-11-04 10:11:00,219.74
2013-11-04 14:11:00,230.23
2013-11-04 18:11:00,237.75
2013-11-04 22:11:00,234.60
2013-11-05 02:11:00,236.94
2013-11-05 06:11:00,229.91
2013-11-05 10:11:00,246.16
2013-11-05 14:11:00,251.77
2013-11-05 18:11:00,256.12
2013-11-05 22:11:00,258.02
2013-11-06 02:11:00,256.26
2013-11-06 06:11:00,254.53
2013-11-06 10:11:00,252.80
2013-11-06 14:11:00,267.41
2013-11-06 18:11:00,297.57
2013-11-06 22:11:00,272.60
2013-11-07 02:11:00,272.76
2013-11-07 06:11:00,335.80
2013-11-07 10:11:00,295.02
2013-11-07 14:11:00,318.82
2013-11-07 18:11:00,309.31
2013-11-07 22:11:00,302.48
2013-11-08 02:11:00,306.61
2013-11-08 06:11:00,318.96
2013-11-08 10:11:00,325.05
2013-11-08 14:11:00,338.26
2013-11-08 18:11:00,340.64
2013-11-08 22:11:00,333.42
2013-11-09 02:11:00,345.38
2013-11-09 06:11:00,334.08
2013-11-09 10:11:00,373.38
2013-11-09 14:11:00,358.03
2013-11-09 18:11:00,366.38
2013-11-09 22:11:00,367.48
2013-11-10 02:11:00,340.70
2013-11-10 06:11:00,324.33
2013-11-10 10:11:00,337.29
2013-11-10 14:11:00,318.29
2013-11-10 18:11:00,320.85
2013-11-10 22:11:00,319.46
2013-11-11 02:11:00,338.31
2013-11-11 06:11:00,361.99
2013-11-11 10:11:00,335.09
2013-11-11 14:11:00,358.97
2013-11-11 18:11:00,367.07
2013-11-11 22:11:00,351.47
2013-11-12 02:11:00,355.50
2013-11-12 06:11:00,374.64
2013-11-12 10:11:00,367.79
2013-11-12 14:11:00,380.72
2013-11-12 18:11:00,374.67
2013-11-12 22:11:00,371.39
2013-11-13 02:11:00,388.94
2013-11-13 06:11:00,379.48
2013-11-13 10:11:00,382.91
2013-11-13 14:11:00,401.67
2013-11-13 18:11:00,406.53
2013-11-13 22:11:00,415.50
2013-11-14 02:11:00,410.23
2013-11-14 06:11:00,440.57
2013-11-14 10:11:00,411.48
2013-11-14 14:11:00,415.58
2013-11-14 18:11:00,433.25
2013-11-14 22:11:00,428.11
2013-11-15 02:11:00,430.74
2013-11-15 06:11:00,454.11
2013-11-15 10:11:00,419.78
2013-11-15 14:11:00,443.49
2013-11-15 18:11:00,445.15
2013-11-15 22:11:00,435.03
2013-11-16 02:11:00,428.97
2013-11-16 06:11:00,443.49
2013-11-16 10:11:00,436.67
2013-11-16 14:11:00,455.54
2013-11-16 18:11:00,448.93
2013-11-16 22:11:00,455.99
2013-11-17 02:11:00,443.11
2013-11-17 06:11:00,462.81
2013-11-17 10:11:00,466.37
2013-11-17 14:11:00,502.65
2013-11-17 18:11:00,501.37
2013-11-17 22:11:00,493.53
2013-11-18 02:11:00,510.31
2013-11-18 06:11:00,480.32
2013-11-18 10:11:00,547.20
2013-11-18 14:11:00,543.08
2013-11-18 18:11:00,605.83
2013-11-18 22:11:00,644.61
2013-11-19 02:11:00,713.41
2013-11-19 06:11:00,731.22
2013-11-19 10:11:00,669.99
2013-11-19 14:11:00,610.73
2013-11-19 18:11:00,701.89
2013-11-19 22:11:00,743.95
2013-11-20 02:11:00,681.41
2013-11-20 06:11:00,601.27
2013-11-20 10:11:00,531.85
2013-11-20 14:11:00,562.12
2013-11-20 18:11:00,625.76
2013-11-20 22:11:00,624.57
2013-11-21 02:11:00,666.74
2013-11-21 06:11:00,659.13
2013-11-21 10:11:00,645.53
2013-11-21 14:11:00,686.27
2013-11-21 18:11:00,722.97
2013-11-21 22:11:00,707.65
2013-11-22 02:11:00,740.01
2013-11-22 06:11:00,752.80
2013-11-22 10:11:00,728.11
2013-11-22 14:11:00,762.39
2013-11-22 18:11:00,778.90
2013-11-22 22:11:00,775.79
2013-11-23 02:11:00,808.31
2013-11-23 06:11:00,795.48
2013-11-23 10:11:00,824.83
2013-11-23 14:11:00,843.88
2013-11-23 18:11:00,840.07
2013-11-23 22:11:00,818.44
2013-11-24 02:11:00,852.55
2013-11-24 06:11:00,818.43
2013-11-24 10:11:00,769.96
2013-11-24 14:11:00,835.02
2013-11-24 18:11:00,878.11
2013-11-24 22:11:00,890.58
2013-11-25 02:11:00,824.41
2013-11-25 06:11:00,832.22
2013-11-25 10:11:00,845.31
2013-11-25 14:11:00,861.53
2013-11-25 18:11:00,851.22
2013-11-25 22:11:00,835.28
2013-11-26 02:11:00,839.00
2013-11-26 06:11:00,888.00
2013-11-26 10:11:00,838.47
2013-11-26 14:11:00,887.94
2013-11-26 18:11:00,873.39
2013-11-26 22:11:00,907.90
2013-11-27 02:11:00,918.91
2013-11-27 06:11:00,984.64
2013-11-27 10:11:00,900.35
2013-11-27 14:11:00,969.88
2013-11-27 18:11:00,1013.10
2013-11-27 22:11:00,1009.03
2013-11-28 02:11:00,1006.95
2013-11-28 06:11:00,997.81
2013-11-28 10:11:00,980.57
2013-11-28 14:11:00,1032.93
2013-11-28 18:11:00,1027.02
2013-11-28 22:11:00,1138.61
2013-11-29 02:11:00,1102.82
2013-11-29 06:11:00,1148.52
2013-11-29 10:11:00,983.08
2013-11-29 14:11:00,1080.43
2013-11-29 18:11:00,1177.86
2013-11-29 22:11:00,1167.73
2013-11-30 02:11:00,1215.56
2013-11-30 06:11:00,1208.97
2013-11-30 10:11:00,1136.89
2013-11-30 14:11:00,1211.32
2013-11-30 18:11:00,1211.25
2013-11-30 22:11:00,1233.56
2013-12-01 02:12:00,1202.49
2013-12-01 06:12:00,1149.44
2013-12-01 10:12:00,1174.16
2013-12-01 14:12:00,1080.66
2013-12-01 18:12:00,1027.10
2013-12-01 22:12:00,942.41
2013-12-02 02:12:00,998.11
2013-12-02 06:12:00,1126.48
2013-12-02 10:12:00,1132.81
2013-12-02 14:12:00,1076.84
2013-12-02 18:12:00,1059.04
2013-12-02 22:12:00,1049.65
2013-12-03 02:12:00,1054.27
2013-12-03 06:12:00,1069.36
2013-12-03 10:12:00,1041.91
2013-12-03 14:12:00,1085.64
2013-12-03 18:12:00,1092.83
2013-12-03 22:12:00,1097.54
2013-12-04 02:12:00,1075.12
2013-12-04 06:12:00,1079.90
2013-12-04 10:12:00,1123.58
2013-12-04 14:12:00,1053.62
2013-12-04 18:12:00,1124.87
2013-12-04 22:12:00,1172.95
2013-12-05 02:12:00,1156.71
2013-12-05 06:12:00,1138.43
2013-12-05 10:12:00,979.39
2013-12-05 14:12:00,1031.30
2013-12-05 18:12:00,1057.98
2013-12-05 22:12:00,1051.64
2013-12-06 02:12:00,1052.60
2013-12-06 06:12:00,1005.19
2013-12-06 10:12:00,1063.21
2013-12-06 14:12:00,1052.40
2013-12-06 18:12:00,960.40
2013-12-06 22:12:00,935.81
2013-12-07 02:12:00,857.50
2013-12-07 06:12:00,806.27
2013-12-07 10:12:00,715.09
2013-12-07 14:12:00,830.01
2013-12-07 18:12:00,796.77
2013-12-07 22:12:00,795.67
2013-12-08 02:12:00,810.00
2013-12-08 06:12:00,791.58
2013-12-08 10:12:00,775.84
2013-12-08 14:12:00,777.72
2013-12-08 18:12:00,777.19
2013-12-08 22:12:00,819.90
2013-12-09 02:12:00,854.66
2013-12-09 06:12:00,904.94
2013-12-09 10:12:00,904.94
2013-12-09 14:12:00,926.17
2013-12-09 18:12:00,947.73
2013-12-09 22:12:00,959.42
2013-12-10 02:12:00,961.44
2013-12-10 06:12:00,971.52
2013-12-10 10:12:00,1004.31
2013-12-10 14:12:00,964.85
2013-12-10 18:12:00,983.31
2013-12-10 22:12:00,1021.78
2013-12-11 02:12:00,993.77
2013-12-11 06:12:00,1025.65
2013-12-11 10:12:00,945.98
2013-12-11 14:12:00,954.16
2013-12-11 18:12:00,947.53
2013-12-11 22:12:00,916.27
2013-12-12 02:12:00,976.59
2013-12-12 06:12:00,967.39
2013-12-12 10:12:00,1046.72
2013-12-12 14:12:00,945.94
2013-12-12 18:12:00,920.23
2013-12-12 22:12:00,912.91
2013-12-13 02:12:00,945.77
2013-12-13 06:12:00,1023.76
2013-12-13 10:12:00,987.53
2013-12-13 14:12:00,919.54
2013-12-13 18:12:00,910.12
2013-12-13 22:12:00,923.51
2013-12-14 02:12:00,963.06
2013-12-14 06:12:00,964.35
2013-12-14 10:12:00,947.36
2013-12-14 14:12:00,920.92
2013-12-14 18:12:00,929.19
2013-12-14 22:12:00,945.04
2013-12-15 02:12:00,920.23
2013-12-15 06:12:00,974.11
2013-12-15 10:12:00,870.38
2013-12-15 14:12:00,939.00
2013-12-15 18:12:00,947.58
2013-12-15 22:12:00,886.82
2013-12-16 02:12:00,918.69
2013-12-16 06:12:00,1001.18
2013-12-16 10:12:00,869.51
2013-12-16 14:12:00,809.29
2013-12-16 18:12:00,801.17
2013-12-16 22:12:00,763.54
2013-12-17 02:12:00,773.29
2013-12-17 06:12:00,740.19
2013-12-17 10:12:00,817.77
2013-12-17 14:12:00,740.44
2013-12-17 18:12:00,757.52
2013-12-17 22:12:00,743.31
2013-12-18 02:12:00,762.61
2013-12-18 06:12:00,617.80
2013-12-18 10:12:00,539.76
2013-12-18 14:12:00,571.34
2013-12-18 18:12:00,618.32
2013-12-18 22:12:00,610.11
2013-12-19 02:12:00,629.85
2013-12-19 06:12:00,633.86
2013-12-19 10:12:00,650.64
2013-12-19 14:12:00,690.69
2013-12-19 18:12:00,699.81
2013-12-19 22:12:00,715.38
2013-12-20 02:12:00,734.88
2013-12-20 06:12:00,768.04
2013-12-20 10:12:00,729.18
2013-12-20 14:12:00,774.64
2013-12-20 18:12:00,738.90
2013-12-20 22:12:00,684.83
2013-12-21 02:12:00,689.73
2013-12-21 06:12:00,696.52
2013-12-21 10:12:00,672.25
2013-12-21 14:12:00,695.02
2013-12-21 18:12:00,661.98
2013-12-21 22:12:00,690.25
2013-12-22 02:12:00,708.17
2013-12-22 06:12:00,747.33
2013-12-22 10:12:00,678.65
2013-12-22 14:12:00,663.98
2013-12-22 18:12:00,672.32
2013-12-22 22:12:00,719.47
2013-12-23 02:12:00,744.54
2013-12-23 06:12:00,712.12
2013-12-23 10:12:00,677.71
2013-12-23 14:12:00,710.93
2013-12-23 18:12:00,686.02
2013-12-23 22:12:00,683.33
2013-12-24 02:12:00,691.21
2013-12-24 06:12:00,722.70
2013-12-24 10:12:00,726.81
2013-12-24 14:12:00,691.64
2013-12-24 18:12:00,691.90
2013-12-24 22:12:00,698.90
2013-12-25 02:12:00,713.07
2013-12-25 06:12:00,719.01
2013-12-25 10:12:00,688.29
2013-12-25 14:12:00,734.27
2013-12-25 18:12:00,705.47
2013-12-25 22:12:00,732.79
2013-12-26 02:12:00,716.93
2013-12-26 06:12:00,777.94
2013-12-26 10:12:00,732.67
2013-12-26 14:12:00,725.16
2013-12-26 18:12:00,765.32
2013-12-26 22:12:00,765.62
2013-12-27 02:12:00,792.19
2013-12-27 06:12:00,805.94
2013-12-27 10:12:00,726.74
2013-12-27 14:12:00,806.69
2013-12-27 18:12:00,760.22
2013-12-27 22:12:00,764.33
2013-12-28 02:12:00,810.21
2013-12-28 06:12:00,826.72
2013-12-28 10:12:00,824.65
2013-12-28 14:12:00,772.03
2013-12-28 18:12:00,775.20
2013-12-28 22:12:00,780.93
2013-12-29 02:12:00,820.39
2013-12-29 06:12:00,860.04
2013-12-29 10:12:00,853.15
2013-12-29 14:12:00,793.90
2013-12-29 18:12:00,814.59
2013-12-29 22:12:00,805.18
2013-12-30 02:12:00,858.94
2013-12-30 06:12:00,898.26
2013-12-30 10:12:00,785.05
2013-12-30 14:12:00,774.76
2013-12-30 18:12:00,770.33
2013-12-30 22:12:00,785.91
2013-12-31 02:12:00,811.37
2013-12-31 06:12:00,807.67
2013-12-31 10:12:00,730.78
2013-12-31 14:12:00,808.55
2013-12-31 18:12:00,766.08
2013-12-31 22:12:00,768.00
2014-01-01 02:01:00,789.93
2014-01-01 06:01:00,835.09
2014-01-01 10:01:00,816.05
2014-01-01 14:01:00,837.49
2014-01-01 18:01:00,860.08
2014-01-01 22:01:00,823.97
2014-01-02 02:01:00,834.72
2014-01-02 06:01:00,779.38
2014-01-02 10:01:00,835.56
2014-01-02 14:01:00,806.82
2014-01-02 18:01:00,801.60
2014-01-02 22:01:00,814.66
2014-01-03 02:01:00,831.71
2014-01-03 06:01:00,863.05
2014-01-03 10:01:00,816.38
2014-01-03 14:01:00,821.13
2014-01-03 18:01:00,842.69
2014-01-03 22:01:00,842.24
2014-01-04 02:01:00,833.17
2014-01-04 06:01:00,833.16
2014-01-04 10:01:00,823.48
2014-01-04 14:01:00,882.35
2014-01-04 18:01:00,858.05
2014-01-04 22:01:00,855.17
2014-01-05 02:01:00,897.97
2014-01-05 06:01:00,932.72
2014-01-05 10:01:00,854.80
2014-01-05 14:01:00,885.99
2014-01-05 18:01:00,933.29
2014-01-05 22:01:00,994.35
2014-01-06 02:01:00,998.07
2014-01-06 06:01:00,989.01
2014-01-06 10:01:00,997.22
2014-01-06 14:01:00,939.87
2014-01-06 18:01:00,957.68
2014-01-06 22:01:00,971.52
2014-01-07 02:01:00,946.82
2014-01-07 06:01:00,1038.34
2014-01-07 10:01:00,932.64
2014-01-07 14:01:00,912.59
2014-01-07 18:01:00,911.06
2014-01-07 22:01:00,887.26
2014-01-08 02:01:00,835.82
2014-01-08 06:01:00,933.49
2014-01-08 10:01:00,958.32
2014-01-08 14:01:00,901.27
2014-01-08 18:01:00,855.95
2014-01-08 22:01:00,864.07
2014-01-09 02:01:00,861.41
2014-01-09 06:01:00,925.12
2014-01-09 10:01:00,885.67
2014-01-09 14:01:00,863.01
2014-01-09 18:01:00,851.01
2014-01-09 22:01:00,861.66
2014-01-10 02:01:00,889.59
2014-01-10 06:01:00,909.23
2014-01-10 10:01:00,839.68
2014-01-10 14:01:00,884.62
2014-01-10 18:01:00,863.47
2014-01-10 22:01:00,857.63
2014-01-11 02:01:00,911.46
2014-01-11 06:01:00,962.18
2014-01-11 10:01:00,863.98
2014-01-11 14:01:00,919.11
2014-01-11 18:01:00,923.52
2014-01-11 22:01:00,944.67
2014-01-12 02:01:00,952.72
2014-01-12 06:01:00,957.78
2014-01-12 10:01:00,961.31
2014-01-12 14:01:00,872.27
2014-01-12 18:01:00,932.94
2014-01-12 22:01:00,943.07
2014-01-13 02:01:00,901.18
2014-01-13 06:01:00,910.29
2014-01-13 10:01:00,875.06
2014-01-13 14:01:00,852.38
2014-01-13 18:01:00,867.38
2014-01-13 22:01:00,867.67
2014-01-14 02:01:00,875.01
2014-01-14 06:01:00,990.53
2014-01-14 10:01:00,853.58
2014-01-14 14:01:00,898.84
2014-01-14 18:01:00,869.11
2014-01-14 22:01:00,876.21
2014-01-15 02:01:00,888.99
2014-01-15 06:01:00,866.65
2014-01-15 10:01:00,921.62
2014-01-15 14:01:00,864.30
2014-01-15 18:01:00,883.01
2014-01-15 22:01:00,873.12
2014-01-16 02:01:00,887.28
2014-01-16 06:01:00,917.89
2014-01-16 10:01:00,905.95
2014-01-16 14:01:00,886.82
2014-01-16 18:01:00,883.30
2014-01-16 22:01:00,862.56
2014-01-17 02:01:00,866.97
2014-01-17 06:01:00,885.52
2014-01-17 10:01:00,882.77
2014-01-17 14:01:00,851.42
2014-01-17 18:01:00,830.99
2014-01-17 22:01:00,827.93
2014-01-18 02:01:00,867.52
2014-01-18 06:01:00,870.51
2014-01-18 10:01:00,831.91
2014-01-18 14:01:00,866.85
2014-01-18 18:01:00,846.78
2014-01-18 22:01:00,910.94
2014-01-19 02:01:00,917.52
2014-01-19 06:01:00,1015.78
2014-01-19 10:01:00,893.66
2014-01-19 14:01:00,946.75
2014-01-19 18:01:00,932.24
2014-01-19 22:01:00,896.13
2014-01-20 02:01:00,897.53
2014-01-20 06:01:00,932.96
2014-01-20 10:01:00,1028.69
2014-01-20 14:01:00,929.19
2014-01-20 18:01:00,927.01
2014-01-20 22:01:00,941.04
2014-01-21 02:01:00,910.81
2014-01-21 06:01:00,1006.24
2014-01-21 10:01:00,1016.92
2014-01-21 14:01:00,876.59
2014-01-21 18:01:00,865.46
2014-01-21 22:01:00,871.56
2014-01-22 02:01:00,905.10
2014-01-22 06:01:00,927.03
2014-01-22 10:01:00,873.73
2014-01-22 14:01:00,844.72
2014-01-22 18:01:00,871.63
2014-01-22 22:01:00,856.15
2014-01-23 02:01:00,857.18
2014-01-23 06:01:00,930.50
2014-01-23 10:01:00,844.24
2014-01-23 14:01:00,888.14
2014-01-23 18:01:00,866.37
2014-01-23 22:01:00,874.14
2014-01-24 02:01:00,882.22
2014-01-24 06:01:00,873.32
2014-01-24 10:01:00,833.89
2014-01-24 14:01:00,834.06
2014-01-24 18:01:00,839.37
2014-01-24 22:01:00,847.93
2014-01-25 02:01:00,858.58
2014-01-25 06:01:00,927.85
2014-01-25 10:01:00,825.74
2014-01-25 14:01:00,864.96
2014-01-25 18:01:00,853.17
2014-01-25 22:01:00,860.41
2014-01-26 02:01:00,846.01
2014-01-26 06:01:00,908.38
2014-01-26 10:01:00,853.25
2014-01-26 14:01:00,944.31
2014-01-26 18:01:00,914.74
2014-01-26 22:01:00,946.87
2014-01-27 02:01:00,959.84
2014-01-27 06:01:00,903.46
2014-01-27 10:01:00,876.08
2014-01-27 14:01:00,867.06
2014-01-27 18:01:00,848.78
2014-01-27 22:01:00,834.71
2014-01-28 02:01:00,800.63
2014-01-28 06:01:00,873.02
2014-01-28 10:01:00,938.37
2014-01-28 14:01:00,824.27
2014-01-28 18:01:00,845.38
2014-01-28 22:01:00,840.35
2014-01-29 02:01:00,889.49
2014-01-29 06:01:00,951.07
2014-01-29 10:01:00,821.05
2014-01-29 14:01:00,847.17
2014-01-29 18:01:00,835.42
2014-01-29 22:01:00,835.95
2014-01-30 02:01:00,845.30
2014-01-30 06:01:00,896.80
2014-01-30 10:01:00,833.86
2014-01-30 14:01:00,836.10
2014-01-30 18:01:00,851.40
2014-01-30 22:01:00,841.74
2014-01-31 02:01:00,871.25
2014-01-31 06:01:00,897.25
2014-01-31 10:01:00,866.50
2014-01-31 14:01:00,837.45
2014-01-31 18:01:00,846.12
2014-01-31 22:01:00,854.17
2014-02-01 02:02:00,860.86
2014-02-01 06:02:00,897.35
2014-02-01 10:02:00,922.52
2014-02-01 14:02:00,862.03
2014-02-01 18:02:00,872.16
2014-02-01 22:02:00,864.12
2014-02-02 02:02:00,850.38
2014-02-02 06:02:00,890.33
2014-02-02 10:02:00,889.92
2014-02-02 14:02:00,1198.77
2014-02-02 18:02:00,903.89
2014-02-02 22:02:00,869.04
2014-02-03 02:02:00,947.39
2014-02-03 06:02:00,926.45
2014-02-03 10:02:00,877.96
2014-02-03 14:02:00,871.21
2014-02-03 18:02:00,868.91
2014-02-03 22:02:00,854.92
2014-02-04 02:02:00,854.17
2014-02-04 06:02:00,904.01
2014-02-04 10:02:00,919.92
2014-02-04 14:02:00,851.73
2014-02-04 18:02:00,859.61
2014-02-04 22:02:00,861.53
2014-02-05 02:02:00,868.33
2014-02-05 06:02:00,937.99
2014-02-05 10:02:00,822.19
2014-02-05 14:02:00,854.85
2014-02-05 18:02:00,862.96
2014-02-05 22:02:00,828.77
2014-02-06 02:02:00,851.76
2014-02-06 06:02:00,875.01
2014-02-06 10:02:00,867.22
2014-02-06 14:02:00,810.47
2014-02-06 18:02:00,816.25
2014-02-06 22:02:00,823.25
2014-02-07 02:02:00,823.65
2014-02-07 06:02:00,784.76
2014-02-07 10:02:00,736.18
2014-02-07 14:02:00,761.63
2014-02-07 18:02:00,787.57
2014-02-07 22:02:00,796.21
2014-02-08 02:02:00,796.01
2014-02-08 06:02:00,792.14
2014-02-08 10:02:00,929.19
2014-02-08 14:02:00,744.07
2014-02-08 18:02:00,784.29
2014-02-08 22:02:00,797.26
2014-02-09 02:02:00,794.95
2014-02-09 06:02:00,1211.71
2014-02-09 10:02:00,751.69
2014-02-09 14:02:00,729.92
2014-02-09 18:02:00,798.49
2014-02-09 22:02:00,780.80
2014-02-10 02:02:00,798.11
2014-02-10 06:02:00,866.90
2014-02-10 10:02:00,673.09
2014-02-10 14:02:00,720.18
2014-02-10 18:02:00,748.68
2014-02-10 22:02:00,751.72
2014-02-11 02:02:00,776.44
2014-02-11 06:02:00,815.87
2014-02-11 10:02:00,773.39
2014-02-11 14:02:00,778.06
2014-02-11 18:02:00,756.02
2014-02-11 22:02:00,750.57
2014-02-12 02:02:00,748.17
2014-02-12 06:02:00,813.94
2014-02-12 10:02:00,693.53
2014-02-12 14:02:00,735.39
2014-02-12 18:02:00,763.65
2014-02-12 22:02:00,746.90
2014-02-13 02:02:00,772.87
2014-02-13 06:02:00,756.66
2014-02-13 10:02:00,775.84
2014-02-13 14:02:00,767.46
2014-02-13 18:02:00,726.30
2014-02-13 22:02:00,686.48
2014-02-14 02:02:00,718.72
2014-02-14 06:02:00,679.83
2014-02-14 10:02:00,650.64
2014-02-14 14:02:00,693.28
2014-02-14 18:02:00,723.70
2014-02-14 22:02:00,729.85
2014-02-15 02:02:00,715.94
2014-02-15 06:02:00,714.41
2014-02-15 10:02:00,831.97
2014-02-15 14:02:00,726.27
2014-02-15 18:02:00,736.92
2014-02-15 22:02:00,760.02
2014-02-16 02:02:00,752.85
2014-02-16 06:02:00,774.10
2014-02-16 10:02:00,835.14
2014-02-16 14:02:00,707.78
2014-02-16 18:02:00,700.29
2014-02-16 22:02:00,699.40
2014-02-17 02:02:00,773.53
2014-02-17 06:02:00,656.64
2014-02-17 10:02:00,687.37
2014-02-17 14:02:00,703.35
2014-02-17 18:02:00,753.18
2014-02-17 22:02:00,725.54
2014-02-18 02:02:00,724.00
2014-02-18 06:02:00,774.50
2014-02-18 10:02:00,694.09
2014-02-18 14:02:00,689.31
2014-02-18 18:02:00,704.02
2014-02-18 22:02:00,704.84
2014-02-19 02:02:00,693.28
2014-02-19 06:02:00,718.15
2014-02-19 10:02:00,706.43
2014-02-19 14:02:00,703.36
2014-02-19 18:02:00,706.79
2014-02-19 22:02:00,716.80
2014-02-20 02:02:00,709.60
2014-02-20 06:02:00,682.59
2014-02-20 10:02:00,680.19
2014-02-20 14:02:00,657.73
2014-02-20 18:02:00,690.65
2014-02-20 22:02:00,649.87
2014-02-21 02:02:00,643.30
2014-02-21 06:02:00,630.39
2014-02-21 10:02:00,617.77
2014-02-21 14:02:00,645.03
2014-02-21 18:02:00,651.67
2014-02-21 22:02:00,660.47
2014-02-22 02:02:00,646.53
2014-02-22 06:02:00,618.38
2014-02-22 10:02:00,691.71
2014-02-22 14:02:00,639.39
2014-02-22 18:02:00,688.25
2014-02-22 22:02:00,684.84
2014-02-23 02:02:00,685.99
2014-02-23 06:02:00,683.60
2014-02-23 10:02:00,682.54
2014-02-23 14:02:00,770.59
2014-02-23 18:02:00,703.80
2014-02-23 22:02:00,684.58
2014-02-24 02:02:00,679.50
2014-02-24 06:02:00,675.88
2014-02-24 10:02:00,665.56
2014-02-24 14:02:00,644.81
2014-02-24 18:02:00,649.03
2014-02-24 22:02:00,629.51
2014-02-25 02:02:00,624.94
2014-02-25 06:02:00,582.52
2014-02-25 10:02:00,518.96
2014-02-25 14:02:00,568.79
2014-02-25 18:02:00,608.24
2014-02-25 22:02:00,607.03
2014-02-26 02:02:00,609.46
2014-02-26 06:02:00,632.71
2014-02-26 10:02:00,610.20
2014-02-26 14:02:00,618.72
2014-02-26 18:02:00,653.78
2014-02-26 22:02:00,650.48
2014-02-27 02:02:00,661.30
2014-02-27 06:02:00,660.21
2014-02-27 10:02:00,613.19
2014-02-27 14:02:00,663.54
2014-02-27 18:02:00,650.86
2014-02-27 22:02:00,641.34
2014-02-28 02:02:00,658.08
2014-02-28 06:02:00,680.71
2014-02-28 10:02:00,640.18
2014-02-28 14:02:00,609.55
2014-02-28 18:02:00,634.83
2014-02-28 22:02:00,626.74
2014-03-01 02:03:00,626.75
2014-03-01 06:03:00,625.33
2014-03-01 10:03:00,656.53
2014-03-01 14:03:00,571.82
2014-03-01 18:03:00,631.90
2014-03-01 22:03:00,663.98
2014-03-02 02:03:00,597.36
2014-03-02 06:03:00,561.06
2014-03-02 10:03:00,563.79
2014-03-02 14:03:00,557.03
2014-03-02 18:03:00,568.79
2014-03-02 22:03:00,569.26
2014-03-03 02:03:00,583.86
2014-03-03 06:03:00,578.81
2014-03-03 10:03:00,584.04
2014-03-03 14:03:00,605.40
2014-03-03 18:03:00,666.66
2014-03-03 22:03:00,697.57
2014-03-04 02:03:00,698.83
2014-03-04 06:03:00,676.47
2014-03-04 10:03:00,672.18
2014-03-04 14:03:00,685.33
2014-03-04 18:03:00,710.34
2014-03-04 22:03:00,693.98
2014-03-05 02:03:00,678.32
2014-03-05 06:03:00,672.66
2014-03-05 10:03:00,650.29
2014-03-05 14:03:00,672.74
2014-03-05 18:03:00,688.15
2014-03-05 22:03:00,688.25
2014-03-06 02:03:00,677.76
2014-03-06 06:03:00,667.17
2014-03-06 10:03:00,656.91
2014-03-06 14:03:00,655.84
2014-03-06 18:03:00,661.01
2014-03-06 22:03:00,661.64
2014-03-07 02:03:00,659.15
2014-03-07 06:03:00,648.87
2014-03-07 10:03:00,636.97
2014-03-07 14:03:00,632.66
2014-03-07 18:03:00,630.14
2014-03-07 22:03:00,639.16
2014-03-08 02:03:00,631.48
2014-03-08 06:03:00,615.62
2014-03-08 10:03:00,612.70
2014-03-08 14:03:00,610.57
2014-03-08 18:03:00,613.91
2014-03-08 22:03:00,616.36
2014-03-09 02:03:00,611.70
2014-03-09 06:03:00,609.01
2014-03-09 10:03:00,610.42
2014-03-09 14:03:00,623.39
2014-03-09 18:03:00,637.63
2014-03-09 22:03:00,631.67
2014-03-10 02:03:00,635.27
2014-03-10 06:03:00,629.05
2014-03-10 10:03:00,619.73
2014-03-10 14:03:00,619.52
2014-03-10 18:03:00,630.37
2014-03-10 22:03:00,628.24
2014-03-11 02:03:00,623.28
2014-03-11 06:03:00,614.67
2014-03-11 10:03:00,615.18
2014-03-11 14:03:00,617.42
2014-03-11 18:03:00,636.37
2014-03-11 22:03:00,673.89
2014-03-12 02:03:00,641.51
2014-03-12 06:03:00,629.50
2014-03-12 10:03:00,623.18
2014-03-12 14:03:00,626.31
2014-03-12 18:03:00,639.12
2014-03-12 22:03:00,635.58
2014-03-13 02:03:00,628.89
2014-03-13 06:03:00,627.44
2014-03-13 10:03:00,631.71
2014-03-13 14:03:00,635.22
2014-03-13 18:03:00,643.89
2014-03-13 22:03:00,642.45
2014-03-14 02:03:00,634.39
2014-03-14 06:03:00,627.23
2014-03-14 10:03:00,623.30
2014-03-14 14:03:00,622.39
2014-03-14 18:03:00,631.27
2014-03-14 22:03:00,629.43
2014-03-15 02:03:00,625.90
2014-03-15 06:03:00,624.36
2014-03-15 10:03:00,618.56
2014-03-15 14:03:00,624.84
2014-03-15 18:03:00,633.30
2014-03-15 22:03:00,630.22
2014-03-16 02:03:00,625.90
2014-03-16 06:03:00,624.55
2014-03-16 10:03:00,620.53
2014-03-16 14:03:00,620.03
2014-03-16 18:03:00,625.36
2014-03-16 22:03:00,624.54
2014-03-17 02:03:00,627.13
2014-03-17 06:03:00,622.35
2014-03-17 10:03:00,611.95
2014-03-17 14:03:00,616.00
2014-03-17 18:03:00,628.34
2014-03-17 22:03:00,627.41
2014-03-18 02:03:00,619.79
2014-03-18 06:03:00,607.69
2014-03-18 10:03:00,603.54
2014-03-18 14:03:00,621.27
2014-03-18 18:03:00,610.85
2014-03-18 22:03:00,611.85
2014-03-19 02:03:00,611.43
2014-03-19 06:03:00,604.73
2014-03-19 10:03:00,600.95
2014-03-19 14:03:00,604.15
2014-03-19 18:03:00,606.77
2014-03-19 22:03:00,600.99
2014-03-20 02:03:00,600.18
2014-03-20 06:03:00,591.83
2014-03-20 10:03:00,589.72
2014-03-20 14:03:00,578.78
2014-03-20 18:03:00,574.94
2014-03-20 22:03:00,572.59
2014-03-21 02:03:00,569.90
2014-03-21 06:03:00,568.28
2014-03-21 10:03:00,576.45
2014-03-21 14:03:00,564.84
2014-03-21 18:03:00,563.75
2014-03-21 22:03:00,565.19
2014-03-22 02:03:00,552.28
2014-03-22 06:03:00,557.71
2014-03-22 10:03:00,552.24
2014-03-22 14:03:00,551.15
2014-03-22 18:03:00,546.47
2014-03-22 22:03:00,552.70
2014-03-23 02:03:00,554.17
2014-03-23 06:03:00,549.17
2014-03-23 10:03:00,548.82
2014-03-23 14:03:00,552.16
2014-03-23 18:03:00,556.42
2014-03-23 22:03:00,555.46
2014-03-24 02:03:00,550.90
2014-03-24 06:03:00,543.26
2014-03-24 10:03:00,540.67
2014-03-24 14:03:00,550.75
2014-03-24 18:03:00,555.66
2014-03-24 22:03:00,568.56
2014-03-25 02:03:00,560.26
2014-03-25 06:03:00,562.48
2014-03-25 10:03:00,557.21
2014-03-25 14:03:00,562.80
2014-03-25 18:03:00,560.37
2014-03-25 22:03:00,566.83
2014-03-26 02:03:00,561.16
2014-03-26 06:03:00,555.98
2014-03-26 10:03:00,560.35
2014-03-26 14:03:00,569.78
2014-03-26 18:03:00,567.65
2014-03-26 22:03:00,565.85
2014-03-27 02:03:00,565.18
2014-03-27 06:03:00,548.90
2014-03-27 10:03:00,540.14
2014-03-27 14:03:00,524.77
2014-03-27 18:03:00,515.90
2014-03-27 22:03:00,498.35
2014-03-28 02:03:00,485.23
2014-03-28 06:03:00,502.10
2014-03-28 10:03:00,490.50
2014-03-28 14:03:00,495.23
2014-03-28 18:03:00,496.68
2014-03-28 22:03:00,481.14
2014-03-29 02:03:00,487.96
2014-03-29 06:03:00,486.60
2014-03-29 10:03:00,488.49
2014-03-29 14:03:00,489.08
2014-03-29 18:03:00,490.05
2014-03-29 22:03:00,482.06
2014-03-30 02:03:00,475.08
2014-03-30 07:03:00,468.06
2014-03-30 11:03:00,464.64
2014-03-30 15:03:00,452.86
2014-03-30 19:03:00,444.51
2014-03-30 23:03:00,446.32
2014-03-31 03:03:00,460.05
2014-03-31 07:03:00,437.49
2014-03-31 11:03:00,435.27
2014-03-31 15:03:00,447.27
2014-03-31 19:03:00,453.46
2014-03-31 23:03:00,444.76
2014-04-01 03:04:00,447.65
2014-04-01 07:04:00,457.93
2014-04-01 11:04:00,474.96
2014-04-01 15:04:00,465.45
2014-04-01 19:04:00,470.01
2014-04-01 23:04:00,471.00
2014-04-02 03:04:00,468.83
2014-04-02 07:04:00,467.23
2014-04-02 11:04:00,471.59
2014-04-02 15:04:00,464.43
2014-04-02 19:04:00,440.50
2014-04-02 23:04:00,428.91
2014-04-03 03:04:00,415.61
2014-04-03 07:04:00,412.20
2014-04-03 11:04:00,413.76
2014-04-03 15:04:00,420.34
2014-04-03 19:04:00,434.83
2014-04-03 23:04:00,443.10
2014-04-04 03:04:00,431.59
2014-04-04 07:04:00,429.78
2014-04-04 11:04:00,442.79
2014-04-04 15:04:00,454.38
2014-04-04 19:04:00,441.63
2014-04-04 23:04:00,445.54
2014-04-05 03:04:00,453.56
2014-04-05 07:04:00,457.66
2014-04-05 11:04:00,447.49
2014-04-05 15:04:00,452.25
2014-04-05 19:04:00,513.36
2014-04-05 23:04:00,468.24
2014-04-06 03:04:00,460.42
2014-04-06 07:04:00,464.70
2014-04-06 11:04:00,456.10
2014-04-06 15:04:00,451.83
2014-04-06 19:04:00,460.92
2014-04-06 23:04:00,455.00
2014-04-07 03:04:00,456.68
2014-04-07 07:04:00,460.38
2014-04-07 11:04:00,473.55
2014-04-07 15:04:00,477.27
2014-04-07 19:04:00,467.75
2014-04-07 23:04:00,467.48
2014-04-08 03:04:00,468.48
2014-04-08 07:04:00,471.79
2014-04-08 11:04:00,469.41
2014-04-08 15:04:00,473.43
2014-04-08 19:04:00,472.44
2014-04-08 23:04:00,469.88
2014-04-09 03:04:00,472.64
2014-04-09 07:04:00,469.65
2014-04-09 11:04:00,467.08
2014-04-09 15:04:00,463.19
2014-04-09 19:04:00,463.26
2014-04-09 23:04:00,460.67
2014-04-10 03:04:00,454.79
2014-04-10 07:04:00,430.45
2014-04-10 11:04:00,423.44
2014-04-10 15:04:00,423.88
2014-04-10 19:04:00,413.24
2014-04-10 23:04:00,400.66
2014-04-11 03:04:00,377.43
2014-04-11 07:04:00,407.77
2014-04-11 11:04:00,414.39
2014-04-11 15:04:00,434.97
2014-04-11 19:04:00,445.17
2014-04-11 23:04:00,439.86
2014-04-12 03:04:00,449.82
2014-04-12 07:04:00,449.29
2014-04-12 11:04:00,438.22
2014-04-12 15:04:00,437.18
2014-04-12 19:04:00,439.09
2014-04-12 23:04:00,439.62
2014-04-13 03:04:00,438.78
2014-04-13 07:04:00,440.53
2014-04-13 11:04:00,437.63
2014-04-13 15:04:00,426.23
2014-04-13 19:04:00,420.39
2014-04-13 23:04:00,424.96
2014-04-14 03:04:00,427.83
2014-04-14 07:04:00,444.88
2014-04-14 11:04:00,464.62
2014-04-14 15:04:00,474.57
2014-04-14 19:04:00,480.70
2014-04-14 23:04:00,475.98
2014-04-15 03:04:00,478.57
2014-04-15 07:04:00,477.88
2014-04-15 11:04:00,500.62
2014-04-15 15:04:00,499.26
2014-04-15 19:04:00,497.22
2014-04-15 23:04:00,506.21
2014-04-16 03:04:00,521.55
2014-04-16 07:04:00,524.99
2014-04-16 11:04:00,522.10
2014-04-16 15:04:00,516.00
2014-04-16 19:04:00,514.06
2014-04-16 23:04:00,523.29
2014-04-17 03:04:00,529.93
2014-04-17 07:04:00,529.14
2014-04-17 11:04:00,502.72
2014-04-17 15:04:00,505.62
2014-04-17 19:04:00,500.63
2014-04-17 23:04:00,510.34
2014-04-18 03:04:00,500.79
2014-04-18 07:04:00,500.63
2014-04-18 11:04:00,493.12
2014-04-18 15:04:00,482.85
2014-04-18 19:04:00,483.65
2014-04-18 23:04:00,488.46
2014-04-19 03:04:00,484.71
2014-04-19 07:04:00,482.42
2014-04-19 11:04:00,498.45
2014-04-19 15:04:00,504.38
2014-04-19 19:04:00,502.12
2014-04-19 23:04:00,505.08
2014-04-20 03:04:00,509.18
2014-04-20 07:04:00,513.08
2014-04-20 11:04:00,511.22
2014-04-20 15:04:00,503.23
2014-04-20 19:04:00,496.59
2014-04-20 23:04:00,496.90
2014-04-21 03:04:00,502.84
2014-04-21 07:04:00,505.45
2014-04-21 11:04:00,503.27
2014-04-21 15:04:00,501.34
2014-04-21 19:04:00,498.75
2014-04-21 23:04:00,498.30
2014-04-22 03:04:00,498.95
2014-04-22 07:04:00,498.98
2014-04-22 11:04:00,494.45
2014-04-22 15:04:00,494.55
2014-04-22 19:04:00,498.23
2014-04-22 23:04:00,497.38
2014-04-23 03:04:00,495.23
2014-04-23 07:04:00,491.91
2014-04-23 11:04:00,489.99
2014-04-23 15:04:00,488.56
2014-04-23 19:04:00,496.13
2014-04-23 23:04:00,496.02
2014-04-24 03:04:00,491.36
2014-04-24 07:04:00,488.42
2014-04-24 11:04:00,481.85
2014-04-24 15:04:00,490.25
2014-04-24 19:04:00,493.90
2014-04-24 23:04:00,498.88
2014-04-25 03:04:00,500.21
2014-04-25 07:04:00,465.28
2014-04-25 11:04:00,459.12
2014-04-25 15:04:00,455.86
2014-04-25 19:04:00,460.12
2014-04-25 23:04:00,464.61
2014-04-26 03:04:00,458.22
2014-04-26 07:04:00,454.23
2014-04-26 11:04:00,452.30
2014-04-26 15:04:00,455.21
2014-04-26 19:04:00,463.84
2014-04-26 23:04:00,463.45
2014-04-27 03:04:00,459.76
2014-04-27 07:04:00,457.18
2014-04-27 11:04:00,455.85
2014-04-27 15:04:00,455.67
2014-04-27 19:04:00,446.21
2014-04-27 23:04:00,445.30
2014-04-28 03:04:00,436.88
2014-04-28 07:04:00,429.99
2014-04-28 11:04:00,433.19
2014-04-28 15:04:00,440.30
2014-04-28 19:04:00,447.52
2014-04-28 23:04:00,455.58
2014-04-29 03:04:00,452.29
2014-04-29 07:04:00,442.11
2014-04-29 11:04:00,443.41
2014-04-29 15:04:00,449.40
2014-04-29 19:04:00,447.58
2014-04-29 23:04:00,455.05
2014-04-30 03:04:00,451.65
2014-04-30 07:04:00,450.51
2014-04-30 11:04:00,443.14
2014-04-30 15:04:00,444.61
2014-04-30 19:04:00,449.04
2014-04-30 23:04:00,452.04
2014-05-01 03:05:00,453.28
2014-05-01 07:05:00,456.78
2014-05-01 11:05:00,454.78
2014-05-01 15:05:00,454.72
2014-05-01 19:05:00,458.02
2014-05-01 23:05:00,459.95
2014-05-02 03:05:00,459.33
2014-05-02 07:05:00,455.07
2014-05-02 11:05:00,449.31
2014-05-02 15:05:00,449.34
2014-05-02 19:05:00,454.74
2014-05-02 23:05:00,452.04
2014-05-03 03:05:00,450.52
2014-05-03 07:05:00,447.56
2014-05-03 11:05:00,442.70
2014-05-03 15:05:00,442.03
2014-05-03 19:05:00,437.66
2014-05-03 23:05:00,438.00
2014-05-04 03:05:00,439.19
2014-05-04 07:05:00,435.71
2014-05-04 11:05:00,433.39
2014-05-04 15:05:00,433.05
2014-05-04 19:05:00,435.52
2014-05-04 23:05:00,438.94
2014-05-05 03:05:00,439.78
2014-05-05 07:05:00,436.84
2014-05-05 11:05:00,433.31
2014-05-05 15:05:00,433.92
2014-05-05 19:05:00,437.01
2014-05-05 23:05:00,436.36
2014-05-06 03:05:00,431.77
2014-05-06 07:05:00,427.20
2014-05-06 11:05:00,430.38
2014-05-06 15:05:00,432.99
2014-05-06 19:05:00,434.73
2014-05-06 23:05:00,436.49
2014-05-07 03:05:00,434.09
2014-05-07 07:05:00,433.34
2014-05-07 11:05:00,433.87
2014-05-07 15:05:00,439.68
2014-05-07 19:05:00,444.88
2014-05-07 23:05:00,448.68
2014-05-08 03:05:00,445.58
2014-05-08 07:05:00,450.11
2014-05-08 11:05:00,446.61
2014-05-08 15:05:00,444.91
2014-05-08 19:05:00,442.45
2014-05-08 23:05:00,446.20
2014-05-09 03:05:00,443.49
2014-05-09 07:05:00,444.72
2014-05-09 11:05:00,445.56
2014-05-09 15:05:00,447.36
2014-05-09 19:05:00,451.54
2014-05-09 23:05:00,452.70
2014-05-10 03:05:00,467.78
2014-05-10 07:05:00,458.72
2014-05-10 11:05:00,460.10
2014-05-10 15:05:00,478.49
2014-05-10 19:05:00,477.13
2014-05-10 23:05:00,497.18
2014-05-11 03:05:00,463.11
2014-05-11 07:05:00,451.90
2014-05-11 11:05:00,445.81
2014-05-11 15:05:00,444.70
2014-05-11 19:05:00,436.81
2014-05-11 23:05:00,439.25
2014-05-12 03:05:00,436.94
2014-05-12 07:05:00,434.42
2014-05-12 11:05:00,440.85
2014-05-12 15:05:00,444.40
2014-05-12 19:05:00,448.81
2014-05-12 23:05:00,438.30
2014-05-13 03:05:00,436.57
2014-05-13 07:05:00,448.64
2014-05-13 11:05:00,436.96
2014-05-13 15:05:00,439.67
2014-05-13 19:05:00,438.11
2014-05-13 23:05:00,438.14
2014-05-14 03:05:00,439.17
2014-05-14 07:05:00,443.36
2014-05-14 11:05:00,442.37
2014-05-14 15:05:00,449.15
2014-05-14 19:05:00,450.34
2014-05-14 23:05:00,446.53
2014-05-15 03:05:00,459.75
2014-05-15 07:05:00,446.07
2014-05-15 11:05:00,449.08
2014-05-15 15:05:00,457.48
2014-05-15 19:05:00,457.69
2014-05-15 23:05:00,458.71
2014-05-16 03:05:00,451.75
2014-05-16 07:05:00,448.58
2014-05-16 11:05:00,449.24
2014-05-16 15:05:00,457.30
2014-05-16 19:05:00,464.74
2014-05-16 23:05:00,455.17
2014-05-17 03:05:00,461.28
2014-05-17 07:05:00,455.32
2014-05-17 11:05:00,453.71
2014-05-17 15:05:00,455.40
2014-05-17 19:05:00,452.79
2014-05-17 23:05:00,452.98
2014-05-18 03:05:00,453.11
2014-05-18 07:05:00,450.84
2014-05-18 11:05:00,451.23
2014-05-18 15:05:00,451.06
2014-05-18 19:05:00,449.71
2014-05-18 23:05:00,449.86
2014-05-19 03:05:00,450.49
2014-05-19 07:05:00,450.26
2014-05-19 11:05:00,446.58
2014-05-19 15:05:00,442.71
2014-05-19 19:05:00,445.45
2014-05-19 23:05:00,443.45
2014-05-20 03:05:00,453.58
2014-05-20 07:05:00,454.57
2014-05-20 11:05:00,457.37
2014-05-20 15:05:00,456.73
2014-05-20 19:05:00,483.44
2014-05-20 23:05:00,481.08
2014-05-21 03:05:00,490.25
2014-05-21 07:05:00,489.46
2014-05-21 11:05:00,491.45
2014-05-21 15:05:00,493.57
2014-05-21 19:05:00,505.39
2014-05-21 23:05:00,488.34
2014-05-22 03:05:00,495.64
2014-05-22 07:05:00,494.93
2014-05-22 11:05:00,504.64
2014-05-22 15:05:00,509.60
2014-05-22 19:05:00,514.06
2014-05-22 23:05:00,520.72
2014-05-23 03:05:00,523.09
2014-05-23 07:05:00,524.24
2014-05-23 11:05:00,528.38
2014-05-23 15:05:00,537.19
2014-05-23 19:05:00,527.05
2014-05-23 23:05:00,524.29
2014-05-24 03:05:00,525.90
2014-05-24 07:05:00,519.60
2014-05-24 11:05:00,521.41
2014-05-24 15:05:00,519.74
2014-05-24 19:05:00,523.80
2014-05-24 23:05:00,522.00
2014-05-25 03:05:00,531.91
2014-05-25 07:05:00,542.62
2014-05-25 11:05:00,566.63
2014-05-25 15:05:00,563.47
2014-05-25 19:05:00,569.52
2014-05-25 23:05:00,582.53
2014-05-26 03:05:00,573.83
2014-05-26 07:05:00,579.02
2014-05-26 11:05:00,580.99
2014-05-26 15:05:00,579.23
2014-05-26 19:05:00,579.70
2014-05-26 23:05:00,581.34
2014-05-27 03:05:00,586.70
2014-05-27 07:05:00,584.42
2014-05-27 11:05:00,565.71
2014-05-27 15:05:00,571.52
2014-05-27 19:05:00,581.70
2014-05-27 23:05:00,589.11
2014-05-28 03:05:00,577.14
2014-05-28 07:05:00,581.60
2014-05-28 11:05:00,574.05
2014-05-28 15:05:00,570.85
2014-05-28 19:05:00,573.83
2014-05-28 23:05:00,576.84
2014-05-29 03:05:00,573.72
2014-05-29 07:05:00,565.09
2014-05-29 11:05:00,561.28
2014-05-29 15:05:00,565.71
2014-05-29 19:05:00,565.29
2014-05-29 23:05:00,575.17
2014-05-30 03:05:00,575.92
2014-05-30 07:05:00,572.03
2014-05-30 11:05:00,577.62
2014-05-30 15:05:00,603.10
2014-05-30 19:05:00,608.02
2014-05-30 23:05:00,615.27
2014-05-31 03:05:00,614.37
2014-05-31 07:05:00,616.05
2014-05-31 11:05:00,620.59
2014-05-31 15:05:00,622.80
2014-05-31 19:05:00,622.75
2014-05-31 23:05:00,629.93
2014-06-01 03:06:00,636.98
2014-06-01 07:06:00,659.51
2014-06-01 11:06:00,655.53
2014-06-01 15:06:00,656.89
2014-06-01 19:06:00,668.15
2014-06-01 23:06:00,653.22
2014-06-02 03:06:00,646.86
2014-06-02 07:06:00,642.69
2014-06-02 11:06:00,637.16
2014-06-02 15:06:00,634.98
2014-06-02 19:06:00,635.23
2014-06-02 23:06:00,651.97
2014-06-03 03:06:00,657.80
2014-06-03 07:06:00,662.67
2014-06-03 11:06:00,641.78
2014-06-03 15:06:00,662.33
2014-06-03 19:06:00,671.34
2014-06-03 23:06:00,666.81
2014-06-04 03:06:00,648.53
2014-06-04 07:06:00,633.16
2014-06-04 11:06:00,634.68
2014-06-04 15:06:00,646.08
2014-06-04 19:06:00,651.14
2014-06-04 23:06:00,645.20
2014-06-05 03:06:00,648.02
2014-06-05 07:06:00,651.39
2014-06-05 11:06:00,650.62
2014-06-05 15:06:00,660.29
2014-06-05 19:06:00,656.83
2014-06-05 23:06:00,679.77
2014-06-06 03:06:00,661.02
2014-06-06 07:06:00,658.40
2014-06-06 11:06:00,657.59
2014-06-06 15:06:00,659.67
2014-06-06 19:06:00,659.35
2014-06-06 23:06:00,659.23
2014-06-07 03:06:00,656.65
2014-06-07 07:06:00,658.67
2014-06-07 11:06:00,655.22
2014-06-07 15:06:00,659.64
2014-06-07 19:06:00,668.09
2014-06-07 23:06:00,662.86
2014-06-08 03:06:00,659.72
2014-06-08 07:06:00,652.87
2014-06-08 11:06:00,652.58
2014-06-08 15:06:00,654.17
2014-06-08 19:06:00,651.52
2014-06-08 23:06:00,655.48
2014-06-09 03:06:00,656.30
2014-06-09 07:06:00,651.48
2014-06-09 11:06:00,644.52
2014-06-09 15:06:00,660.44
2014-06-09 19:06:00,651.72
2014-06-09 23:06:00,651.28
2014-06-10 03:06:00,653.06
2014-06-10 07:06:00,647.42
2014-06-10 11:06:00,656.03
2014-06-10 15:06:00,661.47
2014-06-10 19:06:00,668.70
2014-06-10 23:06:00,660.19
2014-06-11 03:06:00,662.61
2014-06-11 07:06:00,656.31
2014-06-11 11:06:00,651.61
2014-06-11 15:06:00,650.96
2014-06-11 19:06:00,655.86
2014-06-11 23:06:00,652.35
2014-06-12 03:06:00,649.04
2014-06-12 07:06:00,643.46
2014-06-12 11:06:00,638.67
2014-06-12 15:06:00,638.85
2014-06-12 19:06:00,638.03
2014-06-12 23:06:00,622.60
2014-06-13 03:06:00,606.45
2014-06-13 07:06:00,606.27
2014-06-13 11:06:00,618.00
2014-06-13 15:06:00,616.00
2014-06-13 19:06:00,608.09
2014-06-13 23:06:00,611.81
2014-06-14 03:06:00,614.05
2014-06-14 07:06:00,608.89
2014-06-14 11:06:00,597.47
2014-06-14 15:06:00,591.76
2014-06-14 19:06:00,583.39
2014-06-14 23:06:00,581.08
2014-06-15 03:06:00,585.04
2014-06-15 07:06:00,584.07
2014-06-15 11:06:00,572.79
2014-06-15 15:06:00,569.18
2014-06-15 19:06:00,570.32
2014-06-15 23:06:00,576.80
2014-06-16 03:06:00,590.61
2014-06-16 07:06:00,599.08
2014-06-16 11:06:00,599.95
2014-06-16 15:06:00,607.27
2014-06-16 19:06:00,605.50
2014-06-16 23:06:00,608.57
2014-06-17 03:06:00,601.12
2014-06-17 07:06:00,601.70
2014-06-17 11:06:00,603.91
2014-06-17 15:06:00,611.19
2014-06-17 19:06:00,613.09
2014-06-17 23:06:00,619.07
2014-06-18 03:06:00,624.36
2014-06-18 07:06:00,612.43
2014-06-18 11:06:00,609.83
2014-06-18 15:06:00,611.86
2014-06-18 19:06:00,617.09
2014-06-18 23:06:00,616.56
2014-06-19 03:06:00,612.86
2014-06-19 07:06:00,610.85
2014-06-19 11:06:00,610.31
2014-06-19 15:06:00,615.50
2014-06-19 19:06:00,616.79
2014-06-19 23:06:00,612.71
2014-06-20 03:06:00,607.81
2014-06-20 07:06:00,620.12
2014-06-20 11:06:00,594.26
2014-06-20 15:06:00,607.73
2014-06-20 19:06:00,616.88
2014-06-20 23:06:00,606.30
2014-06-21 03:06:00,613.55
2014-06-21 07:06:00,589.85
2014-06-21 11:06:00,595.69
2014-06-21 15:06:00,607.47
2014-06-21 19:06:00,601.91
2014-06-21 23:06:00,604.09
2014-06-22 03:06:00,603.60
2014-06-22 07:06:00,610.34
2014-06-22 11:06:00,607.27
2014-06-22 15:06:00,606.84
2014-06-22 19:06:00,611.05
2014-06-22 23:06:00,614.53
2014-06-23 03:06:00,605.75
2014-06-23 07:06:00,600.46
2014-06-23 11:06:00,591.05
2014-06-23 15:06:00,595.96
2014-06-23 19:06:00,607.70
2014-06-23 23:06:00,606.88
2014-06-24 03:06:00,591.06
2014-06-24 07:06:00,598.45
2014-06-24 11:06:00,593.93
2014-06-24 15:06:00,596.10
2014-06-24 19:06:00,608.35
2014-06-24 23:06:00,595.75
2014-06-25 03:06:00,589.36
2014-06-25 07:06:00,586.24
2014-06-25 11:06:00,575.95
2014-06-25 15:06:00,579.19
2014-06-25 19:06:00,585.10
2014-06-25 23:06:00,569.90
2014-06-26 03:06:00,584.91
2014-06-26 07:06:00,578.53
2014-06-26 11:06:00,574.91
2014-06-26 15:06:00,577.05
2014-06-26 19:06:00,582.35
2014-06-26 23:06:00,575.65
2014-06-27 03:06:00,592.61
2014-06-27 07:06:00,587.26
2014-06-27 11:06:00,586.66
2014-06-27 15:06:00,598.86
2014-06-27 19:06:00,600.30
2014-06-27 23:06:00,599.27
2014-06-28 03:06:00,608.73
2014-06-28 07:06:00,605.82
2014-06-28 11:06:00,603.01
2014-06-28 15:06:00,603.75
2014-06-28 19:06:00,604.67
2014-06-28 23:06:00,605.09
2014-06-29 03:06:00,604.45
2014-06-29 07:06:00,602.37
2014-06-29 11:06:00,599.19
2014-06-29 15:06:00,596.16
2014-06-29 19:06:00,598.76
2014-06-29 23:06:00,600.65
2014-06-30 03:06:00,603.90
2014-06-30 07:06:00,608.51
2014-06-30 11:06:00,623.66
2014-06-30 15:06:00,624.04
2014-06-30 19:06:00,634.32
2014-06-30 23:06:00,639.56
2014-07-01 03:07:00,641.43
2014-07-01 07:07:00,641.96
2014-07-01 11:07:00,649.69
2014-07-01 15:07:00,654.89
2014-07-01 19:07:00,664.65
2014-07-01 23:07:00,652.82
2014-07-02 03:07:00,643.29
2014-07-02 07:07:00,637.82
2014-07-02 11:07:00,639.91
2014-07-02 15:07:00,645.30
2014-07-02 19:07:00,660.17
2014-07-02 23:07:00,656.24
2014-07-03 03:07:00,645.54
2014-07-03 07:07:00,644.20
2014-07-03 11:07:00,643.25
2014-07-03 15:07:00,643.64
2014-07-03 19:07:00,646.31
2014-07-03 23:07:00,636.57
2014-07-04 03:07:00,643.40
2014-07-04 07:07:00,642.36
2014-07-04 11:07:00,636.16
2014-07-04 15:07:00,630.06
2014-07-04 19:07:00,632.58
2014-07-04 23:07:00,630.46
2014-07-05 03:07:00,626.95
2014-07-05 07:07:00,623.54
2014-07-05 11:07:00,624.35
2014-07-05 15:07:00,628.30
2014-07-05 19:07:00,629.59
2014-07-05 23:07:00,626.49
2014-07-06 03:07:00,630.44
2014-07-06 07:07:00,627.77
2014-07-06 11:07:00,625.07
2014-07-06 15:07:00,630.67
2014-07-06 19:07:00,631.68
2014-07-06 23:07:00,627.77
2014-07-07 03:07:00,628.46
2014-07-07 07:07:00,628.74
2014-07-07 11:07:00,623.40
2014-07-07 15:07:00,624.72
2014-07-07 19:07:00,635.15
2014-07-07 23:07:00,632.17
2014-07-08 03:07:00,628.53
2014-07-08 07:07:00,625.44
2014-07-08 11:07:00,615.58
2014-07-08 15:07:00,622.31
2014-07-08 19:07:00,624.47
2014-07-08 23:07:00,633.42
2014-07-09 03:07:00,623.99
2014-07-09 07:07:00,617.85
2014-07-09 11:07:00,616.68
2014-07-09 15:07:00,625.29
2014-07-09 19:07:00,636.57
2014-07-09 23:07:00,631.80
2014-07-10 03:07:00,630.10
2014-07-10 07:07:00,624.73
2014-07-10 11:07:00,616.63
2014-07-10 15:07:00,621.17
2014-07-10 19:07:00,624.98
2014-07-10 23:07:00,631.08
2014-07-11 03:07:00,618.56
2014-07-11 07:07:00,625.39
2014-07-11 11:07:00,621.49
2014-07-11 15:07:00,631.98
2014-07-11 19:07:00,633.56
2014-07-11 23:07:00,643.80
2014-07-12 03:07:00,635.72
2014-07-12 07:07:00,633.67
2014-07-12 11:07:00,633.17
2014-07-12 15:07:00,634.01
2014-07-12 19:07:00,637.64
2014-07-12 23:07:00,633.82
2014-07-13 03:07:00,639.36
2014-07-13 07:07:00,634.99
2014-07-13 11:07:00,632.48
2014-07-13 15:07:00,635.01
2014-07-13 19:07:00,638.18
2014-07-13 23:07:00,634.58
2014-07-14 03:07:00,631.73
2014-07-14 07:07:00,628.24
2014-07-14 11:07:00,623.73
2014-07-14 15:07:00,624.78
2014-07-14 19:07:00,628.23
2014-07-14 23:07:00,628.64
2014-07-15 03:07:00,625.39
2014-07-15 07:07:00,623.81
2014-07-15 11:07:00,622.34
2014-07-15 15:07:00,628.49
2014-07-15 19:07:00,626.11
2014-07-15 23:07:00,628.66
2014-07-16 03:07:00,631.49
2014-07-16 07:07:00,620.44
2014-07-16 11:07:00,618.44
2014-07-16 15:07:00,618.91
2014-07-16 19:07:00,627.60
2014-07-16 23:07:00,629.61
2014-07-17 03:07:00,624.60
2014-07-17 07:07:00,620.83
2014-07-17 11:07:00,618.20
2014-07-17 15:07:00,622.15
2014-07-17 19:07:00,633.40
2014-07-17 23:07:00,637.16
2014-07-18 03:07:00,628.29
2014-07-18 07:07:00,628.90
2014-07-18 11:07:00,625.18
2014-07-18 15:07:00,623.74
2014-07-18 19:07:00,635.14
2014-07-18 23:07:00,636.74
2014-07-19 03:07:00,629.84
2014-07-19 07:07:00,630.16
2014-07-19 11:07:00,629.04
2014-07-19 15:07:00,632.11
2014-07-19 19:07:00,635.24
2014-07-19 23:07:00,636.22
2014-07-20 03:07:00,628.57
2014-07-20 07:07:00,624.83
2014-07-20 11:07:00,627.54
2014-07-20 15:07:00,622.21
2014-07-20 19:07:00,627.22
2014-07-20 23:07:00,627.58
2014-07-21 03:07:00,629.77
2014-07-21 07:07:00,621.17
2014-07-21 11:07:00,621.43
2014-07-21 15:07:00,628.72
2014-07-21 19:07:00,631.66
2014-07-21 23:07:00,638.52
2014-07-22 03:07:00,634.78
2014-07-22 07:07:00,629.40
2014-07-22 11:07:00,623.59
2014-07-22 15:07:00,630.76
2014-07-22 19:07:00,631.45
2014-07-22 23:07:00,635.25
2014-07-23 03:07:00,636.18
2014-07-23 07:07:00,625.77
2014-07-23 11:07:00,625.85
2014-07-23 15:07:00,630.09
2014-07-23 19:07:00,635.18
2014-07-23 23:07:00,638.92
2014-07-24 03:07:00,638.83
2014-07-24 07:07:00,628.88
2014-07-24 11:07:00,617.82
2014-07-24 15:07:00,609.11
2014-07-24 19:07:00,607.58
2014-07-24 23:07:00,606.95
2014-07-25 03:07:00,607.51
2014-07-25 07:07:00,607.02
2014-07-25 11:07:00,601.48
2014-07-25 15:07:00,603.19
2014-07-25 19:07:00,614.22
2014-07-25 23:07:00,607.90
2014-07-26 03:07:00,605.71
2014-07-26 07:07:00,599.66
2014-07-26 11:07:00,594.93
2014-07-26 15:07:00,600.88
2014-07-26 19:07:00,607.21
2014-07-26 23:07:00,603.79
2014-07-27 03:07:00,599.10
2014-07-27 07:07:00,599.00
2014-07-27 11:07:00,599.38
2014-07-27 15:07:00,598.76
2014-07-27 19:07:00,600.98
2014-07-27 23:07:00,602.08
2014-07-28 03:07:00,595.90
2014-07-28 07:07:00,587.59
2014-07-28 11:07:00,587.69
2014-07-28 15:07:00,588.50
2014-07-28 19:07:00,594.80
2014-07-28 23:07:00,615.63
2014-07-29 03:07:00,593.60
2014-07-29 07:07:00,589.43
2014-07-29 11:07:00,587.45
2014-07-29 15:07:00,586.97
2014-07-29 19:07:00,591.13
2014-07-29 23:07:00,593.20
2014-07-30 03:07:00,588.96
2014-07-30 07:07:00,585.28
2014-07-30 11:07:00,579.83
2014-07-30 15:07:00,581.00
2014-07-30 19:07:00,585.44
2014-07-30 23:07:00,581.46
2014-07-31 03:07:00,569.76
2014-07-31 07:07:00,573.90
2014-07-31 11:07:00,575.39
2014-07-31 15:07:00,587.12
2014-07-31 19:07:00,601.63
2014-07-31 23:07:00,597.59
2014-08-01 03:08:00,594.65
2014-08-01 07:08:00,592.83
2014-08-01 11:08:00,596.72
2014-08-01 15:08:00,598.32
2014-08-01 19:08:00,602.57
2014-08-01 23:08:00,607.77
2014-08-02 03:08:00,603.90
2014-08-02 07:08:00,601.02
2014-08-02 11:08:00,595.40
2014-08-02 15:08:00,591.19
2014-08-02 19:08:00,608.96
2014-08-02 23:08:00,614.09
2014-08-03 03:08:00,601.68
2014-08-03 07:08:00,596.95
2014-08-03 11:08:00,586.86
2014-08-03 15:08:00,587.47
2014-08-03 19:08:00,594.98
2014-08-03 23:08:00,600.88
2014-08-04 03:08:00,597.79
2014-08-04 07:08:00,597.05
2014-08-04 11:08:00,588.85
2014-08-04 15:08:00,592.54
2014-08-04 19:08:00,602.83
2014-08-04 23:08:00,616.16
2014-08-05 03:08:00,596.59
2014-08-05 07:08:00,592.44
2014-08-05 11:08:00,590.63
2014-08-05 15:08:00,591.15
2014-08-05 19:08:00,602.39
2014-08-05 23:08:00,588.79
2014-08-06 03:08:00,600.13
2014-08-06 07:08:00,591.13
2014-08-06 11:08:00,588.34
2014-08-06 15:08:00,592.95
2014-08-06 19:08:00,594.71
2014-08-06 23:08:00,589.47
2014-08-07 03:08:00,592.03
2014-08-07 07:08:00,588.78
2014-08-07 11:08:00,589.01
2014-08-07 15:08:00,593.52
2014-08-07 19:08:00,592.59
2014-08-07 23:08:00,597.18
2014-08-08 03:08:00,605.75
2014-08-08 07:08:00,604.47
2014-08-08 11:08:00,596.88
2014-08-08 15:08:00,600.53
2014-08-08 19:08:00,606.71
2014-08-08 23:08:00,603.11
2014-08-09 03:08:00,593.64
2014-08-09 07:08:00,591.48
2014-08-09 11:08:00,589.17
2014-08-09 15:08:00,593.66
2014-08-09 19:08:00,607.57
2014-08-09 23:08:00,594.22
2014-08-10 03:08:00,595.71
2014-08-10 07:08:00,592.25
2014-08-10 11:08:00,594.60
2014-08-10 15:08:00,594.82
2014-08-10 19:08:00,598.87
2014-08-10 23:08:00,594.34
2014-08-11 03:08:00,592.58
2014-08-11 07:08:00,591.11
2014-08-11 11:08:00,591.45
2014-08-11 15:08:00,590.22
2014-08-11 19:08:00,584.77
2014-08-11 23:08:00,588.93
2014-08-12 03:08:00,573.72
2014-08-12 07:08:00,568.49
2014-08-12 11:08:00,567.36
2014-08-12 15:08:00,568.22
2014-08-12 19:08:00,567.92
2014-08-12 23:08:00,578.04
2014-08-13 03:08:00,578.02
2014-08-13 07:08:00,556.24
2014-08-13 11:08:00,552.28
2014-08-13 15:08:00,542.16
2014-08-13 19:08:00,540.37
2014-08-13 23:08:00,549.97
2014-08-14 03:08:00,538.52
2014-08-14 07:08:00,529.71
2014-08-14 11:08:00,514.40
2014-08-14 15:08:00,509.76
2014-08-14 19:08:00,512.44
2014-08-14 23:08:00,510.57
2014-08-15 03:08:00,512.28
2014-08-15 07:08:00,511.04
2014-08-15 11:08:00,509.63
2014-08-15 15:08:00,507.94
2014-08-15 19:08:00,497.43
2014-08-15 23:08:00,507.28
2014-08-16 03:08:00,494.49
2014-08-16 07:08:00,493.96
2014-08-16 11:08:00,489.37
2014-08-16 15:08:00,504.69
2014-08-16 19:08:00,515.70
2014-08-16 23:08:00,522.25
2014-08-17 03:08:00,521.85
2014-08-17 07:08:00,514.79
2014-08-17 11:08:00,504.86
2014-08-17 15:08:00,494.01
2014-08-17 19:08:00,496.71
2014-08-17 23:08:00,499.05
2014-08-18 03:08:00,488.49
2014-08-18 07:08:00,486.43
2014-08-18 11:08:00,471.20
2014-08-18 15:08:00,461.10
2014-08-18 19:08:00,464.49
2014-08-18 23:08:00,471.79
2014-08-19 03:08:00,470.48
2014-08-19 07:08:00,470.13
2014-08-19 11:08:00,474.89
2014-08-19 15:08:00,479.78
2014-08-19 19:08:00,491.23
2014-08-19 23:08:00,494.44
2014-08-20 03:08:00,502.72
2014-08-20 07:08:00,476.65
2014-08-20 11:08:00,477.28
2014-08-20 15:08:00,500.15
2014-08-20 19:08:00,520.62
2014-08-20 23:08:00,521.95
2014-08-21 03:08:00,531.94
2014-08-21 07:08:00,522.28
2014-08-21 11:08:00,519.91
2014-08-21 15:08:00,528.97
2014-08-21 19:08:00,531.10
2014-08-21 23:08:00,526.78
2014-08-22 03:08:00,520.31
2014-08-22 07:08:00,507.18
2014-08-22 11:08:00,509.75
2014-08-22 15:08:00,517.69
2014-08-22 19:08:00,523.71
2014-08-22 23:08:00,518.99
2014-08-23 03:08:00,519.46
2014-08-23 07:08:00,509.61
2014-08-23 11:08:00,501.82
2014-08-23 15:08:00,513.78
2014-08-23 19:08:00,514.81
2014-08-23 23:08:00,502.21
2014-08-24 03:08:00,510.52
2014-08-24 07:08:00,508.55
2014-08-24 11:08:00,501.30
2014-08-24 15:08:00,504.98
2014-08-24 19:08:00,514.24
2014-08-24 23:08:00,521.77
2014-08-25 03:08:00,510.32
2014-08-25 07:08:00,512.68
2014-08-25 11:08:00,504.88
2014-08-25 15:08:00,514.50
2014-08-25 19:08:00,526.64
2014-08-25 23:08:00,517.66
2014-08-26 03:08:00,517.71
2014-08-26 07:08:00,511.19
2014-08-26 11:08:00,508.75
2014-08-26 15:08:00,519.26
2014-08-26 19:08:00,525.24
2014-08-26 23:08:00,522.51
2014-08-27 03:08:00,521.59
2014-08-27 07:08:00,521.65
2014-08-27 11:08:00,524.92
2014-08-27 15:08:00,521.41
2014-08-27 19:08:00,524.14
2014-08-27 23:08:00,527.45
2014-08-28 03:08:00,520.81
2014-08-28 07:08:00,511.06
2014-08-28 11:08:00,516.94
2014-08-28 15:08:00,515.90
2014-08-28 19:08:00,519.64
2014-08-28 23:08:00,518.67
2014-08-29 03:08:00,520.64
2014-08-29 07:08:00,514.91
2014-08-29 11:08:00,509.75
2014-08-29 15:08:00,514.69
2014-08-29 19:08:00,516.27
2014-08-29 23:08:00,516.16
2014-08-30 03:08:00,522.55
2014-08-30 07:08:00,507.54
2014-08-30 11:08:00,506.00
2014-08-30 15:08:00,505.34
2014-08-30 19:08:00,504.35
2014-08-30 23:08:00,505.53
2014-08-31 03:08:00,504.73
2014-08-31 07:08:00,501.19
2014-08-31 11:08:00,492.48
2014-08-31 15:08:00,490.29
2014-08-31 19:08:00,484.42
2014-08-31 23:08:00,482.57
2014-09-01 03:09:00,480.82
2014-09-01 07:09:00,476.29
2014-09-01 11:09:00,481.95
2014-09-01 15:09:00,481.96
2014-09-01 19:09:00,482.63
2014-09-01 23:09:00,480.37
2014-09-02 03:09:00,475.54
2014-09-02 07:09:00,477.81
2014-09-02 11:09:00,478.50
2014-09-02 15:09:00,479.04
2014-09-02 19:09:00,498.30
2014-09-02 23:09:00,497.47
2014-09-03 03:09:00,495.09
2014-09-03 07:09:00,488.57
2014-09-03 11:09:00,482.72
2014-09-03 15:09:00,489.77
2014-09-03 19:09:00,494.05
2014-09-03 23:09:00,494.00
2014-09-04 03:09:00,488.28
2014-09-04 07:09:00,483.11
2014-09-04 11:09:00,483.87
2014-09-04 15:09:00,491.35
2014-09-04 19:09:00,500.07
2014-09-04 23:09:00,499.37
2014-09-05 03:09:00,494.98
2014-09-05 07:09:00,495.65
2014-09-05 11:09:00,494.11
2014-09-05 15:09:00,504.27
2014-09-05 19:09:00,503.13
2014-09-05 23:09:00,499.91
2014-09-06 03:09:00,496.94
2014-09-06 07:09:00,490.92
2014-09-06 11:09:00,486.07
2014-09-06 15:09:00,492.68
2014-09-06 19:09:00,510.04
2014-09-06 23:09:00,497.73
2014-09-07 03:09:00,497.09
2014-09-07 07:09:00,491.03
2014-09-07 11:09:00,488.79
2014-09-07 15:09:00,493.42
2014-09-07 19:09:00,494.39
2014-09-07 23:09:00,491.61
2014-09-08 03:09:00,484.17
2014-09-08 07:09:00,483.42
2014-09-08 11:09:00,474.77
2014-09-08 15:09:00,479.84
2014-09-08 19:09:00,492.56
2014-09-08 23:09:00,494.20
2014-09-09 03:09:00,490.39
2014-09-09 07:09:00,475.58
2014-09-09 11:09:00,472.20
2014-09-09 15:09:00,484.30
2014-09-09 19:09:00,489.08
2014-09-09 23:09:00,487.02
2014-09-10 03:09:00,482.51
2014-09-10 07:09:00,479.84
2014-09-10 11:09:00,484.12
2014-09-10 15:09:00,492.33
2014-09-10 19:09:00,496.87
2014-09-10 23:09:00,494.10
2014-09-11 03:09:00,493.54
2014-09-11 07:09:00,485.04
2014-09-11 11:09:00,482.38
2014-09-11 15:09:00,487.53
2014-09-11 19:09:00,492.55
2014-09-11 23:09:00,500.75
2014-09-12 03:09:00,498.79
2014-09-12 07:09:00,480.86
2014-09-12 11:09:00,479.30
2014-09-12 15:09:00,485.53
2014-09-12 19:09:00,492.64
2014-09-12 23:09:00,494.92
2014-09-13 03:09:00,490.48
2014-09-13 07:09:00,479.35
2014-09-13 11:09:00,478.46
2014-09-13 15:09:00,483.37
2014-09-13 19:09:00,499.69
2014-09-13 23:09:00,489.64
2014-09-14 03:09:00,486.34
2014-09-14 07:09:00,480.03
2014-09-14 11:09:00,477.39
2014-09-14 15:09:00,479.11
2014-09-14 19:09:00,491.42
2014-09-14 23:09:00,487.14
2014-09-15 03:09:00,484.26
2014-09-15 07:09:00,481.34
2014-09-15 11:09:00,478.99
2014-09-15 15:09:00,486.61
2014-09-15 19:09:00,501.24
2014-09-15 23:09:00,493.01
2014-09-16 03:09:00,485.04
2014-09-16 07:09:00,480.06
2014-09-16 11:09:00,477.00
2014-09-16 15:09:00,481.19
2014-09-16 19:09:00,484.02
2014-09-16 23:09:00,478.78
2014-09-17 03:09:00,475.80
2014-09-17 07:09:00,472.66
2014-09-17 11:09:00,467.58
2014-09-17 15:09:00,471.59
2014-09-17 19:09:00,465.66
2014-09-17 23:09:00,467.28
2014-09-18 03:09:00,463.35
2014-09-18 07:09:00,459.34
2014-09-18 11:09:00,454.49
2014-09-18 15:09:00,440.37
2014-09-18 19:09:00,433.47
2014-09-18 23:09:00,426.37
2014-09-19 03:09:00,435.61
2014-09-19 07:09:00,430.44
2014-09-19 11:09:00,402.02
2014-09-19 15:09:00,398.43
2014-09-19 19:09:00,404.79
2014-09-19 23:09:00,402.49
2014-09-20 03:09:00,399.59
2014-09-20 07:09:00,413.74
2014-09-20 11:09:00,418.36
2014-09-20 15:09:00,420.90
2014-09-20 19:09:00,423.96
2014-09-20 23:09:00,416.21
2014-09-21 03:09:00,415.52
2014-09-21 07:09:00,402.92
2014-09-21 11:09:00,401.90
2014-09-21 15:09:00,405.35
2014-09-21 19:09:00,408.12
2014-09-21 23:09:00,405.00
2014-09-22 03:09:00,404.92
2014-09-22 07:09:00,413.87
2014-09-22 11:09:00,410.30
2014-09-22 15:09:00,405.01
2014-09-22 19:09:00,412.45
2014-09-22 23:09:00,410.21
2014-09-23 03:09:00,407.37
2014-09-23 07:09:00,406.91
2014-09-23 11:09:00,401.00
2014-09-23 15:09:00,398.84
2014-09-23 19:09:00,419.03
2014-09-23 23:09:00,438.41
2014-09-24 03:09:00,437.46
2014-09-24 07:09:00,431.25
2014-09-24 11:09:00,427.29
2014-09-24 15:09:00,432.43
2014-09-24 19:09:00,431.67
2014-09-24 23:09:00,430.15
2014-09-25 03:09:00,424.14
2014-09-25 07:09:00,417.99
2014-09-25 11:09:00,415.09
2014-09-25 15:09:00,417.43
2014-09-25 19:09:00,422.70
2014-09-25 23:09:00,418.01
2014-09-26 03:09:00,418.13
2014-09-26 07:09:00,413.11
2014-09-26 11:09:00,405.36
2014-09-26 15:09:00,405.77
2014-09-26 19:09:00,409.63
2014-09-26 23:09:00,411.35
2014-09-27 03:09:00,410.30
2014-09-27 07:09:00,406.90
2014-09-27 11:09:00,404.78
2014-09-27 15:09:00,406.90
2014-09-27 19:09:00,404.07
2014-09-27 23:09:00,403.67
2014-09-28 03:09:00,403.73
2014-09-28 07:09:00,399.62
2014-09-28 11:09:00,397.64
2014-09-28 15:09:00,392.65
2014-09-28 19:09:00,388.29
2014-09-28 23:09:00,383.67
2014-09-29 03:09:00,383.77
2014-09-29 07:09:00,380.57
2014-09-29 11:09:00,376.96
2014-09-29 15:09:00,386.16
2014-09-29 19:09:00,386.59
2014-09-29 23:09:00,382.34
2014-09-30 03:09:00,380.97
2014-09-30 07:09:00,378.80
2014-09-30 11:09:00,378.08
2014-09-30 15:09:00,384.34
2014-09-30 19:09:00,389.84
2014-09-30 23:09:00,393.84
2014-10-01 03:10:00,393.88
2014-10-01 07:10:00,392.14
2014-10-01 11:10:00,388.64
2014-10-01 15:10:00,384.58
2014-10-01 19:10:00,387.78
2014-10-01 23:10:00,388.14
2014-10-02 03:10:00,387.38
2014-10-02 07:10:00,384.84
2014-10-02 11:10:00,381.76
2014-10-02 15:10:00,380.77
2014-10-02 19:10:00,378.56
2014-10-02 23:10:00,383.40
2014-10-03 03:10:00,378.80
2014-10-03 07:10:00,377.15
2014-10-03 11:10:00,377.95
2014-10-03 15:10:00,372.63
2014-10-03 19:10:00,372.74
2014-10-03 23:10:00,370.20
2014-10-04 03:10:00,367.71
2014-10-04 07:10:00,365.75
2014-10-04 11:10:00,354.86
2014-10-04 15:10:00,347.07
2014-10-04 19:10:00,339.82
2014-10-04 23:10:00,334.61
2014-10-05 03:10:00,337.88
2014-10-05 07:10:00,336.91
2014-10-05 11:10:00,317.76
2014-10-05 15:10:00,315.62
2014-10-05 19:10:00,305.66
2014-10-05 23:10:00,312.68
2014-10-06 03:10:00,312.80
2014-10-06 07:10:00,313.89
2014-10-06 11:10:00,328.71
2014-10-06 15:10:00,337.42
2014-10-06 19:10:00,341.89
2014-10-06 23:10:00,339.98
2014-10-07 03:10:00,337.87
2014-10-07 07:10:00,336.87
2014-10-07 11:10:00,326.87
2014-10-07 15:10:00,331.88
2014-10-07 19:10:00,334.25
2014-10-07 23:10:00,332.83
2014-10-08 03:10:00,334.32
2014-10-08 07:10:00,331.21
2014-10-08 11:10:00,337.78
2014-10-08 15:10:00,340.58
2014-10-08 19:10:00,346.02
2014-10-08 23:10:00,350.36
2014-10-09 03:10:00,355.67
2014-10-09 07:10:00,352.51
2014-10-09 11:10:00,360.92
2014-10-09 15:10:00,372.07
2014-10-09 19:10:00,377.48
2014-10-09 23:10:00,366.19
2014-10-10 03:10:00,368.30
2014-10-10 07:10:00,373.26
2014-10-10 11:10:00,366.78
2014-10-10 15:10:00,361.07
2014-10-10 19:10:00,362.93
2014-10-10 23:10:00,364.23
2014-10-11 03:10:00,366.93
2014-10-11 07:10:00,364.63
2014-10-11 11:10:00,358.62
2014-10-11 15:10:00,358.89
2014-10-11 19:10:00,361.17
2014-10-11 23:10:00,363.18
2014-10-12 03:10:00,362.66
2014-10-12 07:10:00,358.89
2014-10-12 11:10:00,356.32
2014-10-12 15:10:00,358.39
2014-10-12 19:10:00,365.89
2014-10-12 23:10:00,371.31
2014-10-13 03:10:00,373.30
2014-10-13 07:10:00,368.59
2014-10-13 11:10:00,375.24
2014-10-13 15:10:00,377.34
2014-10-13 19:10:00,379.11
2014-10-13 23:10:00,388.38
2014-10-14 03:10:00,391.21
2014-10-14 07:10:00,399.75
2014-10-14 11:10:00,399.40
2014-10-14 15:10:00,398.91
2014-10-14 19:10:00,404.35
2014-10-14 23:10:00,404.03
2014-10-15 03:10:00,396.55
2014-10-15 07:10:00,394.90
2014-10-15 11:10:00,391.54
2014-10-15 15:10:00,394.34
2014-10-15 19:10:00,395.28
2014-10-15 23:10:00,394.47
2014-10-16 03:10:00,397.88
2014-10-16 07:10:00,393.19
2014-10-16 11:10:00,392.02
2014-10-16 15:10:00,380.69
2014-10-16 19:10:00,380.56
2014-10-16 23:10:00,380.31
2014-10-17 03:10:00,382.55
2014-10-17 07:10:00,382.21
2014-10-17 11:10:00,380.11
2014-10-17 15:10:00,378.07
2014-10-17 19:10:00,381.71
2014-10-17 23:10:00,386.68
2014-10-18 03:10:00,380.96
2014-10-18 07:10:00,381.21
2014-10-18 11:10:00,380.63
2014-10-18 15:10:00,386.16
2014-10-18 19:10:00,395.56
2014-10-18 23:10:00,396.58
2014-10-19 03:10:00,395.17
2014-10-19 07:10:00,394.49
2014-10-19 11:10:00,390.35
2014-10-19 15:10:00,388.51
2014-10-19 19:10:00,393.07
2014-10-19 23:10:00,391.73
2014-10-20 03:10:00,388.26
2014-10-20 07:10:00,383.05
2014-10-20 11:10:00,381.23
2014-10-20 15:10:00,384.51
2014-10-20 19:10:00,388.50
2014-10-20 23:10:00,389.36
2014-10-21 03:10:00,386.20
2014-10-21 07:10:00,382.11
2014-10-21 11:10:00,383.32
2014-10-21 15:10:00,387.54
2014-10-21 19:10:00,391.29
2014-10-21 23:10:00,391.12
2014-10-22 03:10:00,388.30
2014-10-22 07:10:00,385.50
2014-10-22 11:10:00,378.91
2014-10-22 15:10:00,383.59
2014-10-22 19:10:00,388.06
2014-10-22 23:10:00,390.25
2014-10-23 03:10:00,386.84
2014-10-23 07:10:00,372.28
2014-10-23 11:10:00,365.94
2014-10-23 15:10:00,362.61
2014-10-23 19:10:00,363.46
2014-10-23 23:10:00,359.79
2014-10-24 03:10:00,357.64
2014-10-24 07:10:00,355.60
2014-10-24 11:10:00,358.66
2014-10-24 15:10:00,359.62
2014-10-24 19:10:00,360.15
2014-10-24 23:10:00,359.72
2014-10-25 03:10:00,357.12
2014-10-25 07:10:00,356.07
2014-10-25 11:10:00,345.50
2014-10-25 15:10:00,345.67
2014-10-25 19:10:00,352.79
2014-10-25 23:10:00,353.88
2014-10-26 03:10:00,347.53
2014-10-26 06:10:00,350.39
2014-10-26 10:10:00,353.26
2014-10-26 14:10:00,352.01
2014-10-26 18:10:00,353.97
2014-10-26 22:10:00,357.27
2014-10-27 02:10:00,354.44
2014-10-27 06:10:00,349.50
2014-10-27 10:10:00,351.30
2014-10-27 14:10:00,357.42
2014-10-27 18:10:00,363.16
2014-10-27 22:10:00,359.11
2014-10-28 02:10:00,358.60
2014-10-28 06:10:00,354.06
2014-10-28 10:10:00,354.75
2014-10-28 14:10:00,356.81
2014-10-28 18:10:00,358.50
2014-10-28 22:10:00,360.24
2014-10-29 02:10:00,356.22
2014-10-29 06:10:00,352.21
2014-10-29 10:10:00,349.05
2014-10-29 14:10:00,344.07
2014-10-29 18:10:00,346.28
2014-10-29 22:10:00,343.03
2014-10-30 02:10:00,338.87
2014-10-30 06:10:00,338.26
2014-10-30 10:10:00,337.14
2014-10-30 14:10:00,335.96
2014-10-30 18:10:00,346.64
2014-10-30 22:10:00,349.47
2014-10-31 02:10:00,347.47
2014-10-31 06:10:00,344.68
2014-10-31 10:10:00,341.98
2014-10-31 14:10:00,340.56
2014-10-31 18:10:00,343.87
2014-10-31 22:10:00,344.88
2014-11-01 02:11:00,342.63
2014-11-01 06:11:00,334.61
2014-11-01 10:11:00,328.46
2014-11-01 14:11:00,326.91
2014-11-01 18:11:00,328.98
2014-11-01 22:11:00,325.33
2014-11-02 02:11:00,328.10
2014-11-02 06:11:00,327.78
2014-11-02 10:11:00,323.49
2014-11-02 14:11:00,322.75
2014-11-02 18:11:00,326.92
2014-11-02 22:11:00,326.37
2014-11-03 02:11:00,329.36
2014-11-03 06:11:00,330.96
2014-11-03 10:11:00,326.76
2014-11-03 14:11:00,328.44
2014-11-03 18:11:00,332.22
2014-11-03 22:11:00,331.04
2014-11-04 02:11:00,327.54
2014-11-04 06:11:00,324.19
2014-11-04 10:11:00,322.94
2014-11-04 14:11:00,327.28
2014-11-04 18:11:00,329.00
2014-11-04 22:11:00,333.03
2014-11-05 02:11:00,333.39
2014-11-05 06:11:00,331.77
2014-11-05 10:11:00,333.42
2014-11-05 14:11:00,336.59
2014-11-05 18:11:00,342.62
2014-11-05 22:11:00,343.08
2014-11-06 02:11:00,341.24
2014-11-06 06:11:00,338.42
2014-11-06 10:11:00,338.74
2014-11-06 14:11:00,339.71
2014-11-06 18:11:00,350.26
2014-11-06 22:11:00,350.53
2014-11-07 02:11:00,349.79
2014-11-07 06:11:00,350.98
2014-11-07 10:11:00,345.58
2014-11-07 14:11:00,343.84
2014-11-07 18:11:00,347.40
2014-11-07 22:11:00,346.11
2014-11-08 02:11:00,346.98
2014-11-08 06:11:00,345.46
2014-11-08 10:11:00,342.28
2014-11-08 14:11:00,342.91
2014-11-08 18:11:00,348.88
2014-11-08 22:11:00,348.45
2014-11-09 02:11:00,346.63
2014-11-09 06:11:00,343.79
2014-11-09 10:11:00,348.18
2014-11-09 14:11:00,352.92
2014-11-09 18:11:00,358.35
2014-11-09 22:11:00,359.40
2014-11-10 02:11:00,360.83
2014-11-10 06:11:00,359.01
2014-11-10 10:11:00,363.28
2014-11-10 14:11:00,369.77
2014-11-10 18:11:00,375.23
2014-11-10 22:11:00,373.04
2014-11-11 02:11:00,369.08
2014-11-11 06:11:00,370.80
2014-11-11 10:11:00,368.50
2014-11-11 14:11:00,365.85
2014-11-11 18:11:00,366.03
2014-11-11 22:11:00,368.36
2014-11-12 02:11:00,375.45
2014-11-12 06:11:00,380.93
2014-11-12 10:11:00,382.64
2014-11-12 14:11:00,393.24
2014-11-12 18:11:00,424.94
2014-11-12 22:11:00,431.85
2014-11-13 02:11:00,443.16
2014-11-13 06:11:00,465.39
2014-11-13 10:11:00,440.74
2014-11-13 14:11:00,435.72
2014-11-13 18:11:00,419.99
2014-11-13 22:11:00,413.16
2014-11-14 02:11:00,408.57
2014-11-14 06:11:00,392.48
2014-11-14 10:11:00,391.21
2014-11-14 14:11:00,401.87
2014-11-14 18:11:00,395.44
2014-11-14 22:11:00,398.07
2014-11-15 02:11:00,400.20
2014-11-15 06:11:00,397.15
2014-11-15 10:11:00,394.57
2014-11-15 14:11:00,384.44
2014-11-15 18:11:00,377.27
2014-11-15 22:11:00,378.86
2014-11-16 02:11:00,377.42
2014-11-16 06:11:00,381.11
2014-11-16 10:11:00,386.20
2014-11-16 14:11:00,383.99
2014-11-16 18:11:00,380.52
2014-11-16 22:11:00,387.84
2014-11-17 02:11:00,398.16
2014-11-17 06:11:00,400.13
2014-11-17 10:11:00,404.87
2014-11-17 14:11:00,401.92
2014-11-17 18:11:00,393.10
2014-11-17 22:11:00,388.30
2014-11-18 02:11:00,390.44
2014-11-18 06:11:00,387.82
2014-11-18 10:11:00,382.70
2014-11-18 14:11:00,377.89
2014-11-18 18:11:00,382.37
2014-11-18 22:11:00,383.53
2014-11-19 02:11:00,380.69
2014-11-19 06:11:00,383.20
2014-11-19 10:11:00,386.10
2014-11-19 14:11:00,379.70
2014-11-19 18:11:00,381.26
2014-11-19 22:11:00,381.68
2014-11-20 02:11:00,381.52
2014-11-20 06:11:00,380.19
2014-11-20 10:11:00,365.55
2014-11-20 14:11:00,362.58
2014-11-20 18:11:00,364.33
2014-11-20 22:11:00,363.30
2014-11-21 02:11:00,353.98
2014-11-21 06:11:00,349.09
2014-11-21 10:11:00,350.98
2014-11-21 14:11:00,353.43
2014-11-21 18:11:00,357.15
2014-11-21 22:11:00,357.35
2014-11-22 02:11:00,355.08
2014-11-22 06:11:00,357.15
2014-11-22 10:11:00,359.24
2014-11-22 14:11:00,359.89
2014-11-22 18:11:00,359.14
2014-11-22 22:11:00,357.74
2014-11-23 02:11:00,357.10
2014-11-23 06:11:00,358.60
2014-11-23 10:11:00,357.43
2014-11-23 14:11:00,359.03
2014-11-23 18:11:00,367.99
2014-11-23 22:11:00,368.99
2014-11-24 02:11:00,368.68
2014-11-24 06:11:00,366.90
2014-11-24 10:11:00,371.98
2014-11-24 14:11:00,375.62
2014-11-24 18:11:00,381.59
2014-11-24 22:11:00,384.20
2014-11-25 02:11:00,385.01
2014-11-25 06:11:00,384.38
2014-11-25 10:11:00,390.08
2014-11-25 14:11:00,383.90
2014-11-25 18:11:00,377.19
2014-11-25 22:11:00,378.61
2014-11-26 02:11:00,372.18
2014-11-26 06:11:00,378.43
2014-11-26 10:11:00,368.91
2014-11-26 14:11:00,372.33
2014-11-26 18:11:00,371.99
2014-11-26 22:11:00,371.08
2014-11-27 02:11:00,373.73
2014-11-27 06:11:00,372.38
2014-11-27 10:11:00,372.50
2014-11-27 14:11:00,370.91
2014-11-27 18:11:00,371.18
2014-11-27 22:11:00,368.22
2014-11-28 02:11:00,372.32
2014-11-28 06:11:00,366.65
2014-11-28 10:11:00,361.09
2014-11-28 14:11:00,364.20
2014-11-28 18:11:00,374.79
2014-11-28 22:11:00,381.25
2014-11-29 02:11:00,377.22
2014-11-29 06:11:00,380.48
2014-11-29 10:11:00,380.01
2014-11-29 14:11:00,384.96
2014-11-29 18:11:00,378.57
2014-11-29 22:11:00,375.84
2014-11-30 02:11:00,379.58
2014-11-30 06:11:00,379.68
2014-11-30 10:11:00,377.95
2014-11-30 14:11:00,378.13
2014-11-30 18:11:00,376.95
2014-11-30 22:11:00,377.48
2014-12-01 02:12:00,377.87
2014-12-01 06:12:00,380.92
2014-12-01 10:12:00,378.80
2014-12-01 14:12:00,379.79
2014-12-01 18:12:00,380.62
2014-12-01 22:12:00,382.48
2014-12-02 02:12:00,379.71
2014-12-02 06:12:00,381.14
2014-12-02 10:12:00,381.75
2014-12-02 14:12:00,383.08
2014-12-02 18:12:00,383.26
2014-12-02 22:12:00,382.79
2014-12-03 02:12:00,384.54
2014-12-03 06:12:00,384.06
2014-12-03 10:12:00,376.78
2014-12-03 14:12:00,377.93
2014-12-03 18:12:00,382.31
2014-12-03 22:12:00,381.33
2014-12-04 02:12:00,380.33
2014-12-04 06:12:00,380.68
2014-12-04 10:12:00,376.35
2014-12-04 14:12:00,371.77
2014-12-04 18:12:00,375.48
2014-12-04 22:12:00,375.69
2014-12-05 02:12:00,371.99
2014-12-05 06:12:00,372.68
2014-12-05 10:12:00,374.05
2014-12-05 14:12:00,374.81
2014-12-05 18:12:00,376.62
2014-12-05 22:12:00,378.41
2014-12-06 02:12:00,379.70
2014-12-06 06:12:00,375.62
2014-12-06 10:12:00,375.59
2014-12-06 14:12:00,375.88
2014-12-06 18:12:00,378.94
2014-12-06 22:12:00,380.45
2014-12-07 02:12:00,382.65
2014-12-07 06:12:00,378.26
2014-12-07 10:12:00,372.81
2014-12-07 14:12:00,377.71
2014-12-07 18:12:00,379.17
2014-12-07 22:12:00,379.43
2014-12-08 02:12:00,380.85
2014-12-08 06:12:00,374.21
2014-12-08 10:12:00,368.75
2014-12-08 14:12:00,369.61
2014-12-08 18:12:00,372.16
2014-12-08 22:12:00,369.85
2014-12-09 02:12:00,362.81
2014-12-09 06:12:00,352.83
2014-12-09 10:12:00,351.27
2014-12-09 14:12:00,351.02
2014-12-09 18:12:00,352.48
2014-12-09 22:12:00,355.09
2014-12-10 02:12:00,354.84
2014-12-10 06:12:00,351.59
2014-12-10 10:12:00,350.24
2014-12-10 14:12:00,349.91
2014-12-10 18:12:00,351.67
2014-12-10 22:12:00,351.17
2014-12-11 02:12:00,344.67
2014-12-11 06:12:00,356.06
2014-12-11 10:12:00,357.81
2014-12-11 14:12:00,354.74
2014-12-11 18:12:00,355.21
2014-12-11 22:12:00,351.39
2014-12-12 02:12:00,350.73
2014-12-12 06:12:00,350.81
2014-12-12 10:12:00,353.00
2014-12-12 14:12:00,352.26
2014-12-12 18:12:00,355.10
2014-12-12 22:12:00,356.27
2014-12-13 02:12:00,351.75
2014-12-13 06:12:00,348.16
2014-12-13 10:12:00,347.37
2014-12-13 14:12:00,348.35
2014-12-13 18:12:00,350.05
2014-12-13 22:12:00,352.37
2014-12-14 02:12:00,350.12
2014-12-14 06:12:00,350.38
2014-12-14 10:12:00,349.71
2014-12-14 14:12:00,348.80
2014-12-14 18:12:00,351.34
2014-12-14 22:12:00,352.10
2014-12-15 02:12:00,351.96
2014-12-15 06:12:00,350.12
2014-12-15 10:12:00,347.88
2014-12-15 14:12:00,347.39
2014-12-15 18:12:00,350.01
2014-12-15 22:12:00,350.50
2014-12-16 02:12:00,346.06
2014-12-16 06:12:00,340.19
2014-12-16 10:12:00,334.49
2014-12-16 14:12:00,334.42
2014-12-16 18:12:00,336.30
2014-12-16 22:12:00,334.56
2014-12-17 02:12:00,333.58
2014-12-17 06:12:00,330.68
2014-12-17 10:12:00,324.17
2014-12-17 14:12:00,318.78
2014-12-17 18:12:00,319.31
2014-12-17 22:12:00,321.76
2014-12-18 02:12:00,322.21
2014-12-18 06:12:00,311.44
2014-12-18 10:12:00,309.91
2014-12-18 14:12:00,311.97
2014-12-18 18:12:00,314.27
2014-12-18 22:12:00,313.27
2014-12-19 02:12:00,312.85
2014-12-19 06:12:00,311.01
2014-12-19 10:12:00,314.38
2014-12-19 14:12:00,312.43
2014-12-19 18:12:00,315.20
2014-12-19 22:12:00,319.16
2014-12-20 02:12:00,320.09
2014-12-20 06:12:00,324.06
2014-12-20 10:12:00,326.95
2014-12-20 14:12:00,329.99
2014-12-20 18:12:00,329.04
2014-12-20 22:12:00,332.00
2014-12-21 02:12:00,330.78
2014-12-21 06:12:00,323.88
2014-12-21 10:12:00,324.75
2014-12-21 14:12:00,326.23
2014-12-21 18:12:00,327.00
2014-12-21 22:12:00,325.39
2014-12-22 02:12:00,324.36
2014-12-22 06:12:00,329.35
2014-12-22 10:12:00,330.80
2014-12-22 14:12:00,328.51
2014-12-22 18:12:00,334.95
2014-12-22 22:12:00,335.75
2014-12-23 02:12:00,333.57
2014-12-23 06:12:00,333.49
2014-12-23 10:12:00,332.61
2014-12-23 14:12:00,333.75
2014-12-23 18:12:00,336.63
2014-12-23 22:12:00,337.83
2014-12-24 02:12:00,337.79
2014-12-24 06:12:00,335.79
2014-12-24 10:12:00,331.72
2014-12-24 14:12:00,331.56
2014-12-24 18:12:00,327.17
2014-12-24 22:12:00,325.26
2014-12-25 02:12:00,320.82
2014-12-25 06:12:00,321.26
2014-12-25 10:12:00,319.84
2014-12-25 14:12:00,318.13
2014-12-25 18:12:00,319.36
2014-12-25 22:12:00,320.89
2014-12-26 02:12:00,319.45
2014-12-26 06:12:00,321.36
2014-12-26 10:12:00,323.23
2014-12-26 14:12:00,325.29
2014-12-26 18:12:00,329.11
2014-12-26 22:12:00,331.76
2014-12-27 02:12:00,326.48
2014-12-27 06:12:00,322.31
2014-12-27 10:12:00,322.73
2014-12-27 14:12:00,316.98
2014-12-27 18:12:00,317.85
2014-12-27 22:12:00,317.09
2014-12-28 02:12:00,320.36
2014-12-28 06:12:00,316.76
2014-12-28 10:12:00,316.33
2014-12-28 14:12:00,313.62
2014-12-28 18:12:00,318.44
2014-12-28 22:12:00,318.53
2014-12-29 02:12:00,320.85
2014-12-29 06:12:00,318.08
2014-12-29 10:12:00,313.82
2014-12-29 14:12:00,317.29
2014-12-29 18:12:00,315.54
2014-12-29 22:12:00,318.82
2014-12-30 02:12:00,316.00
2014-12-30 06:12:00,317.21
2014-12-30 10:12:00,313.02
2014-12-30 14:12:00,311.81
2014-12-30 18:12:00,315.68
2014-12-30 22:12:00,314.04
2014-12-31 02:12:00,314.45
2014-12-31 06:12:00,313.90
2014-12-31 10:12:00,314.29
2014-12-31 14:12:00,311.30
2014-12-31 18:12:00,317.77
2014-12-31 22:12:00,319.81
2015-01-01 02:01:00,320.12
2015-01-01 06:01:00,317.21
2015-01-01 10:01:00,316.47
2015-01-01 14:01:00,316.24
2015-01-01 18:01:00,318.37
2015-01-01 22:01:00,316.96
2015-01-02 02:01:00,315.58
2015-01-02 06:01:00,315.71
2015-01-02 10:01:00,314.81
2015-01-02 14:01:00,316.37
2015-01-02 18:01:00,318.93
2015-01-02 22:01:00,320.89
2015-01-03 02:01:00,314.34
2015-01-03 06:01:00,309.79
2015-01-03 10:01:00,306.53
2015-01-03 14:01:00,301.02
2015-01-03 18:01:00,303.53
2015-01-03 22:01:00,292.57
2015-01-04 02:01:00,282.20
2015-01-04 06:01:00,281.28
2015-01-04 10:01:00,285.24
2015-01-04 14:01:00,268.35
2015-01-04 18:01:00,266.85
2015-01-04 22:01:00,265.84
2015-01-05 02:01:00,271.79
2015-01-05 06:01:00,271.26
2015-01-05 10:01:00,274.40
2015-01-05 14:01:00,271.97
2015-01-05 18:01:00,272.67
2015-01-05 22:01:00,274.43
2015-01-06 02:01:00,276.65
2015-01-06 06:01:00,274.46
2015-01-06 10:01:00,274.19
2015-01-06 14:01:00,274.63
2015-01-06 18:01:00,278.80
2015-01-06 22:01:00,285.71
2015-01-07 02:01:00,284.19
2015-01-07 06:01:00,285.95
2015-01-07 10:01:00,284.72
2015-01-07 14:01:00,285.10
2015-01-07 18:01:00,288.86
2015-01-07 22:01:00,294.23
2015-01-08 02:01:00,296.86
2015-01-08 06:01:00,292.05
2015-01-08 10:01:00,287.57
2015-01-08 14:01:00,282.58
2015-01-08 18:01:00,287.58
2015-01-08 22:01:00,284.87
2015-01-09 02:01:00,283.90
2015-01-09 06:01:00,281.62
2015-01-09 10:01:00,282.49
2015-01-09 14:01:00,283.13
2015-01-09 18:01:00,285.69
2015-01-09 22:01:00,290.15
2015-01-10 02:01:00,287.80
2015-01-10 06:01:00,286.41
2015-01-10 10:01:00,281.28
2015-01-10 14:01:00,276.44
2015-01-10 18:01:00,281.81
2015-01-10 22:01:00,273.91
2015-01-11 02:01:00,275.01
2015-01-11 06:01:00,274.42
2015-01-11 10:01:00,274.52
2015-01-11 14:01:00,275.12
2015-01-11 18:01:00,269.68
2015-01-11 22:01:00,268.48
2015-01-12 02:01:00,268.70
2015-01-12 06:01:00,269.16
2015-01-12 10:01:00,268.96
2015-01-12 14:01:00,270.91
2015-01-12 18:01:00,275.33
2015-01-12 22:01:00,275.47
2015-01-13 02:01:00,255.26
2015-01-13 06:01:00,245.80
2015-01-13 10:01:00,236.90
2015-01-13 14:01:00,228.03
2015-01-13 18:01:00,233.30
2015-01-13 22:01:00,229.56
2015-01-14 02:01:00,221.77
2015-01-14 06:01:00,200.02
2015-01-14 10:01:00,192.37
2015-01-14 14:01:00,194.01
2015-01-14 18:01:00,185.56
2015-01-14 22:01:00,179.07
2015-01-15 02:01:00,186.88
2015-01-15 06:01:00,195.67
2015-01-15 10:01:00,204.56
2015-01-15 14:01:00,219.62
2015-01-15 18:01:00,217.02
2015-01-15 22:01:00,207.96
2015-01-16 02:01:00,213.40
2015-01-16 06:01:00,217.66
2015-01-16 10:01:00,218.17
2015-01-16 14:01:00,209.02
2015-01-16 18:01:00,206.46
2015-01-16 22:01:00,210.48
2015-01-17 02:01:00,210.07
2015-01-17 06:01:00,202.68
2015-01-17 10:01:00,198.13
2015-01-17 14:01:00,198.74
2015-01-17 18:01:00,199.76
2015-01-17 22:01:00,201.81
2015-01-18 02:01:00,197.84
2015-01-18 06:01:00,196.70
2015-01-18 10:01:00,207.68
2015-01-18 14:01:00,215.45
2015-01-18 18:01:00,211.40
2015-01-18 22:01:00,212.24
2015-01-19 02:01:00,216.16
2015-01-19 06:01:00,213.33
2015-01-19 10:01:00,208.97
2015-01-19 14:01:00,211.78
2015-01-19 18:01:00,213.83
2015-01-19 22:01:00,216.46
2015-01-20 02:01:00,213.83
2015-01-20 06:01:00,209.67
2015-01-20 10:01:00,209.16
2015-01-20 14:01:00,209.18
2015-01-20 18:01:00,213.50
2015-01-20 22:01:00,213.98
2015-01-21 02:01:00,215.36
2015-01-21 06:01:00,216.70
2015-01-21 10:01:00,214.18
2015-01-21 14:01:00,211.22
2015-01-21 18:01:00,215.29
2015-01-21 22:01:00,222.60
2015-01-22 02:01:00,231.98
2015-01-22 06:01:00,232.10
2015-01-22 10:01:00,232.52
2015-01-22 14:01:00,232.52
2015-01-22 18:01:00,234.49
2015-01-22 22:01:00,234.91
2015-01-23 02:01:00,230.25
2015-01-23 06:01:00,229.75
2015-01-23 10:01:00,227.25
2015-01-23 14:01:00,232.83
2015-01-23 18:01:00,233.95
2015-01-23 22:01:00,235.42
2015-01-24 02:01:00,234.25
2015-01-24 06:01:00,232.58
2015-01-24 10:01:00,234.39
2015-01-24 14:01:00,238.73
2015-01-24 18:01:00,244.85
2015-01-24 22:01:00,247.05
2015-01-25 02:01:00,250.71
2015-01-25 06:01:00,250.99
2015-01-25 10:01:00,246.40
2015-01-25 14:01:00,248.05
2015-01-25 18:01:00,248.12
2015-01-25 22:01:00,251.99
2015-01-26 02:01:00,271.08
2015-01-26 06:01:00,283.19
2015-01-26 10:01:00,301.56
2015-01-26 14:01:00,288.79
2015-01-26 18:01:00,270.53
2015-01-26 22:01:00,271.47
2015-01-27 02:01:00,264.02
2015-01-27 06:01:00,260.37
2015-01-27 10:01:00,253.59
2015-01-27 14:01:00,261.31
2015-01-27 18:01:00,265.89
2015-01-27 22:01:00,263.76
2015-01-28 02:01:00,263.09
2015-01-28 06:01:00,257.73
2015-01-28 10:01:00,259.73
2015-01-28 14:01:00,253.33
2015-01-28 18:01:00,246.83
2015-01-28 22:01:00,236.81
2015-01-29 02:01:00,238.90
2015-01-29 06:01:00,236.14
2015-01-29 10:01:00,233.11
2015-01-29 14:01:00,225.68
2015-01-29 18:01:00,233.63
2015-01-29 22:01:00,237.94
2015-01-30 02:01:00,236.64
2015-01-30 06:01:00,241.08
2015-01-30 10:01:00,234.83
2015-01-30 14:01:00,231.42
2015-01-30 18:01:00,232.50
2015-01-30 22:01:00,233.07
2015-01-31 02:01:00,229.81
2015-01-31 06:01:00,228.89
2015-01-31 10:01:00,233.11
2015-01-31 14:01:00,231.95
2015-01-31 18:01:00,232.30
2015-01-31 22:01:00,224.22
2015-02-01 02:02:00,218.63
2015-02-01 06:02:00,218.09
2015-02-01 10:02:00,214.70
2015-02-01 14:02:00,213.74
2015-02-01 18:02:00,220.77
2015-02-01 22:02:00,229.86
2015-02-02 02:02:00,229.76
2015-02-02 06:02:00,227.11
2015-02-02 10:02:00,225.78
2015-02-02 14:02:00,228.00
2015-02-02 18:02:00,227.20
2015-02-02 22:02:00,234.18
2015-02-03 02:02:00,239.83
2015-02-03 06:02:00,239.83
2015-02-03 10:02:00,241.93
2015-02-03 14:02:00,241.73
2015-02-03 18:02:00,236.18
2015-02-03 22:02:00,229.66
2015-02-04 02:02:00,229.47
2015-02-04 06:02:00,225.15
2015-02-04 10:02:00,224.05
2015-02-04 14:02:00,225.96
2015-02-04 18:02:00,225.29
2015-02-04 22:02:00,228.50
2015-02-05 02:02:00,229.01
2015-02-05 06:02:00,226.32
2015-02-05 10:02:00,226.55
2015-02-05 14:02:00,225.95
2015-02-05 18:02:00,218.54
2015-02-05 22:02:00,219.52
2015-02-06 02:02:00,218.80
2015-02-06 06:02:00,219.24
2015-02-06 10:02:00,217.55
2015-02-06 14:02:00,220.67
2015-02-06 18:02:00,224.97
2015-02-06 22:02:00,227.00
2015-02-07 02:02:00,225.91
2015-02-07 06:02:00,225.83
2015-02-07 10:02:00,228.01
2015-02-07 14:02:00,229.35
2015-02-07 18:02:00,226.98
2015-02-07 22:02:00,230.36
2015-02-08 02:02:00,228.99
2015-02-08 06:02:00,225.76
2015-02-08 10:02:00,228.10
2015-02-08 14:02:00,225.69
2015-02-08 18:02:00,223.09
2015-02-08 22:02:00,225.84
2015-02-09 02:02:00,223.94
2015-02-09 06:02:00,223.07
2015-02-09 10:02:00,222.94
2015-02-09 14:02:00,218.42
2015-02-09 18:02:00,219.80
2015-02-09 22:02:00,221.74
2015-02-10 02:02:00,222.33
2015-02-10 06:02:00,217.16
2015-02-10 10:02:00,216.32
2015-02-10 14:02:00,216.49
2015-02-10 18:02:00,219.88
2015-02-10 22:02:00,221.69
2015-02-11 02:02:00,222.44
2015-02-11 06:02:00,222.48
2015-02-11 10:02:00,220.29
2015-02-11 14:02:00,221.80
2015-02-11 18:02:00,223.38
2015-02-11 22:02:00,220.74
2015-02-12 02:02:00,220.05
2015-02-12 06:02:00,219.28
2015-02-12 10:02:00,219.01
2015-02-12 14:02:00,220.72
2015-02-12 18:02:00,221.73
2015-02-12 22:02:00,223.67
2015-02-13 02:02:00,223.32
2015-02-13 06:02:00,227.28
2015-02-13 10:02:00,233.58
2015-02-13 14:02:00,235.97
2015-02-13 18:02:00,238.93
2015-02-13 22:02:00,237.59
2015-02-14 02:02:00,237.99
2015-02-14 06:02:00,245.80
2015-02-14 10:02:00,248.98
2015-02-14 14:02:00,246.04
2015-02-14 18:02:00,246.69
2015-02-14 22:02:00,256.32
2015-02-15 02:02:00,258.80
2015-02-15 06:02:00,257.13
2015-02-15 10:02:00,260.45
2015-02-15 14:02:00,248.83
2015-02-15 18:02:00,242.14
2015-02-15 22:02:00,231.88
2015-02-16 02:02:00,232.21
2015-02-16 06:02:00,233.31
2015-02-16 10:02:00,237.20
2015-02-16 14:02:00,234.40
2015-02-16 18:02:00,236.48
2015-02-16 22:02:00,236.82
2015-02-17 02:02:00,234.76
2015-02-17 06:02:00,236.47
2015-02-17 10:02:00,238.52
2015-02-17 14:02:00,238.63
2015-02-17 18:02:00,243.35
2015-02-17 22:02:00,241.84
2015-02-18 02:02:00,244.46
2015-02-18 06:02:00,243.90
2015-02-18 10:02:00,241.33
2015-02-18 14:02:00,239.28
2015-02-18 18:02:00,236.07
2015-02-18 22:02:00,233.97
2015-02-19 02:02:00,237.85
2015-02-19 06:02:00,237.68
2015-02-19 10:02:00,237.42
2015-02-19 14:02:00,238.72
2015-02-19 18:02:00,241.29
2015-02-19 22:02:00,242.59
2015-02-20 02:02:00,242.39
2015-02-20 06:02:00,243.64
2015-02-20 10:02:00,245.96
2015-02-20 14:02:00,244.33
2015-02-20 18:02:00,244.43
2015-02-20 22:02:00,246.56
2015-02-21 02:02:00,246.92
2015-02-21 06:02:00,246.36
2015-02-21 10:02:00,245.18
2015-02-21 14:02:00,244.56
2015-02-21 18:02:00,247.07
2015-02-21 22:02:00,246.36
2015-02-22 02:02:00,247.08
2015-02-22 06:02:00,247.50
2015-02-22 10:02:00,245.56
2015-02-22 14:02:00,237.91
2015-02-22 18:02:00,236.25
2015-02-22 22:02:00,236.57
2015-02-23 02:02:00,237.32
2015-02-23 06:02:00,236.64
2015-02-23 10:02:00,234.54
2015-02-23 14:02:00,234.21
2015-02-23 18:02:00,238.44
2015-02-23 22:02:00,239.58
2015-02-24 02:02:00,240.82
2015-02-24 06:02:00,238.45
2015-02-24 10:02:00,236.87
2015-02-24 14:02:00,239.09
2015-02-24 18:02:00,240.55
2015-02-24 22:02:00,241.38
2015-02-25 02:02:00,241.31
2015-02-25 06:02:00,238.78
2015-02-25 10:02:00,236.32
2015-02-25 14:02:00,237.63
2015-02-25 18:02:00,239.11
2015-02-25 22:02:00,240.58
2015-02-26 02:02:00,236.52
2015-02-26 06:02:00,237.16
2015-02-26 10:02:00,235.75
2015-02-26 14:02:00,237.09
2015-02-26 18:02:00,237.62
2015-02-26 22:02:00,239.84
2015-02-27 02:02:00,238.14
2015-02-27 06:02:00,250.84
2015-02-27 10:02:00,251.23
2015-02-27 14:02:00,253.41
2015-02-27 18:02:00,254.68
2015-02-27 22:02:00,256.32
2015-02-28 02:02:00,253.27
2015-02-28 06:02:00,252.62
2015-02-28 10:02:00,253.22
2015-02-28 14:02:00,253.52
2015-02-28 18:02:00,254.37
2015-02-28 22:02:00,255.54
2015-03-01 02:03:00,256.89
2015-03-01 06:03:00,255.54
2015-03-01 10:03:00,254.34
2015-03-01 14:03:00,248.09
2015-03-01 18:03:00,249.21
2015-03-01 22:03:00,256.49
2015-03-02 02:03:00,260.34
2015-03-02 06:03:00,261.34
2015-03-02 10:03:00,260.23
2015-03-02 14:03:00,260.41
2015-03-02 18:03:00,266.35
2015-03-02 22:03:00,272.81
2015-03-03 02:03:00,275.08
2015-03-03 06:03:00,276.00
2015-03-03 10:03:00,275.35
2015-03-03 14:03:00,271.40
2015-03-03 18:03:00,277.13
2015-03-03 22:03:00,284.87
2015-03-04 02:03:00,282.04
2015-03-04 06:03:00,279.91
2015-03-04 10:03:00,277.58
2015-03-04 14:03:00,280.90
2015-03-04 18:03:00,282.87
2015-03-04 22:03:00,273.32
2015-03-05 02:03:00,273.40
2015-03-05 06:03:00,270.94
2015-03-05 10:03:00,269.76
2015-03-05 14:03:00,270.48
2015-03-05 18:03:00,267.05
2015-03-05 22:03:00,276.12
2015-03-06 02:03:00,277.85
2015-03-06 06:03:00,273.42
2015-03-06 10:03:00,271.53
2015-03-06 14:03:00,271.82
2015-03-06 18:03:00,273.40
2015-03-06 22:03:00,274.35
2015-03-07 02:03:00,272.79
2015-03-07 06:03:00,272.80
2015-03-07 10:03:00,272.41
2015-03-07 14:03:00,273.47
2015-03-07 18:03:00,276.68
2015-03-07 22:03:00,276.98
2015-03-08 02:03:00,278.08
2015-03-08 06:03:00,277.46
2015-03-08 10:03:00,274.92
2015-03-08 14:03:00,273.58
2015-03-08 18:03:00,275.85
2015-03-08 22:03:00,275.43
2015-03-09 02:03:00,276.47
2015-03-09 06:03:00,279.24
2015-03-09 10:03:00,280.59
2015-03-09 14:03:00,281.08
2015-03-09 18:03:00,287.22
2015-03-09 22:03:00,290.86
2015-03-10 02:03:00,294.58
2015-03-10 06:03:00,295.16
2015-03-10 10:03:00,292.99
2015-03-10 14:03:00,295.68
2015-03-10 18:03:00,295.75
2015-03-10 22:03:00,294.20
2015-03-11 02:03:00,292.56
2015-03-11 06:03:00,292.26
2015-03-11 10:03:00,293.21
2015-03-11 14:03:00,294.07
2015-03-11 18:03:00,296.56
2015-03-11 22:03:00,296.16
2015-03-12 02:03:00,295.10
2015-03-12 06:03:00,293.87
2015-03-12 10:03:00,293.49
2015-03-12 14:03:00,294.01
2015-03-12 18:03:00,294.44
2015-03-12 22:03:00,295.75
2015-03-13 02:03:00,295.42
2015-03-13 06:03:00,291.00
2015-03-13 10:03:00,289.77
2015-03-13 14:03:00,291.91
2015-03-13 18:03:00,289.86
2015-03-13 22:03:00,288.34
2015-03-14 02:03:00,283.75
2015-03-14 06:03:00,283.68
2015-03-14 10:03:00,282.66
2015-03-14 14:03:00,283.88
2015-03-14 18:03:00,285.86
2015-03-14 22:03:00,283.32
2015-03-15 02:03:00,282.45
2015-03-15 06:03:00,284.22
2015-03-15 10:03:00,283.48
2015-03-15 14:03:00,285.78
2015-03-15 18:03:00,285.90
2015-03-15 22:03:00,286.14
2015-03-16 02:03:00,289.79
2015-03-16 06:03:00,291.57
2015-03-16 10:03:00,292.04
2015-03-16 14:03:00,293.02
2015-03-16 18:03:00,292.13
2015-03-16 22:03:00,293.82
2015-03-17 02:03:00,291.66
2015-03-17 06:03:00,291.68
2015-03-17 10:03:00,290.93
2015-03-17 14:03:00,289.05
2015-03-17 18:03:00,287.42
2015-03-17 22:03:00,286.11
2015-03-18 02:03:00,284.59
2015-03-18 06:03:00,284.43
2015-03-18 10:03:00,276.00
2015-03-18 14:03:00,271.53
2015-03-18 18:03:00,268.24
2015-03-18 22:03:00,256.73
2015-03-19 02:03:00,252.87
2015-03-19 06:03:00,256.14
2015-03-19 10:03:00,257.83
2015-03-19 14:03:00,258.63
2015-03-19 18:03:00,261.32
2015-03-19 22:03:00,259.58
2015-03-20 02:03:00,264.09
2015-03-20 06:03:00,263.30
2015-03-20 10:03:00,260.29
2015-03-20 14:03:00,261.30
2015-03-20 18:03:00,261.05
2015-03-20 22:03:00,264.24
2015-03-21 02:03:00,262.00
2015-03-21 06:03:00,257.96
2015-03-21 10:03:00,257.04
2015-03-21 14:03:00,261.28
2015-03-21 18:03:00,261.30
2015-03-21 22:03:00,260.39
2015-03-22 02:03:00,261.35
2015-03-22 06:03:00,261.29
2015-03-22 10:03:00,261.04
2015-03-22 14:03:00,261.18
2015-03-22 18:03:00,263.62
2015-03-22 22:03:00,267.82
2015-03-23 02:03:00,267.96
2015-03-23 06:03:00,268.24
2015-03-23 10:03:00,269.04
2015-03-23 14:03:00,268.62
2015-03-23 18:03:00,266.06
2015-03-23 22:03:00,265.91
2015-03-24 02:03:00,266.84
2015-03-24 06:03:00,266.60
2015-03-24 10:03:00,261.03
2015-03-24 14:03:00,249.94
2015-03-24 18:03:00,246.39
2015-03-24 22:03:00,249.09
2015-03-25 02:03:00,247.50
2015-03-25 06:03:00,242.03
2015-03-25 10:03:00,240.14
2015-03-25 14:03:00,246.59
2015-03-25 18:03:00,245.88
2015-03-25 22:03:00,246.33
2015-03-26 02:03:00,246.74
2015-03-26 06:03:00,247.19
2015-03-26 10:03:00,250.39
2015-03-26 14:03:00,252.59
2015-03-26 18:03:00,252.86
2015-03-26 22:03:00,249.70
2015-03-27 02:03:00,247.80
2015-03-27 06:03:00,248.36
2015-03-27 10:03:00,247.11
2015-03-27 14:03:00,247.62
2015-03-27 18:03:00,250.24
2015-03-27 22:03:00,250.88
2015-03-28 02:03:00,249.04
2015-03-28 06:03:00,251.95
2015-03-28 10:03:00,252.81
2015-03-28 14:03:00,252.45
2015-03-28 18:03:00,254.16
2015-03-28 22:03:00,253.72
2015-03-29 02:03:00,250.33
2015-03-29 07:03:00,248.48
2015-03-29 11:03:00,243.17
2015-03-29 15:03:00,244.50
2015-03-29 19:03:00,244.59
2015-03-29 23:03:00,242.38
2015-03-30 03:03:00,241.78
2015-03-30 07:03:00,245.76
2015-03-30 11:03:00,245.16
2015-03-30 15:03:00,244.92
2015-03-30 19:03:00,248.36
2015-03-30 23:03:00,249.72
2015-03-31 03:03:00,249.46
2015-03-31 07:03:00,248.12
2015-03-31 11:03:00,245.67
2015-03-31 15:03:00,243.32
2015-03-31 19:03:00,245.26
2015-03-31 23:03:00,245.72
2015-04-01 03:04:00,246.26
2015-04-01 07:04:00,243.31
2015-04-01 11:04:00,241.41
2015-04-01 15:04:00,243.47
2015-04-01 19:04:00,245.24
2015-04-01 23:04:00,246.76
2015-04-02 03:04:00,248.17
2015-04-02 07:04:00,246.58
2015-04-02 11:04:00,245.03
2015-04-02 15:04:00,247.75
2015-04-02 19:04:00,252.27
2015-04-02 23:04:00,253.93
2015-04-03 03:04:00,254.53
2015-04-03 07:04:00,252.09
2015-04-03 11:04:00,254.55
2015-04-03 15:04:00,254.74
2015-04-03 19:04:00,255.53
2015-04-03 23:04:00,257.99
2015-04-04 03:04:00,256.62
2015-04-04 07:04:00,253.02
2015-04-04 11:04:00,251.60
2015-04-04 15:04:00,253.62
2015-04-04 19:04:00,255.97
2015-04-04 23:04:00,256.11
2015-04-05 03:04:00,257.62
2015-04-05 07:04:00,253.50
2015-04-05 11:04:00,253.41
2015-04-05 15:04:00,257.35
2015-04-05 19:04:00,257.49
2015-04-05 23:04:00,258.65
2015-04-06 03:04:00,261.91
2015-04-06 07:04:00,258.98
2015-04-06 11:04:00,256.89
2015-04-06 15:04:00,259.44
2015-04-06 19:04:00,256.35
2015-04-06 23:04:00,257.25
2015-04-07 03:04:00,252.97
2015-04-07 07:04:00,252.65
2015-04-07 11:04:00,251.85
2015-04-07 15:04:00,254.32
2015-04-07 19:04:00,256.75
2015-04-07 23:04:00,256.55
2015-04-08 03:04:00,255.07
2015-04-08 07:04:00,254.12
2015-04-08 11:04:00,247.59
2015-04-08 15:04:00,246.47
2015-04-08 19:04:00,245.93
2015-04-08 23:04:00,246.11
2015-04-09 03:04:00,246.97
2015-04-09 07:04:00,243.85
2015-04-09 11:04:00,240.56
2015-04-09 15:04:00,244.35
2015-04-09 19:04:00,246.05
2015-04-09 23:04:00,243.67
2015-04-10 03:04:00,243.89
2015-04-10 07:04:00,239.99
2015-04-10 11:04:00,238.88
2015-04-10 15:04:00,235.04
2015-04-10 19:04:00,235.27
2015-04-10 23:04:00,235.67
2015-04-11 03:04:00,237.43
2015-04-11 07:04:00,235.99
2015-04-11 11:04:00,234.54
2015-04-11 15:04:00,237.41
2015-04-11 19:04:00,238.84
2015-04-11 23:04:00,236.65
2015-04-12 03:04:00,238.53
2015-04-12 07:04:00,236.37
2015-04-12 11:04:00,234.85
2015-04-12 15:04:00,236.89
2015-04-12 19:04:00,238.45
2015-04-12 23:04:00,236.50
2015-04-13 03:04:00,236.82
2015-04-13 07:04:00,236.27
2015-04-13 11:04:00,235.18
2015-04-13 15:04:00,234.37
2015-04-13 19:04:00,227.11
2015-04-13 23:04:00,224.12
2015-04-14 03:04:00,225.23
2015-04-14 07:04:00,220.50
2015-04-14 11:04:00,220.75
2015-04-14 15:04:00,220.16
2015-04-14 19:04:00,217.83
2015-04-14 23:04:00,217.84
2015-04-15 03:04:00,221.32
2015-04-15 07:04:00,221.93
2015-04-15 11:04:00,221.23
2015-04-15 15:04:00,221.07
2015-04-15 19:04:00,221.20
2015-04-15 23:04:00,221.80
2015-04-16 03:04:00,226.20
2015-04-16 07:04:00,227.92
2015-04-16 11:04:00,226.74
2015-04-16 15:04:00,226.22
2015-04-16 19:04:00,229.25
2015-04-16 23:04:00,230.04
2015-04-17 03:04:00,228.38
2015-04-17 07:04:00,226.75
2015-04-17 11:04:00,223.08
2015-04-17 15:04:00,222.61
2015-04-17 19:04:00,223.33
2015-04-17 23:04:00,223.52
2015-04-18 03:04:00,223.90
2015-04-18 07:04:00,224.06
2015-04-18 11:04:00,222.30
2015-04-18 15:04:00,221.75
2015-04-18 19:04:00,223.13
2015-04-18 23:04:00,223.94
2015-04-19 03:04:00,225.15
2015-04-19 07:04:00,224.16
2015-04-19 11:04:00,225.82
2015-04-19 15:04:00,225.85
2015-04-19 19:04:00,225.38
2015-04-19 23:04:00,223.23
2015-04-20 03:04:00,223.91
2015-04-20 07:04:00,223.57
2015-04-20 11:04:00,224.48
2015-04-20 15:04:00,225.37
2015-04-20 19:04:00,225.66
2015-04-20 23:04:00,224.17
2015-04-21 03:04:00,225.76
2015-04-21 07:04:00,225.97
2015-04-21 11:04:00,224.75
2015-04-21 15:04:00,225.42
2015-04-21 19:04:00,224.46
2015-04-21 23:04:00,232.41
2015-04-22 03:04:00,235.16
2015-04-22 07:04:00,234.83
2015-04-22 11:04:00,235.58
2015-04-22 15:04:00,236.47
2015-04-22 19:04:00,237.25
2015-04-22 23:04:00,234.87
2015-04-23 03:04:00,235.15
2015-04-23 07:04:00,234.13
2015-04-23 11:04:00,234.74
2015-04-23 15:04:00,235.63
2015-04-23 19:04:00,235.53
2015-04-23 23:04:00,235.56
2015-04-24 03:04:00,234.26
2015-04-24 07:04:00,232.15
2015-04-24 11:04:00,231.08
2015-04-24 15:04:00,231.51
2015-04-24 19:04:00,232.18
2015-04-24 23:04:00,231.77
2015-04-25 03:04:00,231.14
2015-04-25 07:04:00,229.16
2015-04-25 11:04:00,227.64
2015-04-25 15:04:00,227.65
2015-04-25 19:04:00,228.43
2015-04-25 23:04:00,227.62
2015-04-26 03:04:00,221.65
2015-04-26 07:04:00,219.05
2015-04-26 11:04:00,218.58
2015-04-26 15:04:00,216.24
2015-04-26 19:04:00,217.86
2015-04-26 23:04:00,219.44
2015-04-27 03:04:00,219.60
2015-04-27 07:04:00,219.98
2015-04-27 11:04:00,219.06
2015-04-27 15:04:00,222.90
2015-04-27 19:04:00,223.59
2015-04-27 23:04:00,228.96
2015-04-28 03:04:00,228.06
2015-04-28 07:04:00,226.05
2015-04-28 11:04:00,226.17
2015-04-28 15:04:00,224.58
2015-04-28 19:04:00,224.94
2015-04-28 23:04:00,225.72
2015-04-29 03:04:00,226.40
2015-04-29 07:04:00,224.59
2015-04-29 11:04:00,223.95
2015-04-29 15:04:00,225.48
2015-04-29 19:04:00,226.35
2015-04-29 23:04:00,226.42
2015-04-30 03:04:00,226.52
2015-04-30 07:04:00,226.43
2015-04-30 11:04:00,232.36
2015-04-30 15:04:00,234.22
2015-04-30 19:04:00,235.89
2015-04-30 23:04:00,237.95
2015-05-01 03:05:00,236.74
2015-05-01 07:05:00,237.53
2015-05-01 11:05:00,235.64
2015-05-01 15:05:00,234.75
2015-05-01 19:05:00,235.03
2015-05-01 23:05:00,235.25
2015-05-02 03:05:00,232.96
2015-05-02 07:05:00,234.19
2015-05-02 11:05:00,233.67
2015-05-02 15:05:00,235.73
2015-05-02 19:05:00,237.15
2015-05-02 23:05:00,236.37
2015-05-03 03:05:00,235.76
2015-05-03 07:05:00,238.94
2015-05-03 11:05:00,240.99
2015-05-03 15:05:00,242.32
2015-05-03 19:05:00,242.16
2015-05-03 23:05:00,240.92
2015-05-04 03:05:00,239.85
2015-05-04 07:05:00,241.29
2015-05-04 11:05:00,240.71
2015-05-04 15:05:00,241.21
2015-05-04 19:05:00,239.35
2015-05-04 23:05:00,238.36
2015-05-05 03:05:00,238.92
2015-05-05 07:05:00,235.81
2015-05-05 11:05:00,233.49
2015-05-05 15:05:00,234.84
2015-05-05 19:05:00,235.61
2015-05-05 23:05:00,236.16
2015-05-06 03:05:00,236.40
2015-05-06 07:05:00,235.42
2015-05-06 11:05:00,235.24
2015-05-06 15:05:00,234.86
2015-05-06 19:05:00,235.85
2015-05-06 23:05:00,230.88
2015-05-07 03:05:00,230.16
2015-05-07 07:05:00,229.52
2015-05-07 11:05:00,230.20
2015-05-07 15:05:00,232.02
2015-05-07 19:05:00,236.77
2015-05-07 23:05:00,238.13
2015-05-08 03:05:00,237.52
2015-05-08 07:05:00,237.57
2015-05-08 11:05:00,237.76
2015-05-08 15:05:00,237.75
2015-05-08 19:05:00,244.70
2015-05-08 23:05:00,245.73
2015-05-09 03:05:00,245.04
2015-05-09 07:05:00,246.31
2015-05-09 11:05:00,242.93
2015-05-09 15:05:00,241.08
2015-05-09 19:05:00,242.97
2015-05-09 23:05:00,242.69
2015-05-10 03:05:00,242.03
2015-05-10 07:05:00,240.93
2015-05-10 11:05:00,242.91
2015-05-10 15:05:00,241.31
2015-05-10 19:05:00,240.33
2015-05-10 23:05:00,241.09
2015-05-11 03:05:00,241.34
2015-05-11 07:05:00,239.75
2015-05-11 11:05:00,240.06
2015-05-11 15:05:00,242.11
2015-05-11 19:05:00,243.95
2015-05-11 23:05:00,243.05
2015-05-12 03:05:00,242.48
2015-05-12 07:05:00,241.20
2015-05-12 11:05:00,241.57
2015-05-12 15:05:00,241.74
2015-05-12 19:05:00,243.11
2015-05-12 23:05:00,243.44
2015-05-13 03:05:00,242.24
2015-05-13 07:05:00,243.03
2015-05-13 11:05:00,242.59
2015-05-13 15:05:00,243.67
2015-05-13 19:05:00,243.82
2015-05-13 23:05:00,237.77
2015-05-14 03:05:00,237.30
2015-05-14 07:05:00,236.34
2015-05-14 11:05:00,236.06
2015-05-14 15:05:00,237.32
2015-05-14 19:05:00,237.84
2015-05-14 23:05:00,236.66
2015-05-15 03:05:00,238.09
2015-05-15 07:05:00,237.55
2015-05-15 11:05:00,237.12
2015-05-15 15:05:00,237.73
2015-05-15 19:05:00,237.68
2015-05-15 23:05:00,237.07
2015-05-16 03:05:00,237.69
2015-05-16 07:05:00,237.40
2015-05-16 11:05:00,237.33
2015-05-16 15:05:00,237.21
2015-05-16 19:05:00,238.25
2015-05-16 23:05:00,235.52
2015-05-17 03:05:00,237.00
2015-05-17 07:05:00,237.28
2015-05-17 11:05:00,236.98
2015-05-17 15:05:00,236.71
2015-05-17 19:05:00,237.08
2015-05-17 23:05:00,236.91
2015-05-18 03:05:00,236.85
2015-05-18 07:05:00,236.71
2015-05-18 11:05:00,235.94
2015-05-18 15:05:00,236.98
2015-05-18 19:05:00,237.09
2015-05-18 23:05:00,233.77
2015-05-19 03:05:00,234.01
2015-05-19 07:05:00,234.18
2015-05-19 11:05:00,233.19
2015-05-19 15:05:00,232.89
2015-05-19 19:05:00,233.02
2015-05-19 23:05:00,233.01
2015-05-20 03:05:00,232.99
2015-05-20 07:05:00,232.78
2015-05-20 11:05:00,233.47
2015-05-20 15:05:00,234.08
2015-05-20 19:05:00,235.38
2015-05-20 23:05:00,234.16
2015-05-21 03:05:00,234.71
2015-05-21 07:05:00,234.77
2015-05-21 11:05:00,235.45
2015-05-21 15:05:00,235.85
2015-05-21 19:05:00,236.44
2015-05-21 23:05:00,235.74
2015-05-22 03:05:00,235.96
2015-05-22 07:05:00,236.93
2015-05-22 11:05:00,236.24
2015-05-22 15:05:00,236.21
2015-05-22 19:05:00,239.34
2015-05-22 23:05:00,240.57
2015-05-23 03:05:00,240.11
2015-05-23 07:05:00,240.80
2015-05-23 11:05:00,240.95
2015-05-23 15:05:00,240.91
2015-05-23 19:05:00,240.49
2015-05-23 23:05:00,239.12
2015-05-24 03:05:00,239.77
2015-05-24 07:05:00,239.13
2015-05-24 11:05:00,240.03
2015-05-24 15:05:00,239.81
2015-05-24 19:05:00,241.55
2015-05-24 23:05:00,241.34
2015-05-25 03:05:00,240.92
2015-05-25 07:05:00,241.55
2015-05-25 11:05:00,238.36
2015-05-25 15:05:00,238.72
2015-05-25 19:05:00,238.19
2015-05-25 23:05:00,237.60
2015-05-26 03:05:00,238.07
2015-05-26 07:05:00,237.93
2015-05-26 11:05:00,237.60
2015-05-26 15:05:00,238.44
2015-05-26 19:05:00,239.23
2015-05-26 23:05:00,239.71
2015-05-27 03:05:00,239.61
2015-05-27 07:05:00,238.66
2015-05-27 11:05:00,238.39
2015-05-27 15:05:00,238.16
2015-05-27 19:05:00,237.30
2015-05-27 23:05:00,238.75
2015-05-28 03:05:00,238.48
2015-05-28 07:05:00,238.05
2015-05-28 11:05:00,237.14
2015-05-28 15:05:00,237.85
2015-05-28 19:05:00,239.11
2015-05-28 23:05:00,237.22
2015-05-29 03:05:00,238.68
2015-05-29 07:05:00,236.71
2015-05-29 11:05:00,236.49
2015-05-29 15:05:00,237.49
2015-05-29 19:05:00,237.93
2015-05-29 23:05:00,237.69
2015-05-30 03:05:00,236.99
2015-05-30 07:05:00,236.38
2015-05-30 11:05:00,233.25
2015-05-30 15:05:00,233.58
2015-05-30 19:05:00,233.18
2015-05-30 23:05:00,233.21
2015-05-31 03:05:00,233.19
2015-05-31 07:05:00,233.70
2015-05-31 11:05:00,232.45
2015-05-31 15:05:00,231.46
2015-05-31 19:05:00,232.48
2015-05-31 23:05:00,230.47
2015-06-01 03:06:00,230.46
2015-06-01 07:06:00,231.67
2015-06-01 11:06:00,228.27
2015-06-01 15:06:00,228.36
2015-06-01 19:06:00,223.14
2015-06-01 23:06:00,221.94
2015-06-02 03:06:00,224.02
2015-06-02 07:06:00,223.18
2015-06-02 11:06:00,223.42
2015-06-02 15:06:00,225.19
2015-06-02 19:06:00,225.94
2015-06-02 23:06:00,225.74
2015-06-03 03:06:00,226.73
2015-06-03 07:06:00,226.15
2015-06-03 11:06:00,224.91
2015-06-03 15:06:00,226.13
2015-06-03 19:06:00,226.27
2015-06-03 23:06:00,226.24
2015-06-04 03:06:00,226.13
2015-06-04 07:06:00,225.10
2015-06-04 11:06:00,225.87
2015-06-04 15:06:00,225.45
2015-06-04 19:06:00,225.65
2015-06-04 23:06:00,225.05
2015-06-05 03:06:00,224.23
2015-06-05 07:06:00,223.62
2015-06-05 11:06:00,224.40
2015-06-05 15:06:00,225.37
2015-06-05 19:06:00,226.47
2015-06-05 23:06:00,226.54
2015-06-06 03:06:00,225.74
2015-06-06 07:06:00,226.52
2015-06-06 11:06:00,226.14
2015-06-06 15:06:00,225.86
2015-06-06 19:06:00,225.03
2015-06-06 23:06:00,226.16
2015-06-07 03:06:00,225.96
2015-06-07 07:06:00,226.52
2015-06-07 11:06:00,226.10
2015-06-07 15:06:00,224.44
2015-06-07 19:06:00,223.37
2015-06-07 23:06:00,223.31
2015-06-08 03:06:00,224.19
2015-06-08 07:06:00,224.24
2015-06-08 11:06:00,225.14
2015-06-08 15:06:00,227.04
2015-06-08 19:06:00,228.18
2015-06-08 23:06:00,229.21
2015-06-09 03:06:00,228.46
2015-06-09 07:06:00,228.33
2015-06-09 11:06:00,230.71
2015-06-09 15:06:00,230.77
2015-06-09 19:06:00,230.47
2015-06-09 23:06:00,229.80
2015-06-10 03:06:00,231.38
2015-06-10 07:06:00,229.41
2015-06-10 11:06:00,229.30
2015-06-10 15:06:00,230.09
2015-06-10 19:06:00,228.98
2015-06-10 23:06:00,229.12
2015-06-11 03:06:00,230.16
2015-06-11 07:06:00,230.01
2015-06-11 11:06:00,230.48
2015-06-11 15:06:00,230.43
2015-06-11 19:06:00,229.87
2015-06-11 23:06:00,229.87
2015-06-12 03:06:00,229.94
2015-06-12 07:06:00,230.57
2015-06-12 11:06:00,230.93
2015-06-12 15:06:00,231.52
2015-06-12 19:06:00,231.15
2015-06-12 23:06:00,230.47
2015-06-13 03:06:00,230.22
2015-06-13 07:06:00,230.48
2015-06-13 11:06:00,230.96
2015-06-13 15:06:00,231.72
2015-06-13 19:06:00,232.27
2015-06-13 23:06:00,232.72
2015-06-14 03:06:00,232.82
2015-06-14 07:06:00,233.84
2015-06-14 11:06:00,234.81
2015-06-14 15:06:00,233.86
2015-06-14 19:06:00,234.40
2015-06-14 23:06:00,234.24
2015-06-15 03:06:00,235.30
2015-06-15 07:06:00,235.62
2015-06-15 11:06:00,235.43
2015-06-15 15:06:00,236.00
2015-06-15 19:06:00,237.13
2015-06-15 23:06:00,237.88
2015-06-16 03:06:00,237.27
2015-06-16 07:06:00,238.94
2015-06-16 11:06:00,240.12
2015-06-16 15:06:00,241.55
2015-06-16 19:06:00,248.50
2015-06-16 23:06:00,248.59
2015-06-17 03:06:00,250.21
2015-06-17 07:06:00,250.40
2015-06-17 11:06:00,254.30
2015-06-17 15:06:00,254.26
2015-06-17 19:06:00,250.19
2015-06-17 23:06:00,249.37
2015-06-18 03:06:00,249.19
2015-06-18 07:06:00,245.35
2015-06-18 11:06:00,247.78
2015-06-18 15:06:00,250.50
2015-06-18 19:06:00,249.73
2015-06-18 23:06:00,249.42
2015-06-19 03:06:00,250.65
2015-06-19 07:06:00,249.73
2015-06-19 11:06:00,248.94
2015-06-19 15:06:00,246.98
2015-06-19 19:06:00,246.69
2015-06-19 23:06:00,245.52
2015-06-20 03:06:00,243.68
2015-06-20 07:06:00,241.39
2015-06-20 11:06:00,241.01
2015-06-20 15:06:00,244.17
2015-06-20 19:06:00,244.85
2015-06-20 23:06:00,244.95
2015-06-21 03:06:00,245.34
2015-06-21 07:06:00,244.58
2015-06-21 11:06:00,247.10
2015-06-21 15:06:00,245.85
2015-06-21 19:06:00,242.53
2015-06-21 23:06:00,243.04
2015-06-22 03:06:00,244.73
2015-06-22 07:06:00,244.78
2015-06-22 11:06:00,245.67
2015-06-22 15:06:00,246.17
2015-06-22 19:06:00,247.81
2015-06-22 23:06:00,247.62
2015-06-23 03:06:00,247.07
2015-06-23 07:06:00,246.15
2015-06-23 11:06:00,245.13
2015-06-23 15:06:00,244.33
2015-06-23 19:06:00,246.58
2015-06-23 23:06:00,244.51
2015-06-24 03:06:00,244.19
2015-06-24 07:06:00,243.73
2015-06-24 11:06:00,243.76
2015-06-24 15:06:00,242.13
2015-06-24 19:06:00,240.78
2015-06-24 23:06:00,241.82
2015-06-25 03:06:00,240.74
2015-06-25 07:06:00,242.50
2015-06-25 11:06:00,243.89
2015-06-25 15:06:00,242.99
2015-06-25 19:06:00,242.81
2015-06-25 23:06:00,243.07
2015-06-26 03:06:00,243.36
2015-06-26 07:06:00,241.96
2015-06-26 11:06:00,242.33
2015-06-26 15:06:00,241.60
2015-06-26 19:06:00,242.00
2015-06-26 23:06:00,242.55
2015-06-27 03:06:00,243.04
2015-06-27 07:06:00,244.65
2015-06-27 11:06:00,244.07
2015-06-27 15:06:00,245.66
2015-06-27 19:06:00,248.07
2015-06-27 23:06:00,249.99
2015-06-28 03:06:00,251.26
2015-06-28 07:06:00,247.04
2015-06-28 11:06:00,252.00
2015-06-28 15:06:00,249.81
2015-06-28 19:06:00,249.16
2015-06-28 23:06:00,248.55
2015-06-29 03:06:00,249.58
2015-06-29 07:06:00,250.14
2015-06-29 11:06:00,251.31
2015-06-29 15:06:00,254.55
2015-06-29 19:06:00,255.39
2015-06-29 23:06:00,255.99
2015-06-30 03:06:00,257.51
2015-06-30 07:06:00,263.79
2015-06-30 11:06:00,263.16
2015-06-30 15:06:00,264.10
2015-06-30 19:06:00,263.58
2015-06-30 23:06:00,262.19
2015-07-01 03:07:00,263.85
2015-07-01 07:07:00,260.60
2015-07-01 11:07:00,256.68
2015-07-01 15:07:00,257.25
2015-07-01 19:07:00,259.09
2015-07-01 23:07:00,259.13
2015-07-02 03:07:00,260.56
2015-07-02 07:07:00,259.33
2015-07-02 11:07:00,256.10
2015-07-02 15:07:00,255.13
2015-07-02 19:07:00,255.38
2015-07-02 23:07:00,255.51
2015-07-03 03:07:00,257.07
2015-07-03 07:07:00,254.73
2015-07-03 11:07:00,254.17
2015-07-03 15:07:00,254.92
2015-07-03 19:07:00,255.41
2015-07-03 23:07:00,255.86
2015-07-04 03:07:00,256.51
2015-07-04 07:07:00,255.38
2015-07-04 11:07:00,256.56
2015-07-04 15:07:00,257.07
2015-07-04 19:07:00,258.89
2015-07-04 23:07:00,260.33
2015-07-05 03:07:00,262.96
2015-07-05 07:07:00,262.01
2015-07-05 11:07:00,259.67
2015-07-05 15:07:00,261.80
2015-07-05 19:07:00,268.95
2015-07-05 23:07:00,270.09
2015-07-06 03:07:00,270.32
2015-07-06 07:07:00,269.22
2015-07-06 11:07:00,273.70
2015-07-06 15:07:00,275.45
2015-07-06 19:07:00,277.02
2015-07-06 23:07:00,272.89
2015-07-07 03:07:00,270.34
2015-07-07 07:07:00,267.49
2015-07-07 11:07:00,265.66
2015-07-07 15:07:00,265.82
2015-07-07 19:07:00,266.93
2015-07-07 23:07:00,265.71
2015-07-08 03:07:00,265.47
2015-07-08 07:07:00,265.33
2015-07-08 11:07:00,268.06
2015-07-08 15:07:00,270.41
2015-07-08 19:07:00,269.16
2015-07-08 23:07:00,269.40
2015-07-09 03:07:00,268.77
2015-07-09 07:07:00,269.19
2015-07-09 11:07:00,269.52
2015-07-09 15:07:00,271.01
2015-07-09 19:07:00,270.90
2015-07-09 23:07:00,269.51
2015-07-10 03:07:00,267.45
2015-07-10 07:07:00,269.60
2015-07-10 11:07:00,284.37
2015-07-10 15:07:00,285.33
2015-07-10 19:07:00,289.27
2015-07-10 23:07:00,286.17
2015-07-11 03:07:00,285.31
2015-07-11 07:07:00,290.13
2015-07-11 11:07:00,291.11
2015-07-11 15:07:00,295.15
2015-07-11 19:07:00,295.70
2015-07-11 23:07:00,293.62
2015-07-12 03:07:00,299.96
2015-07-12 07:07:00,299.87
2015-07-12 11:07:00,302.71
2015-07-12 15:07:00,310.51
2015-07-12 19:07:00,309.27
2015-07-12 23:07:00,309.59
2015-07-13 03:07:00,308.29
2015-07-13 07:07:00,299.39
2015-07-13 11:07:00,285.09
2015-07-13 15:07:00,287.28
2015-07-13 19:07:00,288.33
2015-07-13 23:07:00,291.14
2015-07-14 03:07:00,293.40
2015-07-14 07:07:00,289.07
2015-07-14 11:07:00,287.91
2015-07-14 15:07:00,292.85
2015-07-14 19:07:00,291.94
2015-07-14 23:07:00,289.22
2015-07-15 03:07:00,289.78
2015-07-15 07:07:00,289.59
2015-07-15 11:07:00,291.69
2015-07-15 15:07:00,292.40
2015-07-15 19:07:00,290.73
2015-07-15 23:07:00,287.65
2015-07-16 03:07:00,289.33
2015-07-16 07:07:00,286.13
2015-07-16 11:07:00,283.06
2015-07-16 15:07:00,279.06
2015-07-16 19:07:00,275.76
2015-07-16 23:07:00,277.70
2015-07-17 03:07:00,278.78
2015-07-17 07:07:00,275.81
2015-07-17 11:07:00,274.67
2015-07-17 15:07:00,276.99
2015-07-17 19:07:00,279.02
2015-07-17 23:07:00,280.57
2015-07-18 03:07:00,279.96
2015-07-18 07:07:00,278.97
2015-07-18 11:07:00,278.33
2015-07-18 15:07:00,276.43
2015-07-18 19:07:00,274.78
2015-07-18 23:07:00,277.06
2015-07-19 03:07:00,277.62
2015-07-19 07:07:00,276.88
2015-07-19 11:07:00,275.22
2015-07-19 15:07:00,274.90
2015-07-19 19:07:00,275.16
2015-07-19 23:07:00,274.61
2015-07-20 03:07:00,274.36
2015-07-20 07:07:00,275.58
2015-07-20 11:07:00,276.21
2015-07-20 15:07:00,278.61
2015-07-20 19:07:00,278.62
2015-07-20 23:07:00,278.49
2015-07-21 03:07:00,279.47
2015-07-21 07:07:00,279.91
2015-07-21 11:07:00,278.63
2015-07-21 15:07:00,278.05
2015-07-21 19:07:00,278.88
2015-07-21 23:07:00,277.02
2015-07-22 03:07:00,276.28
2015-07-22 07:07:00,274.92
2015-07-22 11:07:00,275.84
2015-07-22 15:07:00,276.34
2015-07-22 19:07:00,276.47
2015-07-22 23:07:00,277.67
2015-07-23 03:07:00,278.91
2015-07-23 07:07:00,277.31
2015-07-23 11:07:00,276.34
2015-07-23 15:07:00,277.20
2015-07-23 19:07:00,275.89
2015-07-23 23:07:00,275.77
2015-07-24 03:07:00,277.38
2015-07-24 07:07:00,277.38
2015-07-24 11:07:00,282.61
2015-07-24 15:07:00,284.36
2015-07-24 19:07:00,286.30
2015-07-24 23:07:00,288.34
2015-07-25 03:07:00,288.34
2015-07-25 07:07:00,288.10
2015-07-25 11:07:00,288.30
2015-07-25 15:07:00,290.28
2015-07-25 19:07:00,288.17
2015-07-25 23:07:00,288.74
2015-07-26 03:07:00,290.06
2015-07-26 07:07:00,289.21
2015-07-26 11:07:00,290.40
2015-07-26 15:07:00,292.60
2015-07-26 19:07:00,292.37
2015-07-26 23:07:00,293.96
2015-07-27 03:07:00,292.87
2015-07-27 07:07:00,291.45
2015-07-27 11:07:00,287.43
2015-07-27 15:07:00,288.21
2015-07-27 19:07:00,292.27
2015-07-27 23:07:00,296.36
2015-07-28 03:07:00,295.09
2015-07-28 07:07:00,295.81
2015-07-28 11:07:00,293.92
2015-07-28 15:07:00,293.21
2015-07-28 19:07:00,295.04
2015-07-28 23:07:00,296.27
2015-07-29 03:07:00,294.40
2015-07-29 07:07:00,291.41
2015-07-29 11:07:00,288.83
2015-07-29 15:07:00,290.01
2015-07-29 19:07:00,290.54
2015-07-29 23:07:00,291.21
2015-07-30 03:07:00,288.53
2015-07-30 07:07:00,289.07
2015-07-30 11:07:00,286.87
2015-07-30 15:07:00,286.61
2015-07-30 19:07:00,287.47
2015-07-30 23:07:00,289.05
2015-07-31 03:07:00,287.88
2015-07-31 07:07:00,284.10
2015-07-31 11:07:00,282.93
2015-07-31 15:07:00,284.76
2015-07-31 19:07:00,284.36
2015-07-31 23:07:00,287.49
2015-08-01 03:08:00,285.47
2015-08-01 07:08:00,281.29
2015-08-01 11:08:00,279.08
2015-08-01 15:08:00,278.62
2015-08-01 19:08:00,279.91
2015-08-01 23:08:00,280.91
2015-08-02 03:08:00,278.65
2015-08-02 07:08:00,278.46
2015-08-02 11:08:00,278.50
2015-08-02 15:08:00,280.92
2015-08-02 19:08:00,281.00
2015-08-02 23:08:00,282.34
2015-08-03 03:08:00,282.54
2015-08-03 07:08:00,281.63
2015-08-03 11:08:00,283.02
2015-08-03 15:08:00,283.93
2015-08-03 19:08:00,284.67
2015-08-03 23:08:00,284.07
2015-08-04 03:08:00,282.43
2015-08-04 07:08:00,283.18
2015-08-04 11:08:00,283.00
2015-08-04 15:08:00,284.32
2015-08-04 19:08:00,284.72
2015-08-04 23:08:00,286.08
2015-08-05 03:08:00,285.63
2015-08-05 07:08:00,283.43
2015-08-05 11:08:00,282.02
2015-08-05 15:08:00,282.19
2015-08-05 19:08:00,284.07
2015-08-05 23:08:00,284.39
2015-08-06 03:08:00,281.69
2015-08-06 07:08:00,281.13
2015-08-06 11:08:00,278.97
2015-08-06 15:08:00,279.48
2015-08-06 19:08:00,279.46
2015-08-06 23:08:00,279.35
2015-08-07 03:08:00,279.83
2015-08-07 07:08:00,276.50
2015-08-07 11:08:00,277.42
2015-08-07 15:08:00,278.92
2015-08-07 19:08:00,280.01
2015-08-07 23:08:00,277.83
2015-08-08 03:08:00,279.07
2015-08-08 07:08:00,277.90
2015-08-08 11:08:00,277.33
2015-08-08 15:08:00,270.93
2015-08-08 19:08:00,269.42
2015-08-08 23:08:00,264.10
2015-08-09 03:08:00,261.76
2015-08-09 07:08:00,261.51
2015-08-09 11:08:00,262.14
2015-08-09 15:08:00,265.81
2015-08-09 19:08:00,265.76
2015-08-09 23:08:00,265.23
2015-08-10 03:08:00,265.30
2015-08-10 07:08:00,265.29
2015-08-10 11:08:00,264.68
2015-08-10 15:08:00,263.89
2015-08-10 19:08:00,265.44
2015-08-10 23:08:00,267.06
2015-08-11 03:08:00,266.79
2015-08-11 07:08:00,265.50
2015-08-11 11:08:00,264.10
2015-08-11 15:08:00,264.85
2015-08-11 19:08:00,265.93
2015-08-11 23:08:00,269.23
2015-08-12 03:08:00,270.91
2015-08-12 07:08:00,268.66
2015-08-12 11:08:00,266.93
2015-08-12 15:08:00,266.81
2015-08-12 19:08:00,267.51
2015-08-12 23:08:00,270.06
2015-08-13 03:08:00,267.45
2015-08-13 07:08:00,264.48
2015-08-13 11:08:00,262.79
2015-08-13 15:08:00,263.49
2015-08-13 19:08:00,265.49
2015-08-13 23:08:00,264.88
2015-08-14 03:08:00,262.70
2015-08-14 07:08:00,263.25
2015-08-14 11:08:00,265.02
2015-08-14 15:08:00,266.11
2015-08-14 19:08:00,268.41
2015-08-14 23:08:00,268.82
2015-08-15 03:08:00,265.58
2015-08-15 07:08:00,265.94
2015-08-15 11:08:00,264.66
2015-08-15 15:08:00,265.12
2015-08-15 19:08:00,267.60
2015-08-15 23:08:00,263.04
2015-08-16 03:08:00,261.57
2015-08-16 07:08:00,261.34
2015-08-16 11:08:00,258.27
2015-08-16 15:08:00,258.64
2015-08-16 19:08:00,259.58
2015-08-16 23:08:00,257.86
2015-08-17 03:08:00,257.78
2015-08-17 07:08:00,259.45
2015-08-17 11:08:00,258.25
2015-08-17 15:08:00,258.06
2015-08-17 19:08:00,257.87
2015-08-17 23:08:00,259.52
2015-08-18 03:08:00,258.29
2015-08-18 07:08:00,256.53
2015-08-18 11:08:00,256.21
2015-08-18 15:08:00,253.97
2015-08-18 19:08:00,254.10
2015-08-18 23:08:00,250.39
2015-08-19 03:08:00,222.14
2015-08-19 07:08:00,233.07
2015-08-19 11:08:00,233.57
2015-08-19 15:08:00,232.83
2015-08-19 19:08:00,233.49
2015-08-19 23:08:00,226.09
2015-08-20 03:08:00,228.64
2015-08-20 07:08:00,232.97
2015-08-20 11:08:00,233.53
2015-08-20 15:08:00,235.16
2015-08-20 19:08:00,234.05
2015-08-20 23:08:00,235.40
2015-08-21 03:08:00,234.06
2015-08-21 07:08:00,234.86
2015-08-21 11:08:00,235.15
2015-08-21 15:08:00,233.00
2015-08-21 19:08:00,233.60
2015-08-21 23:08:00,233.62
2015-08-22 03:08:00,233.54
2015-08-22 07:08:00,232.00
2015-08-22 11:08:00,231.27
2015-08-22 15:08:00,227.89
2015-08-22 19:08:00,225.29
2015-08-22 23:08:00,228.85
2015-08-23 03:08:00,231.35
2015-08-23 07:08:00,231.33
2015-08-23 11:08:00,228.77
2015-08-23 15:08:00,230.83
2015-08-23 19:08:00,226.95
2015-08-23 23:08:00,228.26
2015-08-24 03:08:00,226.57
2015-08-24 07:08:00,222.47
2015-08-24 11:08:00,221.94
2015-08-24 15:08:00,219.91
2015-08-24 19:08:00,214.23
2015-08-24 23:08:00,213.25
2015-08-25 03:08:00,204.26
2015-08-25 07:08:00,207.99
2015-08-25 11:08:00,212.85
2015-08-25 15:08:00,216.56
2015-08-25 19:08:00,222.47
2015-08-25 23:08:00,223.85
2015-08-26 03:08:00,223.19
2015-08-26 07:08:00,222.04
2015-08-26 11:08:00,224.78
2015-08-26 15:08:00,228.57
2015-08-26 19:08:00,229.60
2015-08-26 23:08:00,226.34
2015-08-27 03:08:00,226.12
2015-08-27 07:08:00,224.60
2015-08-27 11:08:00,225.36
2015-08-27 15:08:00,226.42
2015-08-27 19:08:00,228.19
2015-08-27 23:08:00,226.16
2015-08-28 03:08:00,223.30
2015-08-28 07:08:00,224.52
2015-08-28 11:08:00,226.64
2015-08-28 15:08:00,227.64
2015-08-28 19:08:00,233.57
2015-08-28 23:08:00,232.96
2015-08-29 03:08:00,231.55
2015-08-29 07:08:00,232.33
2015-08-29 11:08:00,230.63
2015-08-29 15:08:00,229.91
2015-08-29 19:08:00,229.83
2015-08-29 23:08:00,228.12
2015-08-30 03:08:00,230.96
2015-08-30 07:08:00,231.04
2015-08-30 11:08:00,228.60
2015-08-30 15:08:00,229.33
2015-08-30 19:08:00,227.16
2015-08-30 23:08:00,227.65
2015-08-31 03:08:00,229.93
2015-08-31 07:08:00,228.55
2015-08-31 11:08:00,226.42
2015-08-31 15:08:00,229.71
2015-08-31 19:08:00,230.87
2015-08-31 23:08:00,232.33
2015-09-01 03:09:00,231.04
2015-09-01 07:09:00,229.21
2015-09-01 11:09:00,227.42
2015-09-01 15:09:00,228.65
2015-09-01 19:09:00,227.95
2015-09-01 23:09:00,227.35
2015-09-02 03:09:00,227.21
2015-09-02 07:09:00,227.41
2015-09-02 11:09:00,227.96
2015-09-02 15:09:00,228.60
2015-09-02 19:09:00,230.26
2015-09-02 23:09:00,229.01
2015-09-03 03:09:00,230.32
2015-09-03 07:09:00,227.52
2015-09-03 11:09:00,227.25
2015-09-03 15:09:00,227.41
2015-09-03 19:09:00,228.28
2015-09-03 23:09:00,226.92
2015-09-04 03:09:00,228.04
2015-09-04 07:09:00,229.10
2015-09-04 11:09:00,229.12
2015-09-04 15:09:00,229.30
2015-09-04 19:09:00,230.20
2015-09-04 23:09:00,231.95
2015-09-05 03:09:00,230.52
2015-09-05 07:09:00,229.87
2015-09-05 11:09:00,230.04
2015-09-05 15:09:00,232.99
2015-09-05 19:09:00,234.99
2015-09-05 23:09:00,237.75
2015-09-06 03:09:00,240.23
2015-09-06 07:09:00,240.80
2015-09-06 11:09:00,238.93
2015-09-06 15:09:00,241.51
2015-09-06 19:09:00,240.26
2015-09-06 23:09:00,240.82
2015-09-07 03:09:00,240.85
2015-09-07 07:09:00,239.67
2015-09-07 11:09:00,239.55
2015-09-07 15:09:00,240.87
2015-09-07 19:09:00,240.52
2015-09-07 23:09:00,240.53
2015-09-08 03:09:00,241.78
2015-09-08 07:09:00,243.22
2015-09-08 11:09:00,244.99
2015-09-08 15:09:00,244.06
2015-09-08 19:09:00,242.89
2015-09-08 23:09:00,243.75
2015-09-09 03:09:00,243.96
2015-09-09 07:09:00,241.93
2015-09-09 11:09:00,238.90
2015-09-09 15:09:00,239.01
2015-09-09 19:09:00,239.84
2015-09-09 23:09:00,239.04
2015-09-10 03:09:00,238.92
2015-09-10 07:09:00,236.70
2015-09-10 11:09:00,237.88
2015-09-10 15:09:00,240.07
2015-09-10 19:09:00,238.95
2015-09-10 23:09:00,238.52
2015-09-11 03:09:00,240.00
2015-09-11 07:09:00,240.61
2015-09-11 11:09:00,240.50
2015-09-11 15:09:00,239.73
2015-09-11 19:09:00,240.11
2015-09-11 23:09:00,240.20
2015-09-12 03:09:00,240.61
2015-09-12 07:09:00,239.80
2015-09-12 11:09:00,239.60
2015-09-12 15:09:00,239.92
2015-09-12 19:09:00,236.05
2015-09-12 23:09:00,235.61
2015-09-13 03:09:00,235.39
2015-09-13 07:09:00,235.64
2015-09-13 11:09:00,233.78
2015-09-13 15:09:00,233.26
2015-09-13 19:09:00,230.36
2015-09-13 23:09:00,229.44
2015-09-14 03:09:00,229.81
2015-09-14 07:09:00,229.30
2015-09-14 11:09:00,228.78
2015-09-14 15:09:00,230.62
2015-09-14 19:09:00,231.44
2015-09-14 23:09:00,231.44
2015-09-15 03:09:00,231.72
2015-09-15 07:09:00,230.82
2015-09-15 11:09:00,230.33
2015-09-15 15:09:00,230.35
2015-09-15 19:09:00,231.29
2015-09-15 23:09:00,230.04
2015-09-16 03:09:00,230.92
2015-09-16 07:09:00,231.45
2015-09-16 11:09:00,227.91
2015-09-16 15:09:00,228.12
2015-09-16 19:09:00,227.96
2015-09-16 23:09:00,228.22
2015-09-17 03:09:00,229.86
2015-09-17 07:09:00,229.80
2015-09-17 11:09:00,228.71
2015-09-17 15:09:00,230.81
2015-09-17 19:09:00,233.42
2015-09-17 23:09:00,233.43
2015-09-18 03:09:00,233.72
2015-09-18 07:09:00,233.49
2015-09-18 11:09:00,233.58
2015-09-18 15:09:00,232.60
2015-09-18 19:09:00,232.76
2015-09-18 23:09:00,233.14
2015-09-19 03:09:00,232.91
2015-09-19 07:09:00,232.67
2015-09-19 11:09:00,232.82
2015-09-19 15:09:00,231.58
2015-09-19 19:09:00,231.48
2015-09-19 23:09:00,232.14
2015-09-20 03:09:00,231.85
2015-09-20 07:09:00,230.87
2015-09-20 11:09:00,231.82
2015-09-20 15:09:00,231.97
2015-09-20 19:09:00,231.81
2015-09-20 23:09:00,231.76
2015-09-21 03:09:00,231.19
2015-09-21 07:09:00,228.13
2015-09-21 11:09:00,227.07
2015-09-21 15:09:00,227.96
2015-09-21 19:09:00,227.75
2015-09-21 23:09:00,227.27
2015-09-22 03:09:00,227.72
2015-09-22 07:09:00,226.94
2015-09-22 11:09:00,228.56
2015-09-22 15:09:00,230.51
2015-09-22 19:09:00,230.63
2015-09-22 23:09:00,230.32
2015-09-23 03:09:00,231.94
2015-09-23 07:09:00,231.54
2015-09-23 11:09:00,229.84
2015-09-23 15:09:00,231.11
2015-09-23 19:09:00,230.66
2015-09-23 23:09:00,230.48
2015-09-24 03:09:00,230.59
2015-09-24 07:09:00,231.77
2015-09-24 11:09:00,231.13
2015-09-24 15:09:00,232.11
2015-09-24 19:09:00,234.63
2015-09-24 23:09:00,234.49
2015-09-25 03:09:00,234.25
2015-09-25 07:09:00,234.90
2015-09-25 11:09:00,236.64
2015-09-25 15:09:00,236.20
2015-09-25 19:09:00,235.79
2015-09-25 23:09:00,235.58
2015-09-26 03:09:00,235.53
2015-09-26 07:09:00,234.52
2015-09-26 11:09:00,233.92
2015-09-26 15:09:00,234.67
2015-09-26 19:09:00,234.12
2015-09-26 23:09:00,234.64
2015-09-27 03:09:00,234.61
2015-09-27 07:09:00,234.86
2015-09-27 11:09:00,233.64
2015-09-27 15:09:00,233.43
2015-09-27 19:09:00,232.76
2015-09-27 23:09:00,232.76
2015-09-28 03:09:00,234.63
2015-09-28 07:09:00,237.42
2015-09-28 11:09:00,238.03
2015-09-28 15:09:00,238.62
2015-09-28 19:09:00,238.03
2015-09-28 23:09:00,238.61
2015-09-29 03:09:00,239.84
2015-09-29 07:09:00,239.29
2015-09-29 11:09:00,237.43
2015-09-29 15:09:00,236.80
2015-09-29 19:09:00,237.73
2015-09-29 23:09:00,237.09
2015-09-30 03:09:00,237.47
2015-09-30 07:09:00,237.45
2015-09-30 11:09:00,235.44
2015-09-30 15:09:00,236.35
2015-09-30 19:09:00,236.97
2015-09-30 23:09:00,236.18
2015-10-01 03:10:00,237.57
2015-10-01 07:10:00,236.33
2015-10-01 11:10:00,235.58
2015-10-01 15:10:00,236.30
2015-10-01 19:10:00,238.30
2015-10-01 23:10:00,237.97
2015-10-02 03:10:00,237.87
2015-10-02 07:10:00,237.95
2015-10-02 11:10:00,237.81
2015-10-02 15:10:00,236.87
2015-10-02 19:10:00,236.88
2015-10-02 23:10:00,236.81
2015-10-03 03:10:00,238.14
2015-10-03 07:10:00,238.22
2015-10-03 11:10:00,238.04
2015-10-03 15:10:00,239.70
2015-10-03 19:10:00,239.24
2015-10-03 23:10:00,239.50
2015-10-04 03:10:00,239.13
2015-10-04 07:10:00,239.68
2015-10-04 11:10:00,238.90
2015-10-04 15:10:00,238.70
2015-10-04 19:10:00,238.88
2015-10-04 23:10:00,239.82
2015-10-05 03:10:00,239.54
2015-10-05 07:10:00,239.69
2015-10-05 11:10:00,237.46
2015-10-05 15:10:00,238.81
2015-10-05 19:10:00,238.93
2015-10-05 23:10:00,239.96
2015-10-06 03:10:00,241.61
2015-10-06 07:10:00,241.10
2015-10-06 11:10:00,240.82
2015-10-06 15:10:00,244.35
2015-10-06 19:10:00,246.34
2015-10-06 23:10:00,247.64
2015-10-07 03:10:00,248.35
2015-10-07 07:10:00,246.65
2015-10-07 11:10:00,244.72
2015-10-07 15:10:00,245.41
2015-10-07 19:10:00,244.84
2015-10-07 23:10:00,243.84
2015-10-08 03:10:00,244.69
2015-10-08 07:10:00,244.95
2015-10-08 11:10:00,243.36
2015-10-08 15:10:00,243.66
2015-10-08 19:10:00,243.60
2015-10-08 23:10:00,243.13
2015-10-09 03:10:00,243.05
2015-10-09 07:10:00,244.11
2015-10-09 11:10:00,242.90
2015-10-09 15:10:00,244.06
2015-10-09 19:10:00,244.40
2015-10-09 23:10:00,246.10
2015-10-10 03:10:00,244.97
2015-10-10 07:10:00,244.93
2015-10-10 11:10:00,244.29
2015-10-10 15:10:00,244.44
2015-10-10 19:10:00,245.33
2015-10-10 23:10:00,246.61
2015-10-11 03:10:00,246.23
2015-10-11 07:10:00,245.22
2015-10-11 11:10:00,245.91
2015-10-11 15:10:00,247.05
2015-10-11 19:10:00,247.29
2015-10-11 23:10:00,247.75
2015-10-12 03:10:00,247.49
2015-10-12 07:10:00,248.48
2015-10-12 11:10:00,246.66
2015-10-12 15:10:00,246.25
2015-10-12 19:10:00,246.13
2015-10-12 23:10:00,246.00
2015-10-13 03:10:00,245.27
2015-10-13 07:10:00,245.00
2015-10-13 11:10:00,247.06
2015-10-13 15:10:00,249.92
2015-10-13 19:10:00,249.18
2015-10-13 23:10:00,249.80
2015-10-14 03:10:00,251.58
2015-10-14 07:10:00,249.69
2015-10-14 11:10:00,249.96
2015-10-14 15:10:00,251.31
2015-10-14 19:10:00,253.52
2015-10-14 23:10:00,254.36
2015-10-15 03:10:00,255.59
2015-10-15 07:10:00,255.20
2015-10-15 11:10:00,253.65
2015-10-15 15:10:00,255.64
2015-10-15 19:10:00,255.10
2015-10-15 23:10:00,254.67
2015-10-16 03:10:00,256.29
2015-10-16 07:10:00,256.10
2015-10-16 11:10:00,258.95
2015-10-16 15:10:00,261.59
2015-10-16 19:10:00,264.66
2015-10-16 23:10:00,262.46
2015-10-17 03:10:00,266.99
2015-10-17 07:10:00,269.58
2015-10-17 11:10:00,270.07
2015-10-17 15:10:00,272.66
2015-10-17 19:10:00,269.20
2015-10-17 23:10:00,269.51
2015-10-18 03:10:00,272.89
2015-10-18 07:10:00,270.02
2015-10-18 11:10:00,268.36
2015-10-18 15:10:00,264.85
2015-10-18 19:10:00,263.32
2015-10-18 23:10:00,264.76
2015-10-19 03:10:00,263.00
2015-10-19 07:10:00,263.69
2015-10-19 11:10:00,262.64
2015-10-19 15:10:00,263.99
2015-10-19 19:10:00,265.64
2015-10-19 23:10:00,264.73
2015-10-20 03:10:00,265.59
2015-10-20 07:10:00,265.14
2015-10-20 11:10:00,266.49
2015-10-20 15:10:00,267.91
2015-10-20 19:10:00,270.78
2015-10-20 23:10:00,270.59
2015-10-21 03:10:00,271.67
2015-10-21 07:10:00,269.20
2015-10-21 11:10:00,266.40
2015-10-21 15:10:00,266.88
2015-10-21 19:10:00,267.78
2015-10-21 23:10:00,267.98
2015-10-22 03:10:00,267.93
2015-10-22 07:10:00,268.74
2015-10-22 11:10:00,273.77
2015-10-22 15:10:00,275.45
2015-10-22 19:10:00,273.31
2015-10-22 23:10:00,275.19
2015-10-23 03:10:00,275.12
2015-10-23 07:10:00,277.57
2015-10-23 11:10:00,278.16
2015-10-23 15:10:00,276.74
2015-10-23 19:10:00,277.92
2015-10-23 23:10:00,276.97
2015-10-24 03:10:00,280.88
2015-10-24 07:10:00,280.89
2015-10-24 11:10:00,279.24
2015-10-24 15:10:00,280.63
2015-10-24 19:10:00,280.26
2015-10-24 23:10:00,281.23
2015-10-25 03:10:00,285.88
2015-10-25 06:10:00,289.92
2015-10-25 10:10:00,290.09
2015-10-25 14:10:00,291.83
2015-10-25 18:10:00,292.83
2015-10-25 22:10:00,287.67
2015-10-26 02:10:00,285.26
2015-10-26 06:10:00,282.73
2015-10-26 10:10:00,283.51
2015-10-26 14:10:00,285.22
2015-10-26 18:10:00,284.19
2015-10-26 22:10:00,284.72
2015-10-27 02:10:00,290.50
2015-10-27 06:10:00,290.15
2015-10-27 10:10:00,289.21
2015-10-27 14:10:00,293.99
2015-10-27 18:10:00,294.80
2015-10-27 22:10:00,295.26
2015-10-28 02:10:00,299.64
2015-10-28 06:10:00,301.44
2015-10-28 10:10:00,301.37
2015-10-28 14:10:00,304.14
2015-10-28 18:10:00,300.90
2015-10-28 22:10:00,303.25
2015-10-29 02:10:00,305.38
2015-10-29 06:10:00,306.34
2015-10-29 10:10:00,308.21
2015-10-29 14:10:00,312.18
2015-10-29 18:10:00,313.01
2015-10-29 22:10:00,313.85
2015-10-30 02:10:00,321.30
2015-10-30 06:10:00,328.59
2015-10-30 10:10:00,327.95
2015-10-30 14:10:00,319.57
2015-10-30 18:10:00,325.09
2015-10-30 22:10:00,324.01
2015-10-31 02:10:00,331.86
2015-10-31 06:10:00,326.18
2015-10-31 10:10:00,325.15
2015-10-31 14:10:00,322.56
2015-10-31 18:10:00,314.32
2015-10-31 22:10:00,311.35
2015-11-01 02:11:00,313.39
2015-11-01 06:11:00,317.93
2015-11-01 10:11:00,318.35
2015-11-01 14:11:00,315.10
2015-11-01 18:11:00,312.22
2015-11-01 22:11:00,322.56
2015-11-02 02:11:00,327.81
2015-11-02 06:11:00,329.94
2015-11-02 10:11:00,328.98
2015-11-02 14:11:00,335.88
2015-11-02 18:11:00,339.28
2015-11-02 22:11:00,357.25
2015-11-03 02:11:00,363.48
2015-11-03 06:11:00,372.74
2015-11-03 10:11:00,373.41
2015-11-03 14:11:00,387.02
2015-11-03 18:11:00,405.64
2015-11-03 22:11:00,392.71
2015-11-04 02:11:00,419.60
2015-11-04 06:11:00,435.12
2015-11-04 10:11:00,442.86
2015-11-04 14:11:00,479.34
2015-11-04 18:11:00,466.08
2015-11-04 22:11:00,416.00
2015-11-05 02:11:00,420.33
2015-11-05 06:11:00,404.15
2015-11-05 10:11:00,383.65
2015-11-05 14:11:00,394.84
2015-11-05 18:11:00,399.53
2015-11-05 22:11:00,398.70
2015-11-06 02:11:00,367.95
2015-11-06 06:11:00,359.46
2015-11-06 10:11:00,370.49
2015-11-06 14:11:00,374.45
2015-11-06 18:11:00,385.27
2015-11-06 22:11:00,370.86
2015-11-07 02:11:00,378.64
2015-11-07 06:11:00,381.65
2015-11-07 10:11:00,385.20
2015-11-07 14:11:00,386.70
2015-11-07 18:11:00,384.53
2015-11-07 22:11:00,385.47
2015-11-08 02:11:00,387.86
2015-11-08 06:11:00,385.55
2015-11-08 10:11:00,381.34
2015-11-08 14:11:00,383.41
2015-11-08 18:11:00,383.85
2015-11-08 22:11:00,373.12
2015-11-09 02:11:00,366.55
2015-11-09 06:11:00,370.57
2015-11-09 10:11:00,371.84
2015-11-09 14:11:00,383.01
2015-11-09 18:11:00,378.42
2015-11-09 22:11:00,379.35
2015-11-10 02:11:00,375.43
2015-11-10 06:11:00,379.08
2015-11-10 10:11:00,377.33
2015-11-10 14:11:00,362.54
2015-11-10 18:11:00,355.22
2015-11-10 22:11:00,339.66
2015-11-11 02:11:00,316.55
2015-11-11 06:11:00,314.68
2015-11-11 10:11:00,320.23
2015-11-11 14:11:00,315.68
2015-11-11 18:11:00,310.27
2015-11-11 22:11:00,307.35
2015-11-12 02:11:00,317.51
2015-11-12 06:11:00,326.29
2015-11-12 10:11:00,337.62
2015-11-12 14:11:00,329.73
2015-11-12 18:11:00,328.46
2015-11-12 22:11:00,330.44
2015-11-13 02:11:00,338.62
2015-11-13 06:11:00,339.02
2015-11-13 10:11:00,330.43
2015-11-13 14:11:00,330.52
2015-11-13 18:11:00,331.44
2015-11-13 22:11:00,335.18
2015-11-14 02:11:00,339.17
2015-11-14 06:11:00,336.00
2015-11-14 10:11:00,334.46
2015-11-14 14:11:00,331.17
2015-11-14 18:11:00,332.99
2015-11-14 22:11:00,335.39
2015-11-15 02:11:00,334.91
2015-11-15 06:11:00,333.89
2015-11-15 10:11:00,333.01
2015-11-15 14:11:00,322.83
2015-11-15 18:11:00,323.40
2015-11-15 22:11:00,320.71
2015-11-16 02:11:00,318.49
2015-11-16 06:11:00,319.75
2015-11-16 10:11:00,319.74
2015-11-16 14:11:00,319.23
2015-11-16 18:11:00,327.22
2015-11-16 22:11:00,329.96
2015-11-17 02:11:00,336.61
2015-11-17 06:11:00,335.62
2015-11-17 10:11:00,332.67
2015-11-17 14:11:00,334.37
2015-11-17 18:11:00,334.68
2015-11-17 22:11:00,335.88
2015-11-18 02:11:00,335.77
2015-11-18 06:11:00,332.93
2015-11-18 10:11:00,332.46
2015-11-18 14:11:00,333.53
2015-11-18 18:11:00,333.31
2015-11-18 22:11:00,336.85
2015-11-19 02:11:00,334.97
2015-11-19 06:11:00,334.40
2015-11-19 10:11:00,334.16
2015-11-19 14:11:00,328.77
2015-11-19 18:11:00,326.78
2015-11-19 22:11:00,326.88
2015-11-20 02:11:00,317.47
2015-11-20 06:11:00,316.93
2015-11-20 10:11:00,319.25
2015-11-20 14:11:00,322.36
2015-11-20 18:11:00,320.90
2015-11-20 22:11:00,320.81
2015-11-21 02:11:00,321.63
2015-11-21 06:11:00,325.49
2015-11-21 10:11:00,327.27
2015-11-21 14:11:00,326.49
2015-11-21 18:11:00,327.00
2015-11-21 22:11:00,327.14
2015-11-22 02:11:00,329.36
2015-11-22 06:11:00,326.02
2015-11-22 10:11:00,325.48
2015-11-22 14:11:00,321.74
2015-11-22 18:11:00,323.16
2015-11-22 22:11:00,324.34
2015-11-23 02:11:00,324.33
2015-11-23 06:11:00,322.83
2015-11-23 10:11:00,322.14
2015-11-23 14:11:00,324.41
2015-11-23 18:11:00,324.99
2015-11-23 22:11:00,323.91
2015-11-24 02:11:00,321.10
2015-11-24 06:11:00,321.69
2015-11-24 10:11:00,321.35
2015-11-24 14:11:00,321.21
2015-11-24 18:11:00,323.46
2015-11-24 22:11:00,319.93
2015-11-25 02:11:00,319.42
2015-11-25 06:11:00,319.58
2015-11-25 10:11:00,319.63
2015-11-25 14:11:00,325.17
2015-11-25 18:11:00,325.63
2015-11-25 22:11:00,328.42
2015-11-26 02:11:00,332.00
2015-11-26 06:11:00,333.05
2015-11-26 10:11:00,341.96
2015-11-26 14:11:00,356.30
2015-11-26 18:11:00,344.92
2015-11-26 22:11:00,348.09
2015-11-27 02:11:00,353.03
2015-11-27 06:11:00,350.09
2015-11-27 10:11:00,359.93
2015-11-27 14:11:00,356.04
2015-11-27 18:11:00,357.76
2015-11-27 22:11:00,358.83
2015-11-28 02:11:00,354.81
2015-11-28 06:11:00,357.99
2015-11-28 10:11:00,355.68
2015-11-28 14:11:00,353.31
2015-11-28 18:11:00,355.00
2015-11-28 22:11:00,358.76
2015-11-29 02:11:00,357.58
2015-11-29 06:11:00,357.18
2015-11-29 10:11:00,358.02
2015-11-29 14:11:00,363.10
2015-11-29 18:11:00,363.91
2015-11-29 22:11:00,369.35
2015-11-30 02:11:00,377.51
2015-11-30 06:11:00,378.94
2015-11-30 10:11:00,379.14
2015-11-30 14:11:00,373.90
2015-11-30 18:11:00,374.63
2015-11-30 22:11:00,377.41
2015-12-01 02:12:00,378.19
2015-12-01 06:12:00,378.30
2015-12-01 10:12:00,363.53
2015-12-01 14:12:00,361.21
2015-12-01 18:12:00,360.88
2015-12-01 22:12:00,362.88
2015-12-02 02:12:00,352.62
2015-12-02 06:12:00,352.96
2015-12-02 10:12:00,353.51
2015-12-02 14:12:00,355.81
2015-12-02 18:12:00,360.06
2015-12-02 22:12:00,360.32
2015-12-03 02:12:00,363.96
2015-12-03 06:12:00,366.83
2015-12-03 10:12:00,359.63
2015-12-03 14:12:00,360.69
2015-12-03 18:12:00,361.22
2015-12-03 22:12:00,363.75
2015-12-04 02:12:00,358.22
2015-12-04 06:12:00,359.00
2015-12-04 10:12:00,359.21
2015-12-04 14:12:00,360.78
2015-12-04 18:12:00,362.89
2015-12-04 22:12:00,362.78
2015-12-05 02:12:00,366.57
2015-12-05 06:12:00,371.17
2015-12-05 10:12:00,376.23
2015-12-05 14:12:00,378.07
2015-12-05 18:12:00,378.72
2015-12-05 22:12:00,385.73
2015-12-06 02:12:00,394.42
2015-12-06 06:12:00,399.14
2015-12-06 10:12:00,392.22
2015-12-06 14:12:00,390.30
2015-12-06 18:12:00,395.12
2015-12-06 22:12:00,396.53
2015-12-07 02:12:00,389.90
2015-12-07 06:12:00,392.02
2015-12-07 10:12:00,393.11
2015-12-07 14:12:00,396.74
2015-12-07 18:12:00,395.60
2015-12-07 22:12:00,394.13
2015-12-08 02:12:00,395.83
2015-12-08 06:12:00,393.19
2015-12-08 10:12:00,395.74
2015-12-08 14:12:00,394.62
2015-12-08 18:12:00,394.36
2015-12-08 22:12:00,402.91
2015-12-09 02:12:00,414.86
2015-12-09 06:12:00,420.10
2015-12-09 10:12:00,418.76
2015-12-09 14:12:00,420.79
2015-12-09 18:12:00,411.85
2015-12-09 22:12:00,414.95
2015-12-10 02:12:00,417.07
2015-12-10 06:12:00,413.65
2015-12-10 10:12:00,414.29
2015-12-10 14:12:00,417.42
2015-12-10 18:12:00,414.83
2015-12-10 22:12:00,416.48
2015-12-11 02:12:00,420.08
2015-12-11 06:12:00,422.20
2015-12-11 10:12:00,431.28
2015-12-11 14:12:00,433.74
2015-12-11 18:12:00,441.29
2015-12-11 22:12:00,449.43
2015-12-12 02:12:00,457.96
2015-12-12 06:12:00,430.98
2015-12-12 10:12:00,426.06
2015-12-12 14:12:00,425.89
2015-12-12 18:12:00,426.73
2015-12-12 22:12:00,429.01
2015-12-13 02:12:00,437.17
2015-12-13 06:12:00,428.61
2015-12-13 10:12:00,433.25
2015-12-13 14:12:00,437.14
2015-12-13 18:12:00,439.82
2015-12-13 22:12:00,436.94
2015-12-14 02:12:00,434.44
2015-12-14 06:12:00,437.31
2015-12-14 10:12:00,443.03
2015-12-14 14:12:00,444.48
2015-12-14 18:12:00,444.10
2015-12-14 22:12:00,442.74
2015-12-15 02:12:00,452.26
2015-12-15 06:12:00,454.47
2015-12-15 10:12:00,454.25
2015-12-15 14:12:00,457.19
2015-12-15 18:12:00,459.94
2015-12-15 22:12:00,462.19
2015-12-16 02:12:00,463.07
2015-12-16 06:12:00,449.23
2015-12-16 10:12:00,458.78
2015-12-16 14:12:00,456.04
2015-12-16 18:12:00,454.67
2015-12-16 22:12:00,454.63
2015-12-17 02:12:00,451.49
2015-12-17 06:12:00,453.40
2015-12-17 10:12:00,456.57
2015-12-17 14:12:00,457.01
2015-12-17 18:12:00,455.04
2015-12-17 22:12:00,454.49
2015-12-18 02:12:00,456.94
2015-12-18 06:12:00,461.93
2015-12-18 10:12:00,458.85
2015-12-18 14:12:00,459.75
2015-12-18 18:12:00,460.83
2015-12-18 22:12:00,464.47
2015-12-19 02:12:00,466.35
2015-12-19 06:12:00,464.32
2015-12-19 10:12:00,463.07
2015-12-19 14:12:00,463.61
2015-12-19 18:12:00,458.51
2015-12-19 22:12:00,462.48
2015-12-20 02:12:00,460.93
2015-12-20 06:12:00,460.17
2015-12-20 10:12:00,460.79
2015-12-20 14:12:00,455.40
2015-12-20 18:12:00,441.55
2015-12-20 22:12:00,441.83
2015-12-21 02:12:00,431.27
2015-12-21 06:12:00,436.77
2015-12-21 10:12:00,440.36
2015-12-21 14:12:00,440.15
2015-12-21 18:12:00,437.20
2015-12-21 22:12:00,437.43
2015-12-22 02:12:00,439.96
2015-12-22 06:12:00,439.93
2015-12-22 10:12:00,441.59
2015-12-22 14:12:00,437.79
2015-12-22 18:12:00,436.27
2015-12-22 22:12:00,436.31
2015-12-23 02:12:00,438.55
2015-12-23 06:12:00,439.37
2015-12-23 10:12:00,439.42
2015-12-23 14:12:00,440.83
2015-12-23 18:12:00,441.10
2015-12-23 22:12:00,444.25
2015-12-24 02:12:00,449.46
2015-12-24 06:12:00,455.84
2015-12-24 10:12:00,457.01
2015-12-24 14:12:00,454.48
2015-12-24 18:12:00,454.87
2015-12-24 22:12:00,452.49
2015-12-25 02:12:00,456.85
2015-12-25 06:12:00,457.49
2015-12-25 10:12:00,451.98
2015-12-25 14:12:00,452.16
2015-12-25 18:12:00,453.62
2015-12-25 22:12:00,455.57
2015-12-26 02:12:00,455.98
2015-12-26 06:12:00,441.73
2015-12-26 10:12:00,427.31
2015-12-26 14:12:00,420.73
2015-12-26 18:12:00,412.48
2015-12-26 22:12:00,416.59
2015-12-27 02:12:00,414.11
2015-12-27 06:12:00,416.30
2015-12-27 10:12:00,420.13
2015-12-27 14:12:00,420.06
2015-12-27 18:12:00,418.29
2015-12-27 22:12:00,421.98
2015-12-28 02:12:00,426.73
2015-12-28 06:12:00,428.05
2015-12-28 10:12:00,424.50
2015-12-28 14:12:00,424.68
2015-12-28 18:12:00,422.87
2015-12-28 22:12:00,419.84
2015-12-29 02:12:00,424.11
2015-12-29 06:12:00,423.07
2015-12-29 10:12:00,422.10
2015-12-29 14:12:00,424.88
2015-12-29 18:12:00,430.34
2015-12-29 22:12:00,430.12
2015-12-30 02:12:00,432.56
2015-12-30 06:12:00,432.11
2015-12-30 10:12:00,431.86
2015-12-30 14:12:00,426.03
2015-12-30 18:12:00,426.33
2015-12-30 22:12:00,428.36
2015-12-31 02:12:00,425.04
2015-12-31 06:12:00,419.57
2015-12-31 10:12:00,422.90
2015-12-31 14:12:00,425.10
2015-12-31 18:12:00,429.18
2015-12-31 22:12:00,432.44
2016-01-01 02:01:00,430.94
2016-01-01 06:01:00,434.26
2016-01-01 10:01:00,432.68
2016-01-01 14:01:00,430.58
2016-01-01 18:01:00,433.27
2016-01-01 22:01:00,434.38
2016-01-02 02:01:00,434.02
2016-01-02 06:01:00,434.70
2016-01-02 10:01:00,433.51
2016-01-02 14:01:00,432.73
2016-01-02 18:01:00,434.61
2016-01-02 22:01:00,433.80
2016-01-03 02:01:00,431.78
2016-01-03 06:01:00,431.17
2016-01-03 10:01:00,430.76
2016-01-03 14:01:00,427.64
2016-01-03 18:01:00,426.56
2016-01-03 22:01:00,426.47
2016-01-04 02:01:00,431.56
2016-01-04 06:01:00,431.48
2016-01-04 10:01:00,431.13
2016-01-04 14:01:00,431.95
2016-01-04 18:01:00,433.94
2016-01-04 22:01:00,434.40
2016-01-05 02:01:00,434.07
2016-01-05 06:01:00,434.30
2016-01-05 10:01:00,431.33
2016-01-05 14:01:00,431.13
2016-01-05 18:01:00,433.82
2016-01-05 22:01:00,435.56
2016-01-06 02:01:00,430.56
2016-01-06 06:01:00,428.26
2016-01-06 10:01:00,429.70
2016-01-06 14:01:00,431.12
2016-01-06 18:01:00,431.85
2016-01-06 22:01:00,433.06
2016-01-07 02:01:00,436.60
2016-01-07 06:01:00,446.00
2016-01-07 10:01:00,449.13
2016-01-07 14:01:00,452.97
2016-01-07 18:01:00,456.29
2016-01-07 22:01:00,456.12
2016-01-08 02:01:00,459.58
2016-01-08 06:01:00,456.22
2016-01-08 10:01:00,454.30
2016-01-08 14:01:00,455.40
2016-01-08 18:01:00,450.82
2016-01-08 22:01:00,455.54
2016-01-09 02:01:00,455.19
2016-01-09 06:01:00,449.75
2016-01-09 10:01:00,449.61
2016-01-09 14:01:00,447.76
2016-01-09 18:01:00,451.42
2016-01-09 22:01:00,452.21
2016-01-10 02:01:00,446.88
2016-01-10 06:01:00,446.23
2016-01-10 10:01:00,442.99
2016-01-10 14:01:00,441.93
2016-01-10 18:01:00,445.90
2016-01-10 22:01:00,446.23
2016-01-11 02:01:00,450.31
2016-01-11 06:01:00,447.03
2016-01-11 10:01:00,444.61
2016-01-11 14:01:00,446.14
2016-01-11 18:01:00,449.08
2016-01-11 22:01:00,452.47
2016-01-12 02:01:00,447.38
2016-01-12 06:01:00,446.51
2016-01-12 10:01:00,445.53
2016-01-12 14:01:00,446.72
2016-01-12 18:01:00,447.26
2016-01-12 22:01:00,445.99
2016-01-13 02:01:00,428.45
2016-01-13 06:01:00,429.72
2016-01-13 10:01:00,429.34
2016-01-13 14:01:00,427.60
2016-01-13 18:01:00,431.97
2016-01-13 22:01:00,432.91
2016-01-14 02:01:00,433.18
2016-01-14 06:01:00,430.53
2016-01-14 10:01:00,429.03
2016-01-14 14:01:00,432.05
2016-01-14 18:01:00,436.30
2016-01-14 22:01:00,432.80
2016-01-15 02:01:00,423.34
2016-01-15 06:01:00,415.47
2016-01-15 10:01:00,408.85
2016-01-15 14:01:00,395.18
2016-01-15 18:01:00,393.11
2016-01-15 22:01:00,379.83
2016-01-16 02:01:00,371.52
2016-01-16 06:01:00,369.46
2016-01-16 10:01:00,362.62
2016-01-16 14:01:00,369.50
2016-01-16 18:01:00,370.76
2016-01-16 22:01:00,382.79
2016-01-17 02:01:00,387.63
2016-01-17 06:01:00,382.24
2016-01-17 10:01:00,382.44
2016-01-17 14:01:00,383.79
2016-01-17 18:01:00,386.49
2016-01-17 22:01:00,386.35
2016-01-18 02:01:00,382.95
2016-01-18 06:01:00,377.95
2016-01-18 10:01:00,380.55
2016-01-18 14:01:00,385.65
2016-01-18 18:01:00,386.28
2016-01-18 22:01:00,385.18
2016-01-19 02:01:00,385.12
2016-01-19 06:01:00,385.05
2016-01-19 10:01:00,384.92
2016-01-19 14:01:00,385.26
2016-01-19 18:01:00,381.50
2016-01-19 22:01:00,381.47
2016-01-20 02:01:00,378.20
2016-01-20 06:01:00,380.93
2016-01-20 10:01:00,379.59
2016-01-20 14:01:00,402.27
2016-01-20 18:01:00,410.90
2016-01-20 22:01:00,416.24
2016-01-21 02:01:00,421.27
2016-01-21 06:01:00,416.54
2016-01-21 10:01:00,417.51
2016-01-21 14:01:00,415.01
2016-01-21 18:01:00,409.14
2016-01-21 22:01:00,410.69
2016-01-22 02:01:00,407.49
2016-01-22 06:01:00,398.41
2016-01-22 10:01:00,397.96
2016-01-22 14:01:00,393.82
2016-01-22 18:01:00,385.88
2016-01-22 22:01:00,378.28
2016-01-23 02:01:00,387.95
2016-01-23 06:01:00,391.75
2016-01-23 10:01:00,390.14
2016-01-23 14:01:00,385.84
2016-01-23 18:01:00,389.85
2016-01-23 22:01:00,395.74
2016-01-24 02:01:00,389.91
2016-01-24 06:01:00,389.68
2016-01-24 10:01:00,398.04
2016-01-24 14:01:00,398.96
2016-01-24 18:01:00,402.83
2016-01-24 22:01:00,403.08
2016-01-25 02:01:00,399.62
2016-01-25 06:01:00,399.43
2016-01-25 10:01:00,400.01
2016-01-25 14:01:00,398.70
2016-01-25 18:01:00,392.32
2016-01-25 22:01:00,393.46
2016-01-26 02:01:00,393.83
2016-01-26 06:01:00,392.47
2016-01-26 10:01:00,394.42
2016-01-26 14:01:00,394.60
2016-01-26 18:01:00,395.34
2016-01-26 22:01:00,393.40
2016-01-27 02:01:00,394.59
2016-01-27 06:01:00,396.09
2016-01-27 10:01:00,394.90
2016-01-27 14:01:00,395.04
2016-01-27 18:01:00,395.98
2016-01-27 22:01:00,398.85
2016-01-28 02:01:00,386.40
2016-01-28 06:01:00,381.52
2016-01-28 10:01:00,383.02
2016-01-28 14:01:00,383.08
2016-01-28 18:01:00,384.75
2016-01-28 22:01:00,384.24
2016-01-29 02:01:00,369.54
2016-01-29 06:01:00,370.70
2016-01-29 10:01:00,379.26
2016-01-29 14:01:00,380.92
2016-01-29 18:01:00,380.02
2016-01-29 22:01:00,377.48
2016-01-30 02:01:00,379.54
2016-01-30 06:01:00,378.54
2016-01-30 10:01:00,379.73
2016-01-30 14:01:00,378.68
2016-01-30 18:01:00,379.87
2016-01-30 22:01:00,379.21
2016-01-31 02:01:00,382.57
2016-01-31 06:01:00,380.65
2016-01-31 10:01:00,377.77
2016-01-31 14:01:00,377.64
2016-01-31 18:01:00,378.72
2016-01-31 22:01:00,378.26
2016-02-01 02:02:00,368.57
2016-02-01 06:02:00,373.82
2016-02-01 10:02:00,375.94
2016-02-01 14:02:00,375.90
2016-02-01 18:02:00,373.07
2016-02-01 22:02:00,372.53
2016-02-02 02:02:00,374.24
2016-02-02 06:02:00,374.26
2016-02-02 10:02:00,374.51
2016-02-02 14:02:00,374.32
2016-02-02 18:02:00,375.21
2016-02-02 22:02:00,378.13
2016-02-03 02:02:00,373.26
2016-02-03 06:02:00,374.35
2016-02-03 10:02:00,375.15
2016-02-03 14:02:00,371.89
2016-02-03 18:02:00,371.13
2016-02-03 22:02:00,369.84
2016-02-04 02:02:00,371.52
2016-02-04 06:02:00,373.22
2016-02-04 10:02:00,374.05
2016-02-04 14:02:00,380.79
2016-02-04 18:02:00,386.66
2016-02-04 22:02:00,389.54
2016-02-05 02:02:00,390.00
2016-02-05 06:02:00,387.51
2016-02-05 10:02:00,388.38
2016-02-05 14:02:00,389.97
2016-02-05 18:02:00,388.71
2016-02-05 22:02:00,388.05
2016-02-06 02:02:00,381.14
2016-02-06 06:02:00,374.52
2016-02-06 10:02:00,377.44
2016-02-06 14:02:00,378.25
2016-02-06 18:02:00,375.89
2016-02-06 22:02:00,378.31
2016-02-07 02:02:00,376.32
2016-02-07 06:02:00,378.35
2016-02-07 10:02:00,378.22
2016-02-07 14:02:00,379.46
2016-02-07 18:02:00,377.55
2016-02-07 22:02:00,377.16
2016-02-08 02:02:00,378.49
2016-02-08 06:02:00,380.24
2016-02-08 10:02:00,378.78
2016-02-08 14:02:00,376.67
2016-02-08 18:02:00,375.31
2016-02-08 22:02:00,374.19
2016-02-09 02:02:00,373.58
2016-02-09 06:02:00,373.98
2016-02-09 10:02:00,373.97
2016-02-09 14:02:00,376.16
2016-02-09 18:02:00,376.28
2016-02-09 22:02:00,379.82
2016-02-10 02:02:00,377.48
2016-02-10 06:02:00,377.38
2016-02-10 10:02:00,378.15
2016-02-10 14:02:00,382.42
2016-02-10 18:02:00,382.62
2016-02-10 22:02:00,383.26
2016-02-11 02:02:00,385.91
2016-02-11 06:02:00,380.57
2016-02-11 10:02:00,380.70
2016-02-11 14:02:00,381.05
2016-02-11 18:02:00,378.73
2016-02-11 22:02:00,379.43
2016-02-12 02:02:00,384.05
2016-02-12 06:02:00,382.20
2016-02-12 10:02:00,382.36
2016-02-12 14:02:00,384.64
2016-02-12 18:02:00,386.06
2016-02-12 22:02:00,388.52
2016-02-13 02:02:00,386.77
2016-02-13 06:02:00,389.65
2016-02-13 10:02:00,389.69
2016-02-13 14:02:00,390.46
2016-02-13 18:02:00,391.26
2016-02-13 22:02:00,391.91
2016-02-14 02:02:00,396.35
2016-02-14 06:02:00,397.42
2016-02-14 10:02:00,399.87
2016-02-14 14:02:00,400.19
2016-02-14 18:02:00,403.34
2016-02-14 22:02:00,403.37
2016-02-15 02:02:00,407.70
2016-02-15 06:02:00,407.71
2016-02-15 10:02:00,403.88
2016-02-15 14:02:00,405.59
2016-02-15 18:02:00,403.01
2016-02-15 22:02:00,400.55
2016-02-16 02:02:00,404.10
2016-02-16 06:02:00,403.93
2016-02-16 10:02:00,403.74
2016-02-16 14:02:00,405.52
2016-02-16 18:02:00,408.11
2016-02-16 22:02:00,407.87
2016-02-17 02:02:00,409.00
2016-02-17 06:02:00,410.79
2016-02-17 10:02:00,414.82
2016-02-17 14:02:00,418.05
2016-02-17 18:02:00,418.69
2016-02-17 22:02:00,419.79
2016-02-18 02:02:00,416.94
2016-02-18 06:02:00,419.30
2016-02-18 10:02:00,423.45
2016-02-18 14:02:00,421.73
2016-02-18 18:02:00,419.33
2016-02-18 22:02:00,420.39
2016-02-19 02:02:00,422.38
2016-02-19 06:02:00,420.18
2016-02-19 10:02:00,419.70
2016-02-19 14:02:00,421.55
2016-02-19 18:02:00,419.53
2016-02-19 22:02:00,423.93
2016-02-20 02:02:00,427.27
2016-02-20 06:02:00,424.03
2016-02-20 10:02:00,428.24
2016-02-20 14:02:00,432.01
2016-02-20 18:02:00,438.86
2016-02-20 22:02:00,441.78
2016-02-21 02:02:00,439.00
2016-02-21 06:02:00,441.95
2016-02-21 10:02:00,446.85
2016-02-21 14:02:00,434.30
2016-02-21 18:02:00,436.03
2016-02-21 22:02:00,439.90
2016-02-22 02:02:00,436.44
2016-02-22 06:02:00,436.25
2016-02-22 10:02:00,436.95
2016-02-22 14:02:00,438.71
2016-02-22 18:02:00,439.98
2016-02-22 22:02:00,441.39
2016-02-23 02:02:00,442.25
2016-02-23 06:02:00,438.30
2016-02-23 10:02:00,425.23
2016-02-23 14:02:00,423.81
2016-02-23 18:02:00,419.30
2016-02-23 22:02:00,419.91
2016-02-24 02:02:00,423.24
2016-02-24 06:02:00,416.20
2016-02-24 10:02:00,417.66
2016-02-24 14:02:00,422.31
2016-02-24 18:02:00,424.95
2016-02-24 22:02:00,426.68
2016-02-25 02:02:00,426.22
2016-02-25 06:02:00,421.70
2016-02-25 10:02:00,423.80
2016-02-25 14:02:00,423.40
2016-02-25 18:02:00,423.03
2016-02-25 22:02:00,424.78
2016-02-26 02:02:00,424.60
2016-02-26 06:02:00,423.46
2016-02-26 10:02:00,425.22
2016-02-26 14:02:00,426.00
2016-02-26 18:02:00,425.89
2016-02-26 22:02:00,427.10
2016-02-27 02:02:00,433.65
2016-02-27 06:02:00,434.57
2016-02-27 10:02:00,431.80
2016-02-27 14:02:00,432.85
2016-02-27 18:02:00,432.96
2016-02-27 22:02:00,433.86
2016-02-28 02:02:00,426.35
2016-02-28 06:02:00,427.06
2016-02-28 10:02:00,426.10
2016-02-28 14:02:00,431.49
2016-02-28 18:02:00,434.70
2016-02-28 22:02:00,436.29
2016-02-29 02:02:00,437.07
2016-02-29 06:02:00,437.92
2016-02-29 10:02:00,438.28
2016-02-29 14:02:00,437.62
2016-02-29 18:02:00,436.96
2016-02-29 22:02:00,435.51
2016-03-01 02:03:00,437.88
2016-03-01 06:03:00,436.89
2016-03-01 10:03:00,433.44
2016-03-01 14:03:00,435.21
2016-03-01 18:03:00,432.61
2016-03-01 22:03:00,432.47
2016-03-02 02:03:00,434.55
2016-03-02 06:03:00,435.35
2016-03-02 10:03:00,433.74
2016-03-02 14:03:00,430.23
2016-03-02 18:03:00,430.24
2016-03-02 22:03:00,427.10
2016-03-03 02:03:00,421.04
2016-03-03 06:03:00,418.51
2016-03-03 10:03:00,422.46
2016-03-03 14:03:00,423.13
2016-03-03 18:03:00,420.15
2016-03-03 22:03:00,418.77
2016-03-04 02:03:00,421.43
2016-03-04 06:03:00,423.21
2016-03-04 10:03:00,420.46
2016-03-04 14:03:00,421.07
2016-03-04 18:03:00,418.49
2016-03-04 22:03:00,411.98
2016-03-05 02:03:00,405.34
2016-03-05 06:03:00,408.46
2016-03-05 10:03:00,404.93
2016-03-05 14:03:00,397.75
2016-03-05 18:03:00,395.30
2016-03-05 22:03:00,401.37
2016-03-06 02:03:00,396.67
2016-03-06 06:03:00,400.18
2016-03-06 10:03:00,404.91
2016-03-06 14:03:00,406.97
2016-03-06 18:03:00,410.74
2016-03-06 22:03:00,409.24
2016-03-07 02:03:00,405.02
2016-03-07 06:03:00,407.70
2016-03-07 10:03:00,408.57
2016-03-07 14:03:00,411.86
2016-03-07 18:03:00,411.83
2016-03-07 22:03:00,413.46
2016-03-08 02:03:00,415.05
2016-03-08 06:03:00,415.28
2016-03-08 10:03:00,412.81
2016-03-08 14:03:00,411.26
2016-03-08 18:03:00,412.43
2016-03-08 22:03:00,411.80
2016-03-09 02:03:00,414.40
2016-03-09 06:03:00,413.29
2016-03-09 10:03:00,410.62
2016-03-09 14:03:00,412.24
2016-03-09 18:03:00,414.19
2016-03-09 22:03:00,413.43
2016-03-10 02:03:00,413.90
2016-03-10 06:03:00,413.40
2016-03-10 10:03:00,413.11
2016-03-10 14:03:00,414.48
2016-03-10 18:03:00,416.24
2016-03-10 22:03:00,416.01
2016-03-11 02:03:00,416.45
2016-03-11 06:03:00,420.30
2016-03-11 10:03:00,421.22
2016-03-11 14:03:00,420.87
2016-03-11 18:03:00,420.46
2016-03-11 22:03:00,419.52
2016-03-12 02:03:00,418.37
2016-03-12 06:03:00,414.12
2016-03-12 10:03:00,414.61
2016-03-12 14:03:00,414.13
2016-03-12 18:03:00,409.64
2016-03-12 22:03:00,411.27
2016-03-13 02:03:00,411.70
2016-03-13 06:03:00,413.12
2016-03-13 10:03:00,414.38
2016-03-13 14:03:00,413.64
2016-03-13 18:03:00,414.50
2016-03-13 22:03:00,412.45
2016-03-14 02:03:00,413.96
2016-03-14 06:03:00,415.93
2016-03-14 10:03:00,413.96
2016-03-14 14:03:00,415.37
2016-03-14 18:03:00,415.33
2016-03-14 22:03:00,415.59
2016-03-15 02:03:00,415.85
2016-03-15 06:03:00,417.47
2016-03-15 10:03:00,415.69
2016-03-15 14:03:00,415.27
2016-03-15 18:03:00,417.17
2016-03-15 22:03:00,415.73
2016-03-16 02:03:00,415.40
2016-03-16 06:03:00,414.96
2016-03-16 10:03:00,415.49
2016-03-16 14:03:00,415.72
2016-03-16 18:03:00,415.40
2016-03-16 22:03:00,416.41
2016-03-17 02:03:00,416.68
2016-03-17 06:03:00,418.60
2016-03-17 10:03:00,418.25
2016-03-17 14:03:00,421.95
2016-03-17 18:03:00,422.26
2016-03-17 22:03:00,420.01
2016-03-18 02:03:00,418.90
2016-03-18 06:03:00,416.25
2016-03-18 10:03:00,415.54
2016-03-18 14:03:00,411.77
2016-03-18 18:03:00,408.07
2016-03-18 22:03:00,406.86
2016-03-19 02:03:00,409.07
2016-03-19 06:03:00,409.23
2016-03-19 10:03:00,409.79
2016-03-19 14:03:00,408.15
2016-03-19 18:03:00,404.94
2016-03-19 22:03:00,407.79
2016-03-20 02:03:00,410.42
2016-03-20 06:03:00,410.41
2016-03-20 10:03:00,412.74
2016-03-20 14:03:00,411.01
2016-03-20 18:03:00,411.65
2016-03-20 22:03:00,414.99
2016-03-21 02:03:00,410.57
2016-03-21 06:03:00,409.78
2016-03-21 10:03:00,409.51
2016-03-21 14:03:00,410.63
2016-03-21 18:03:00,411.42
2016-03-21 22:03:00,411.27
2016-03-22 02:03:00,413.06
2016-03-22 06:03:00,416.75
2016-03-22 10:03:00,417.28
2016-03-22 14:03:00,417.05
2016-03-22 18:03:00,416.02
2016-03-22 22:03:00,416.56
2016-03-23 02:03:00,417.70
2016-03-23 06:03:00,417.88
2016-03-23 10:03:00,416.75
2016-03-23 14:03:00,416.33
2016-03-23 18:03:00,417.47
2016-03-23 22:03:00,418.15
2016-03-24 02:03:00,418.97
2016-03-24 06:03:00,417.19
2016-03-24 10:03:00,414.88
2016-03-24 14:03:00,417.38
2016-03-24 18:03:00,418.12
2016-03-24 22:03:00,418.62
2016-03-25 02:03:00,413.97
2016-03-25 06:03:00,421.01
2016-03-25 10:03:00,415.48
2016-03-25 14:03:00,415.85
2016-03-25 18:03:00,417.88
2016-03-25 22:03:00,419.30
2016-03-26 02:03:00,417.25
2016-03-26 06:03:00,417.72
2016-03-26 10:03:00,416.16
2016-03-26 14:03:00,416.29
2016-03-26 18:03:00,416.01
2016-03-26 22:03:00,418.16
2016-03-27 02:03:00,417.33
2016-03-27 07:03:00,418.57
2016-03-27 11:03:00,416.98
2016-03-27 15:03:00,418.19
2016-03-27 19:03:00,425.17
2016-03-27 23:03:00,425.97
2016-03-28 03:03:00,425.26
2016-03-28 07:03:00,425.75
2016-03-28 11:03:00,424.08
2016-03-28 15:03:00,423.07
2016-03-28 19:03:00,422.81
2016-03-28 23:03:00,422.55
2016-03-29 03:03:00,423.80
2016-03-29 07:03:00,423.37
2016-03-29 11:03:00,421.19
2016-03-29 15:03:00,413.49
2016-03-29 19:03:00,413.89
2016-03-29 23:03:00,414.73
2016-03-30 03:03:00,414.54
2016-03-30 07:03:00,413.74
2016-03-30 11:03:00,412.92
2016-03-30 15:03:00,412.23
2016-03-30 19:03:00,413.87
2016-03-30 23:03:00,413.20
2016-03-31 03:03:00,415.15
2016-03-31 07:03:00,416.45
2016-03-31 11:03:00,414.75
2016-03-31 15:03:00,415.51
2016-03-31 19:03:00,417.28
2016-03-31 23:03:00,418.12
2016-04-01 03:04:00,415.08
2016-04-01 07:04:00,415.70
2016-04-01 11:04:00,415.19
2016-04-01 15:04:00,416.43
2016-04-01 19:04:00,416.14
2016-04-01 23:04:00,408.55
2016-04-02 03:04:00,419.25
2016-04-02 07:04:00,419.45
2016-04-02 11:04:00,419.25
2016-04-02 15:04:00,419.48
2016-04-02 19:04:00,420.16
2016-04-02 23:04:00,421.37
2016-04-03 03:04:00,423.74
2016-04-03 07:04:00,419.84
2016-04-03 11:04:00,419.26
2016-04-03 15:04:00,419.35
2016-04-03 19:04:00,421.27
2016-04-03 23:04:00,421.13
2016-04-04 03:04:00,421.75
2016-04-04 07:04:00,420.23
2016-04-04 11:04:00,418.12
2016-04-04 15:04:00,418.82
2016-04-04 19:04:00,420.73
2016-04-04 23:04:00,419.11
2016-04-05 03:04:00,421.20
2016-04-05 07:04:00,423.32
2016-04-05 11:04:00,421.42
2016-04-05 15:04:00,421.85
2016-04-05 19:04:00,422.82
2016-04-05 23:04:00,421.66
2016-04-06 03:04:00,423.92
2016-04-06 07:04:00,423.85
2016-04-06 11:04:00,421.65
2016-04-06 15:04:00,423.28
2016-04-06 19:04:00,424.26
2016-04-06 23:04:00,424.21
2016-04-07 03:04:00,421.85
2016-04-07 07:04:00,420.09
2016-04-07 11:04:00,421.36
2016-04-07 15:04:00,422.18
2016-04-07 19:04:00,423.52
2016-04-07 23:04:00,421.00
2016-04-08 03:04:00,422.66
2016-04-08 07:04:00,422.78
2016-04-08 11:04:00,422.37
2016-04-08 15:04:00,423.50
2016-04-08 19:04:00,423.70
2016-04-08 23:04:00,418.85
2016-04-09 03:04:00,415.17
2016-04-09 07:04:00,418.02
2016-04-09 11:04:00,417.69
2016-04-09 15:04:00,419.74
2016-04-09 19:04:00,419.25
2016-04-09 23:04:00,421.34
2016-04-10 03:04:00,420.26
2016-04-10 07:04:00,419.57
2016-04-10 11:04:00,419.71
2016-04-10 15:04:00,420.78
2016-04-10 19:04:00,422.62
2016-04-10 23:04:00,422.39
2016-04-11 03:04:00,423.67
2016-04-11 07:04:00,421.06
2016-04-11 11:04:00,420.56
2016-04-11 15:04:00,422.52
2016-04-11 19:04:00,423.29
2016-04-11 23:04:00,424.32
2016-04-12 03:04:00,424.87
2016-04-12 07:04:00,426.36
2016-04-12 11:04:00,424.98
2016-04-12 15:04:00,425.52
2016-04-12 19:04:00,426.96
2016-04-12 23:04:00,426.20
2016-04-13 03:04:00,426.23
2016-04-13 07:04:00,426.53
2016-04-13 11:04:00,424.51
2016-04-13 15:04:00,424.05
2016-04-13 19:04:00,424.65
2016-04-13 23:04:00,424.36
2016-04-14 03:04:00,425.72
2016-04-14 07:04:00,425.27
2016-04-14 11:04:00,423.71
2016-04-14 15:04:00,425.25
2016-04-14 19:04:00,424.67
2016-04-14 23:04:00,427.23
2016-04-15 03:04:00,427.52
2016-04-15 07:04:00,425.85
2016-04-15 11:04:00,427.22
2016-04-15 15:04:00,429.43
2016-04-15 19:04:00,429.79
2016-04-15 23:04:00,433.56
2016-04-16 03:04:00,429.95
2016-04-16 07:04:00,432.58
2016-04-16 11:04:00,432.21
2016-04-16 15:04:00,430.71
2016-04-16 19:04:00,429.97
2016-04-16 23:04:00,430.12
2016-04-17 03:04:00,431.32
2016-04-17 07:04:00,431.84
2016-04-17 11:04:00,429.54
2016-04-17 15:04:00,428.97
2016-04-17 19:04:00,427.45
2016-04-17 23:04:00,427.12
2016-04-18 03:04:00,429.71
2016-04-18 07:04:00,428.84
2016-04-18 11:04:00,427.46
2016-04-18 15:04:00,427.83
2016-04-18 19:04:00,428.87
2016-04-18 23:04:00,427.73
2016-04-19 03:04:00,431.53
2016-04-19 07:04:00,430.03
2016-04-19 11:04:00,429.10
2016-04-19 15:04:00,430.10
2016-04-19 19:04:00,431.01
2016-04-19 23:04:00,433.45
2016-04-20 03:04:00,436.97
2016-04-20 07:04:00,436.69
2016-04-20 11:04:00,436.17
2016-04-20 15:04:00,436.05
2016-04-20 19:04:00,440.98
2016-04-20 23:04:00,443.04
2016-04-21 03:04:00,444.97
2016-04-21 07:04:00,443.26
2016-04-21 11:04:00,442.04
2016-04-21 15:04:00,443.20
2016-04-21 19:04:00,446.96
2016-04-21 23:04:00,450.91
2016-04-22 03:04:00,448.91
2016-04-22 07:04:00,445.52
2016-04-22 11:04:00,446.19
2016-04-22 15:04:00,445.80
2016-04-22 19:04:00,447.67
2016-04-22 23:04:00,448.13
2016-04-23 03:04:00,448.26
2016-04-23 07:04:00,446.59
2016-04-23 11:04:00,446.90
2016-04-23 15:04:00,448.71
2016-04-23 19:04:00,448.46
2016-04-23 23:04:00,450.05
2016-04-24 03:04:00,455.98
2016-04-24 07:04:00,454.69
2016-04-24 11:04:00,455.26
2016-04-24 15:04:00,452.61
2016-04-24 19:04:00,456.42
2016-04-24 23:04:00,460.03
2016-04-25 03:04:00,459.52
2016-04-25 07:04:00,458.37
2016-04-25 11:04:00,457.15
2016-04-25 15:04:00,457.17
2016-04-25 19:04:00,461.09
2016-04-25 23:04:00,465.88
2016-04-26 03:04:00,464.10
2016-04-26 07:04:00,463.87
2016-04-26 11:04:00,463.72
2016-04-26 15:04:00,463.85
2016-04-26 19:04:00,467.80
2016-04-26 23:04:00,467.82
2016-04-27 03:04:00,468.27
2016-04-27 07:04:00,467.16
2016-04-27 11:04:00,464.78
2016-04-27 15:04:00,456.67
2016-04-27 19:04:00,455.74
2016-04-27 23:04:00,450.48
2016-04-28 03:04:00,440.38
2016-04-28 07:04:00,441.71
2016-04-28 11:04:00,443.81
2016-04-28 15:04:00,446.28
2016-04-28 19:04:00,447.53
2016-04-28 23:04:00,448.11
2016-04-29 03:04:00,449.93
2016-04-29 07:04:00,448.51
2016-04-29 11:04:00,448.63
2016-04-29 15:04:00,450.80
2016-04-29 19:04:00,453.07
2016-04-29 23:04:00,455.09
2016-04-30 03:04:00,457.61
2016-04-30 07:04:00,454.75
2016-04-30 11:04:00,454.40
2016-04-30 15:04:00,453.14
2016-04-30 19:04:00,450.98
2016-04-30 23:04:00,451.62
2016-05-01 03:05:00,451.74
2016-05-01 07:05:00,450.93
2016-05-01 11:05:00,451.73
2016-05-01 15:05:00,453.88
2016-05-01 19:05:00,452.40
2016-05-01 23:05:00,454.10
2016-05-02 03:05:00,453.80
2016-05-02 07:05:00,453.42
2016-05-02 11:05:00,443.53
2016-05-02 15:05:00,442.64
2016-05-02 19:05:00,444.33
2016-05-02 23:05:00,445.17
2016-05-03 03:05:00,443.48
2016-05-03 07:05:00,444.81
2016-05-03 11:05:00,447.67
2016-05-03 15:05:00,448.18
2016-05-03 19:05:00,449.08
2016-05-03 23:05:00,451.57
2016-05-04 03:05:00,451.81
2016-05-04 07:05:00,450.47
2016-05-04 11:05:00,447.75
2016-05-04 15:05:00,447.74
2016-05-04 19:05:00,446.86
2016-05-04 23:05:00,446.54
2016-05-05 03:05:00,448.66
2016-05-05 07:05:00,447.53
2016-05-05 11:05:00,446.60
2016-05-05 15:05:00,447.98
2016-05-05 19:05:00,448.30
2016-05-05 23:05:00,448.28
2016-05-06 03:05:00,448.86
2016-05-06 07:05:00,449.50
2016-05-06 11:05:00,450.91
2016-05-06 15:05:00,451.80
2016-05-06 19:05:00,454.82
2016-05-06 23:05:00,460.71
2016-05-07 03:05:00,459.89
2016-05-07 07:05:00,458.87
2016-05-07 11:05:00,459.57
2016-05-07 15:05:00,459.21
2016-05-07 19:05:00,460.87
2016-05-07 23:05:00,461.97
2016-05-08 03:05:00,463.11
2016-05-08 07:05:00,462.77
2016-05-08 11:05:00,457.87
2016-05-08 15:05:00,459.25
2016-05-08 19:05:00,459.76
2016-05-08 23:05:00,458.23
2016-05-09 03:05:00,464.63
2016-05-09 07:05:00,459.09
2016-05-09 11:05:00,456.92
2016-05-09 15:05:00,458.90
2016-05-09 19:05:00,462.73
2016-05-09 23:05:00,461.00
2016-05-10 03:05:00,462.17
2016-05-10 07:05:00,461.55
2016-05-10 11:05:00,453.12
2016-05-10 15:05:00,451.89
2016-05-10 19:05:00,452.40
2016-05-10 23:05:00,451.30
2016-05-11 03:05:00,452.47
2016-05-11 07:05:00,455.37
2016-05-11 11:05:00,454.88
2016-05-11 15:05:00,454.11
2016-05-11 19:05:00,453.40
2016-05-11 23:05:00,452.52
2016-05-12 03:05:00,454.09
2016-05-12 07:05:00,449.61
2016-05-12 11:05:00,450.95
2016-05-12 15:05:00,452.10
2016-05-12 19:05:00,453.25
2016-05-12 23:05:00,455.09
2016-05-13 03:05:00,455.40
2016-05-13 07:05:00,455.39
2016-05-13 11:05:00,455.04
2016-05-13 15:05:00,455.16
2016-05-13 19:05:00,456.53
2016-05-13 23:05:00,458.25
2016-05-14 03:05:00,459.23
2016-05-14 07:05:00,456.14
2016-05-14 11:05:00,455.70
2016-05-14 15:05:00,458.91
2016-05-14 19:05:00,457.71
2016-05-14 23:05:00,458.69
2016-05-15 03:05:00,459.29
2016-05-15 07:05:00,460.25
2016-05-15 11:05:00,456.88
2016-05-15 15:05:00,457.57
2016-05-15 19:05:00,460.77
2016-05-15 23:05:00,461.89
2016-05-16 03:05:00,460.86
2016-05-16 07:05:00,458.25
2016-05-16 11:05:00,457.98
2016-05-16 15:05:00,459.65
2016-05-16 19:05:00,457.95
2016-05-16 23:05:00,453.34
2016-05-17 03:05:00,454.33
2016-05-17 07:05:00,456.52
2016-05-17 11:05:00,454.14
2016-05-17 15:05:00,453.80
2016-05-17 19:05:00,454.79
2016-05-17 23:05:00,454.78
2016-05-18 03:05:00,458.33
2016-05-18 07:05:00,456.86
2016-05-18 11:05:00,454.62
2016-05-18 15:05:00,456.53
2016-05-18 19:05:00,455.94
2016-05-18 23:05:00,456.50
2016-05-19 03:05:00,456.87
2016-05-19 07:05:00,455.78
2016-05-19 11:05:00,449.92
2016-05-19 15:05:00,448.26
2016-05-19 19:05:00,448.45
2016-05-19 23:05:00,443.45
2016-05-20 03:05:00,440.00
2016-05-20 07:05:00,441.96
2016-05-20 11:05:00,442.90
2016-05-20 15:05:00,445.46
2016-05-20 19:05:00,443.52
2016-05-20 23:05:00,441.44
2016-05-21 03:05:00,443.87
2016-05-21 07:05:00,440.58
2016-05-21 11:05:00,442.85
2016-05-21 15:05:00,447.16
2016-05-21 19:05:00,444.98
2016-05-21 23:05:00,447.45
2016-05-22 03:05:00,444.15
2016-05-22 07:05:00,445.18
2016-05-22 11:05:00,443.10
2016-05-22 15:05:00,441.96
2016-05-22 19:05:00,440.22
2016-05-22 23:05:00,440.22
2016-05-23 03:05:00,440.94
2016-05-23 07:05:00,441.01
2016-05-23 11:05:00,442.89
2016-05-23 15:05:00,443.45
2016-05-23 19:05:00,443.10
2016-05-23 23:05:00,443.39
2016-05-24 03:05:00,449.21
2016-05-24 07:05:00,445.59
2016-05-24 11:05:00,445.96
2016-05-24 15:05:00,446.28
2016-05-24 19:05:00,448.08
2016-05-24 23:05:00,445.80
2016-05-25 03:05:00,449.04
2016-05-25 07:05:00,448.59
2016-05-25 11:05:00,449.35
2016-05-25 15:05:00,449.79
2016-05-25 19:05:00,450.78
2016-05-25 23:05:00,449.34
2016-05-26 03:05:00,448.81
2016-05-26 07:05:00,450.49
2016-05-26 11:05:00,451.26
2016-05-26 15:05:00,454.30
2016-05-26 19:05:00,454.57
2016-05-26 23:05:00,459.72
2016-05-27 03:05:00,464.07
2016-05-27 07:05:00,472.98
2016-05-27 11:05:00,473.74
2016-05-27 15:05:00,475.66
2016-05-27 19:05:00,473.74
2016-05-27 23:05:00,471.30
2016-05-28 03:05:00,481.94
2016-05-28 07:05:00,497.87
2016-05-28 11:05:00,496.17
2016-05-28 15:05:00,495.51
2016-05-28 19:05:00,496.90
2016-05-28 23:05:00,519.32
2016-05-29 03:05:00,525.59
2016-05-29 07:05:00,516.23
2016-05-29 11:05:00,517.83
2016-05-29 15:05:00,526.33
2016-05-29 19:05:00,540.37
2016-05-29 23:05:00,531.54
2016-05-30 03:05:00,526.15
2016-05-30 07:05:00,532.80
2016-05-30 11:05:00,537.32
2016-05-30 15:05:00,537.43
2016-05-30 19:05:00,537.27
2016-05-30 23:05:00,534.79
2016-05-31 03:05:00,536.59
2016-05-31 07:05:00,539.28
2016-05-31 11:05:00,543.49
2016-05-31 15:05:00,539.78
2016-05-31 19:05:00,528.75
2016-05-31 23:05:00,522.36
2016-06-01 03:06:00,529.43
2016-06-01 07:06:00,529.61
2016-06-01 11:06:00,532.59
2016-06-01 15:06:00,539.57
2016-06-01 19:06:00,535.23
2016-06-01 23:06:00,537.71
2016-06-02 03:06:00,538.45
2016-06-02 07:06:00,538.59
2016-06-02 11:06:00,536.42
2016-06-02 15:06:00,533.96
2016-06-02 19:06:00,536.20
2016-06-02 23:06:00,537.71
2016-06-03 03:06:00,540.62
2016-06-03 07:06:00,537.45
2016-06-03 11:06:00,548.89
2016-06-03 15:06:00,558.32
2016-06-03 19:06:00,569.55
2016-06-03 23:06:00,571.95
2016-06-04 03:06:00,572.41
2016-06-04 07:06:00,576.16
2016-06-04 11:06:00,582.86
2016-06-04 15:06:00,575.05
2016-06-04 19:06:00,568.75
2016-06-04 23:06:00,574.39
2016-06-05 03:06:00,581.54
2016-06-05 07:06:00,577.54
2016-06-05 11:06:00,577.58
2016-06-05 15:06:00,576.17
2016-06-05 19:06:00,576.29
2016-06-05 23:06:00,572.56
2016-06-06 03:06:00,580.15
2016-06-06 07:06:00,583.00
2016-06-06 11:06:00,582.79
2016-06-06 15:06:00,583.80
2016-06-06 19:06:00,584.38
2016-06-06 23:06:00,584.65
2016-06-07 03:06:00,590.25
2016-06-07 07:06:00,585.47
2016-06-07 11:06:00,586.80
2016-06-07 15:06:00,578.87
2016-06-07 19:06:00,571.90
2016-06-07 23:06:00,575.01
2016-06-08 03:06:00,577.01
2016-06-08 07:06:00,572.93
2016-06-08 11:06:00,577.23
2016-06-08 15:06:00,579.49
2016-06-08 19:06:00,578.58
2016-06-08 23:06:00,582.46
2016-06-09 03:06:00,577.84
2016-06-09 07:06:00,580.59
2016-06-09 11:06:00,577.91
2016-06-09 15:06:00,574.37
2016-06-09 19:06:00,574.96
2016-06-09 23:06:00,576.57
2016-06-10 03:06:00,576.65
2016-06-10 07:06:00,575.16
2016-06-10 11:06:00,577.88
2016-06-10 15:06:00,576.14
2016-06-10 19:06:00,577.97
2016-06-10 23:06:00,581.85
2016-06-11 03:06:00,585.95
2016-06-11 07:06:00,584.12
2016-06-11 11:06:00,585.13
2016-06-11 15:06:00,584.74
2016-06-11 19:06:00,589.06
2016-06-11 23:06:00,590.57
2016-06-12 03:06:00,616.28
2016-06-12 07:06:00,629.51
2016-06-12 11:06:00,635.75
2016-06-12 15:06:00,644.57
2016-06-12 19:06:00,645.53
2016-06-12 23:06:00,667.61
2016-06-13 03:06:00,671.60
2016-06-13 07:06:00,681.29
2016-06-13 11:06:00,686.16
2016-06-13 15:06:00,699.56
2016-06-13 19:06:00,688.78
2016-06-13 23:06:00,695.89
2016-06-14 03:06:00,692.53
2016-06-14 07:06:00,689.99
2016-06-14 11:06:00,689.65
2016-06-14 15:06:00,680.89
2016-06-14 19:06:00,671.81
2016-06-14 23:06:00,686.71
2016-06-15 03:06:00,682.59
2016-06-15 07:06:00,680.98
2016-06-15 11:06:00,673.80
2016-06-15 15:06:00,684.29
2016-06-15 19:06:00,692.83
2016-06-15 23:06:00,692.70
2016-06-16 03:06:00,722.12
2016-06-16 07:06:00,731.61
2016-06-16 11:06:00,737.49
2016-06-16 15:06:00,735.34
2016-06-16 19:06:00,751.55
2016-06-16 23:06:00,766.14
2016-06-17 03:06:00,771.29
2016-06-17 07:06:00,733.53
2016-06-17 11:06:00,734.49
2016-06-17 15:06:00,745.74
2016-06-17 19:06:00,746.92
2016-06-17 23:06:00,747.49
2016-06-18 03:06:00,733.99
2016-06-18 07:06:00,741.56
2016-06-18 11:06:00,751.30
2016-06-18 15:06:00,751.36
2016-06-18 19:06:00,769.88
2016-06-18 23:06:00,757.71
2016-06-19 03:06:00,753.95
2016-06-19 07:06:00,747.03
2016-06-19 11:06:00,755.00
2016-06-19 15:06:00,760.75
2016-06-19 19:06:00,761.48
2016-06-19 23:06:00,764.01
2016-06-20 03:06:00,760.01
2016-06-20 07:06:00,759.83
2016-06-20 11:06:00,756.57
2016-06-20 15:06:00,741.57
2016-06-20 19:06:00,739.46
2016-06-20 23:06:00,737.84
2016-06-21 03:06:00,700.22
2016-06-21 07:06:00,703.52
2016-06-21 11:06:00,701.27
2016-06-21 15:06:00,664.53
2016-06-21 19:06:00,660.35
2016-06-21 23:06:00,655.74
2016-06-22 03:06:00,674.55
2016-06-22 07:06:00,663.19
2016-06-22 11:06:00,672.18
2016-06-22 15:06:00,665.72
2016-06-22 19:06:00,632.65
2016-06-22 23:06:00,610.56
2016-06-23 03:06:00,574.45
2016-06-23 07:06:00,579.42
2016-06-23 11:06:00,590.23
2016-06-23 15:06:00,580.35
2016-06-23 19:06:00,603.43
2016-06-23 23:06:00,617.48
2016-06-24 03:06:00,643.43
2016-06-24 07:06:00,663.52
2016-06-24 11:06:00,656.78
2016-06-24 15:06:00,658.90
2016-06-24 19:06:00,649.88
2016-06-24 23:06:00,655.92
2016-06-25 03:06:00,682.69
2016-06-25 07:06:00,681.68
2016-06-25 11:06:00,678.36
2016-06-25 15:06:00,679.74
2016-06-25 19:06:00,656.57
2016-06-25 23:06:00,662.77
2016-06-26 03:06:00,662.10
2016-06-26 07:06:00,650.84
2016-06-26 11:06:00,650.62
2016-06-26 15:06:00,626.45
2016-06-26 19:06:00,624.27
2016-06-26 23:06:00,631.13
2016-06-27 03:06:00,634.26
2016-06-27 07:06:00,644.02
2016-06-27 11:06:00,642.38
2016-06-27 15:06:00,632.00
2016-06-27 19:06:00,637.09
2016-06-27 23:06:00,645.57
2016-06-28 03:06:00,657.70
2016-06-28 07:06:00,650.50
2016-06-28 11:06:00,647.31
2016-06-28 15:06:00,642.72
2016-06-28 19:06:00,646.95
2016-06-28 23:06:00,647.79
2016-06-29 03:06:00,631.81
2016-06-29 07:06:00,631.36
2016-06-29 11:06:00,633.77
2016-06-29 15:06:00,632.56
2016-06-29 19:06:00,638.72
2016-06-29 23:06:00,640.29
2016-06-30 03:06:00,641.39
2016-06-30 07:06:00,638.91
2016-06-30 11:06:00,648.82
2016-06-30 15:06:00,664.10
2016-06-30 19:06:00,670.06
2016-06-30 23:06:00,664.75
2016-07-01 03:07:00,676.32
2016-07-01 07:07:00,681.44
2016-07-01 11:07:00,675.08
2016-07-01 15:07:00,673.77
2016-07-01 19:07:00,675.38
2016-07-01 23:07:00,676.88
2016-07-02 03:07:00,678.51
2016-07-02 07:07:00,679.86
2016-07-02 11:07:00,686.94
2016-07-02 15:07:00,692.93
2016-07-02 19:07:00,693.56
2016-07-02 23:07:00,698.46
2016-07-03 03:07:00,694.39
2016-07-03 07:07:00,686.04
2016-07-03 11:07:00,672.25
2016-07-03 15:07:00,663.61
2016-07-03 19:07:00,654.62
2016-07-03 23:07:00,662.26
2016-07-04 03:07:00,657.60
2016-07-04 07:07:00,671.06
2016-07-04 11:07:00,668.10
2016-07-04 15:07:00,674.07
2016-07-04 19:07:00,669.38
2016-07-04 23:07:00,675.14
2016-07-05 03:07:00,680.42
2016-07-05 07:07:00,677.02
2016-07-05 11:07:00,670.12
2016-07-05 15:07:00,666.08
2016-07-05 19:07:00,670.30
2016-07-05 23:07:00,672.29
2016-07-06 03:07:00,675.17
2016-07-06 07:07:00,677.04
2016-07-06 11:07:00,669.70
2016-07-06 15:07:00,670.17
2016-07-06 19:07:00,674.70
2016-07-06 23:07:00,674.91
2016-07-07 03:07:00,677.43
2016-07-07 07:07:00,644.69
2016-07-07 11:07:00,641.56
2016-07-07 15:07:00,641.62
2016-07-07 19:07:00,621.53
2016-07-07 23:07:00,622.89
2016-07-08 03:07:00,645.93
2016-07-08 07:07:00,639.51
2016-07-08 11:07:00,641.10
2016-07-08 15:07:00,648.25
2016-07-08 19:07:00,652.23
2016-07-08 23:07:00,659.57
2016-07-09 03:07:00,659.04
2016-07-09 07:07:00,656.25
2016-07-09 11:07:00,648.97
2016-07-09 15:07:00,653.77
2016-07-09 19:07:00,637.50
2016-07-09 23:07:00,649.43
2016-07-10 03:07:00,651.49
2016-07-10 07:07:00,645.87
2016-07-10 11:07:00,646.33
2016-07-10 15:07:00,642.27
2016-07-10 19:07:00,648.77
2016-07-10 23:07:00,653.21
2016-07-11 03:07:00,656.20
2016-07-11 07:07:00,653.56
2016-07-11 11:07:00,645.23
2016-07-11 15:07:00,646.80
2016-07-11 19:07:00,650.38
2016-07-11 23:07:00,650.57
2016-07-12 03:07:00,651.52
2016-07-12 07:07:00,648.99
2016-07-12 11:07:00,651.95
2016-07-12 15:07:00,656.04
2016-07-12 19:07:00,668.90
2016-07-12 23:07:00,671.33
2016-07-13 03:07:00,665.00
2016-07-13 07:07:00,665.00
2016-07-13 11:07:00,667.84
2016-07-13 15:07:00,661.11
2016-07-13 19:07:00,662.94
2016-07-13 23:07:00,663.29
2016-07-14 03:07:00,656.64
2016-07-14 07:07:00,654.53
2016-07-14 11:07:00,655.47
2016-07-14 15:07:00,660.68
2016-07-14 19:07:00,662.99
2016-07-14 23:07:00,662.31
2016-07-15 03:07:00,661.71
2016-07-15 07:07:00,665.10
2016-07-15 11:07:00,664.66
2016-07-15 15:07:00,663.47
2016-07-15 19:07:00,663.94
2016-07-15 23:07:00,668.06
2016-07-16 03:07:00,672.33
2016-07-16 07:07:00,669.75
2016-07-16 11:07:00,664.52
2016-07-16 15:07:00,660.30
2016-07-16 19:07:00,664.28
2016-07-16 23:07:00,665.12
2016-07-17 03:07:00,666.30
2016-07-17 07:07:00,668.15
2016-07-17 11:07:00,666.90
2016-07-17 15:07:00,669.22
2016-07-17 19:07:00,680.78
2016-07-17 23:07:00,681.14
2016-07-18 03:07:00,685.21
2016-07-18 07:07:00,681.96
2016-07-18 11:07:00,677.43
2016-07-18 15:07:00,678.26
2016-07-18 19:07:00,674.16
2016-07-18 23:07:00,672.37
2016-07-19 03:07:00,679.02
2016-07-19 07:07:00,672.33
2016-07-19 11:07:00,669.97
2016-07-19 15:07:00,671.17
2016-07-19 19:07:00,667.82
2016-07-19 23:07:00,672.65
2016-07-20 03:07:00,672.79
2016-07-20 07:07:00,671.45
2016-07-20 11:07:00,670.02
2016-07-20 15:07:00,666.91
2016-07-20 19:07:00,665.33
2016-07-20 23:07:00,663.76
2016-07-21 03:07:00,662.25
2016-07-21 07:07:00,662.03
2016-07-21 11:07:00,662.46
2016-07-21 15:07:00,664.34
2016-07-21 19:07:00,667.16
2016-07-21 23:07:00,665.46
2016-07-22 03:07:00,666.67
2016-07-22 07:07:00,666.57
2016-07-22 11:07:00,663.17
2016-07-22 15:07:00,654.72
2016-07-22 19:07:00,655.84
2016-07-22 23:07:00,650.25
2016-07-23 03:07:00,652.63
2016-07-23 07:07:00,652.82
2016-07-23 11:07:00,652.07
2016-07-23 15:07:00,654.79
2016-07-23 19:07:00,656.20
2016-07-23 23:07:00,658.23
2016-07-24 03:07:00,654.11
2016-07-24 07:07:00,657.43
2016-07-24 11:07:00,655.00
2016-07-24 15:07:00,657.52
2016-07-24 19:07:00,663.62
2016-07-24 23:07:00,665.14
2016-07-25 03:07:00,662.88
2016-07-25 07:07:00,655.17
2016-07-25 11:07:00,655.23
2016-07-25 15:07:00,653.83
2016-07-25 19:07:00,656.98
2016-07-25 23:07:00,655.07
2016-07-26 03:07:00,657.14
2016-07-26 07:07:00,648.19
2016-07-26 11:07:00,648.33
2016-07-26 15:07:00,650.50
2016-07-26 19:07:00,656.60
2016-07-26 23:07:00,656.40
2016-07-27 03:07:00,653.59
2016-07-27 07:07:00,651.76
2016-07-27 11:07:00,652.43
2016-07-27 15:07:00,652.57
2016-07-27 19:07:00,657.62
2016-07-27 23:07:00,656.13
2016-07-28 03:07:00,656.87
2016-07-28 07:07:00,657.53
2016-07-28 11:07:00,654.35
2016-07-28 15:07:00,656.61
2016-07-28 19:07:00,655.28
2016-07-28 23:07:00,659.23
2016-07-29 03:07:00,658.16
2016-07-29 07:07:00,658.36
2016-07-29 11:07:00,655.57
2016-07-29 15:07:00,655.57
2016-07-29 19:07:00,655.15
2016-07-29 23:07:00,658.70
2016-07-30 03:07:00,661.61
2016-07-30 07:07:00,658.37
2016-07-30 11:07:00,656.86
2016-07-30 15:07:00,657.62
2016-07-30 19:07:00,656.55
2016-07-30 23:07:00,655.54
2016-07-31 03:07:00,640.92
2016-07-31 07:07:00,634.45
2016-07-31 11:07:00,634.47
2016-07-31 15:07:00,634.81
2016-07-31 19:07:00,633.16
2016-07-31 23:07:00,630.46
2016-08-01 03:08:00,620.82
2016-08-01 07:08:00,623.04
2016-08-01 11:08:00,623.76
2016-08-01 15:08:00,624.19
2016-08-01 19:08:00,616.34
2016-08-01 23:08:00,612.21
2016-08-02 03:08:00,609.75
2016-08-02 07:08:00,601.00
2016-08-02 11:08:00,603.10
2016-08-02 15:08:00,606.82
2016-08-02 19:08:00,592.11
2016-08-02 23:08:00,530.63
2016-08-03 03:08:00,535.84
2016-08-03 07:08:00,542.65
2016-08-03 11:08:00,540.13
2016-08-03 15:08:00,554.67
2016-08-03 19:08:00,560.58
2016-08-03 23:08:00,569.99
2016-08-04 03:08:00,574.47
2016-08-04 07:08:00,576.49
2016-08-04 11:08:00,572.44
2016-08-04 15:08:00,577.25
2016-08-04 19:08:00,569.92
2016-08-04 23:08:00,573.36
2016-08-05 03:08:00,574.72
2016-08-05 07:08:00,572.50
2016-08-05 11:08:00,571.11
2016-08-05 15:08:00,572.07
2016-08-05 19:08:00,575.29
2016-08-05 23:08:00,574.71
2016-08-06 03:08:00,578.66
2016-08-06 07:08:00,571.02
2016-08-06 11:08:00,572.71
2016-08-06 15:08:00,569.77
2016-08-06 19:08:00,582.23
2016-08-06 23:08:00,585.14
2016-08-07 03:08:00,591.32
2016-08-07 07:08:00,590.20
2016-08-07 11:08:00,587.51
2016-08-07 15:08:00,593.96
2016-08-07 19:08:00,590.59
2016-08-07 23:08:00,593.43
2016-08-08 03:08:00,594.37
2016-08-08 07:08:00,593.16
2016-08-08 11:08:00,589.60
2016-08-08 15:08:00,591.84
2016-08-08 19:08:00,591.03
2016-08-08 23:08:00,593.05
2016-08-09 03:08:00,590.71
2016-08-09 07:08:00,591.46
2016-08-09 11:08:00,586.08
2016-08-09 15:08:00,590.76
2016-08-09 19:08:00,589.88
2016-08-09 23:08:00,586.19
2016-08-10 03:08:00,587.37
2016-08-10 07:08:00,588.21
2016-08-10 11:08:00,588.08
2016-08-10 15:08:00,593.22
2016-08-10 19:08:00,599.55
2016-08-10 23:08:00,593.23
2016-08-11 03:08:00,593.44
2016-08-11 07:08:00,594.23
2016-08-11 11:08:00,593.48
2016-08-11 15:08:00,596.43
2016-08-11 19:08:00,591.69
2016-08-11 23:08:00,591.54
2016-08-12 03:08:00,587.61
2016-08-12 07:08:00,588.14
2016-08-12 11:08:00,590.16
2016-08-12 15:08:00,588.99
2016-08-12 19:08:00,589.31
2016-08-12 23:08:00,586.27
2016-08-13 03:08:00,587.60
2016-08-13 07:08:00,588.76
2016-08-13 11:08:00,590.02
2016-08-13 15:08:00,587.68
2016-08-13 19:08:00,587.18
2016-08-13 23:08:00,587.89
2016-08-14 03:08:00,583.83
2016-08-14 07:08:00,583.48
2016-08-14 11:08:00,583.06
2016-08-14 15:08:00,573.00
2016-08-14 19:08:00,567.75
2016-08-14 23:08:00,569.71
2016-08-15 03:08:00,570.84
2016-08-15 07:08:00,572.56
2016-08-15 11:08:00,573.69
2016-08-15 15:08:00,569.57
2016-08-15 19:08:00,565.36
2016-08-15 23:08:00,566.84
2016-08-16 03:08:00,570.78
2016-08-16 07:08:00,569.82
2016-08-16 11:08:00,568.26
2016-08-16 15:08:00,572.49
2016-08-16 19:08:00,579.74
2016-08-16 23:08:00,579.81
2016-08-17 03:08:00,583.14
2016-08-17 07:08:00,581.21
2016-08-17 11:08:00,579.47
2016-08-17 15:08:00,576.10
2016-08-17 19:08:00,571.07
2016-08-17 23:08:00,574.60
2016-08-18 03:08:00,572.99
2016-08-18 07:08:00,574.83
2016-08-18 11:08:00,575.45
2016-08-18 15:08:00,576.48
2016-08-18 19:08:00,578.28
2016-08-18 23:08:00,576.75
2016-08-19 03:08:00,574.67
2016-08-19 07:08:00,577.59
2016-08-19 11:08:00,574.56
2016-08-19 15:08:00,576.22
2016-08-19 19:08:00,574.75
2016-08-19 23:08:00,577.58
2016-08-20 03:08:00,577.69
2016-08-20 07:08:00,577.31
2016-08-20 11:08:00,578.27
2016-08-20 15:08:00,581.81
2016-08-20 19:08:00,582.81
2016-08-20 23:08:00,585.42
2016-08-21 03:08:00,589.09
2016-08-21 07:08:00,587.71
2016-08-21 11:08:00,583.07
2016-08-21 15:08:00,583.10
2016-08-21 19:08:00,585.46
2016-08-21 23:08:00,586.81
2016-08-22 03:08:00,584.59
2016-08-22 07:08:00,583.73
2016-08-22 11:08:00,580.82
2016-08-22 15:08:00,585.05
2016-08-22 19:08:00,589.27
2016-08-22 23:08:00,587.10
2016-08-23 03:08:00,589.99
2016-08-23 07:08:00,591.81
2016-08-23 11:08:00,584.51
2016-08-23 15:08:00,584.62
2016-08-23 19:08:00,581.87
2016-08-23 23:08:00,586.50
2016-08-24 03:08:00,587.36
2016-08-24 07:08:00,581.97
2016-08-24 11:08:00,582.89
2016-08-24 15:08:00,581.21
2016-08-24 19:08:00,582.05
2016-08-24 23:08:00,580.48
2016-08-25 03:08:00,579.77
2016-08-25 07:08:00,575.09
2016-08-25 11:08:00,578.81
2016-08-25 15:08:00,575.46
2016-08-25 19:08:00,575.92
2016-08-25 23:08:00,578.34
2016-08-26 03:08:00,593.34
2016-08-26 07:08:00,581.28
2016-08-26 11:08:00,579.97
2016-08-26 15:08:00,580.60
2016-08-26 19:08:00,581.82
2016-08-26 23:08:00,582.92
2016-08-27 03:08:00,580.75
2016-08-27 07:08:00,579.80
2016-08-27 11:08:00,578.43
2016-08-27 15:08:00,574.50
2016-08-27 19:08:00,570.23
2016-08-27 23:08:00,576.17
2016-08-28 03:08:00,574.77
2016-08-28 07:08:00,574.11
2016-08-28 11:08:00,574.10
2016-08-28 15:08:00,574.10
2016-08-28 19:08:00,577.19
2016-08-28 23:08:00,576.85
2016-08-29 03:08:00,576.03
2016-08-29 07:08:00,577.13
2016-08-29 11:08:00,575.62
2016-08-29 15:08:00,576.15
2016-08-29 19:08:00,574.53
2016-08-29 23:08:00,578.86
2016-08-30 03:08:00,579.30
2016-08-30 07:08:00,577.64
2016-08-30 11:08:00,579.61
2016-08-30 15:08:00,577.52
2016-08-30 19:08:00,578.76
2016-08-30 23:08:00,578.67
2016-08-31 03:08:00,577.61
2016-08-31 07:08:00,576.69
2016-08-31 11:08:00,574.90
2016-08-31 15:08:00,574.54
2016-08-31 19:08:00,574.22
2016-08-31 23:08:00,574.42
2016-09-01 03:09:00,576.21
2016-09-01 07:09:00,577.04
2016-09-01 11:09:00,573.61
2016-09-01 15:09:00,572.75
2016-09-01 19:09:00,575.31
2016-09-01 23:09:00,572.32
2016-09-02 03:09:00,572.91
2016-09-02 07:09:00,574.92
2016-09-02 11:09:00,572.92
2016-09-02 15:09:00,576.70
2016-09-02 19:09:00,575.48
2016-09-02 23:09:00,576.01
2016-09-03 03:09:00,581.93
2016-09-03 07:09:00,577.99
2016-09-03 11:09:00,577.02
2016-09-03 15:09:00,578.61
2016-09-03 19:09:00,586.30
2016-09-03 23:09:00,601.14
2016-09-04 03:09:00,600.75
2016-09-04 07:09:00,601.12
2016-09-04 11:09:00,603.91
2016-09-04 15:09:00,609.42
2016-09-04 19:09:00,614.06
2016-09-04 23:09:00,610.67
2016-09-05 03:09:00,612.94
2016-09-05 07:09:00,611.95
2016-09-05 11:09:00,605.68
2016-09-05 15:09:00,605.38
2016-09-05 19:09:00,607.03
2016-09-05 23:09:00,610.13
2016-09-06 03:09:00,609.55
2016-09-06 07:09:00,608.13
2016-09-06 11:09:00,608.51
2016-09-06 15:09:00,610.64
2016-09-06 19:09:00,611.77
2016-09-06 23:09:00,615.67
2016-09-07 03:09:00,612.09
2016-09-07 07:09:00,609.73
2016-09-07 11:09:00,609.85
2016-09-07 15:09:00,613.29
2016-09-07 19:09:00,617.40
2016-09-07 23:09:00,614.90
2016-09-08 03:09:00,615.63
2016-09-08 07:09:00,617.57
2016-09-08 11:09:00,625.33
2016-09-08 15:09:00,627.65
2016-09-08 19:09:00,627.19
2016-09-08 23:09:00,629.75
2016-09-09 03:09:00,633.59
2016-09-09 07:09:00,624.34
2016-09-09 11:09:00,623.63
2016-09-09 15:09:00,623.49
2016-09-09 19:09:00,623.67
2016-09-09 23:09:00,624.57
2016-09-10 03:09:00,628.24
2016-09-10 07:09:00,627.44
2016-09-10 11:09:00,627.82
2016-09-10 15:09:00,627.38
2016-09-10 19:09:00,630.46
2016-09-10 23:09:00,627.84
2016-09-11 03:09:00,631.06
2016-09-11 07:09:00,629.21
2016-09-11 11:09:00,626.67
2016-09-11 15:09:00,627.12
2016-09-11 19:09:00,625.04
2016-09-11 23:09:00,603.07
2016-09-12 03:09:00,608.95
2016-09-12 07:09:00,611.07
2016-09-12 11:09:00,608.97
2016-09-12 15:09:00,608.75
2016-09-12 19:09:00,610.73
2016-09-12 23:09:00,614.56
2016-09-13 03:09:00,608.10
2016-09-13 07:09:00,611.51
2016-09-13 11:09:00,609.94
2016-09-13 15:09:00,611.74
2016-09-13 19:09:00,613.23
2016-09-13 23:09:00,617.72
2016-09-14 03:09:00,614.33
2016-09-14 07:09:00,613.55
2016-09-14 11:09:00,611.98
2016-09-14 15:09:00,611.33
2016-09-14 19:09:00,613.03
2016-09-14 23:09:00,617.23
2016-09-15 03:09:00,612.64
2016-09-15 07:09:00,613.36
2016-09-15 11:09:00,612.58
2016-09-15 15:09:00,612.69
2016-09-15 19:09:00,611.41
2016-09-15 23:09:00,612.48
2016-09-16 03:09:00,610.47
2016-09-16 07:09:00,612.14
2016-09-16 11:09:00,609.47
2016-09-16 15:09:00,610.31
2016-09-16 19:09:00,609.80
2016-09-16 23:09:00,618.02
2016-09-17 03:09:00,615.17
2016-09-17 07:09:00,615.46
2016-09-17 11:09:00,611.53
2016-09-17 15:09:00,609.33
2016-09-17 19:09:00,611.76
2016-09-17 23:09:00,611.74
2016-09-18 03:09:00,612.19
2016-09-18 07:09:00,610.41
2016-09-18 11:09:00,609.73
2016-09-18 15:09:00,611.38
2016-09-18 19:09:00,614.53
2016-09-18 23:09:00,617.40
2016-09-19 03:09:00,617.39
2016-09-19 07:09:00,611.98
2016-09-19 11:09:00,611.95
2016-09-19 15:09:00,611.75
2016-09-19 19:09:00,609.44
2016-09-19 23:09:00,609.37
2016-09-20 03:09:00,610.13
2016-09-20 07:09:00,610.83
2016-09-20 11:09:00,609.90
2016-09-20 15:09:00,610.53
2016-09-20 19:09:00,612.49
2016-09-20 23:09:00,610.58
2016-09-21 03:09:00,598.16
2016-09-21 07:09:00,600.01
2016-09-21 11:09:00,601.03
2016-09-21 15:09:00,600.64
2016-09-21 19:09:00,597.05
2016-09-21 23:09:00,596.22
2016-09-22 03:09:00,602.83
2016-09-22 07:09:00,598.02
2016-09-22 11:09:00,599.48
2016-09-22 15:09:00,598.70
2016-09-22 19:09:00,598.90
2016-09-22 23:09:00,598.31
2016-09-23 03:09:00,597.49
2016-09-23 07:09:00,599.51
2016-09-23 11:09:00,598.73
2016-09-23 15:09:00,601.54
2016-09-23 19:09:00,601.90
2016-09-23 23:09:00,601.11
2016-09-24 03:09:00,614.12
2016-09-24 07:09:00,607.87
2016-09-24 11:09:00,607.13
2016-09-24 15:09:00,607.95
2016-09-24 19:09:00,608.91
2016-09-24 23:09:00,605.30
2016-09-25 03:09:00,610.46
2016-09-25 07:09:00,609.38
2016-09-25 11:09:00,608.67
2016-09-25 15:09:00,602.26
2016-09-25 19:09:00,604.27
2016-09-25 23:09:00,603.20
2016-09-26 03:09:00,602.63
2016-09-26 07:09:00,601.95
2016-09-26 11:09:00,606.41
2016-09-26 15:09:00,607.64
2016-09-26 19:09:00,610.72
2016-09-26 23:09:00,608.62
2016-09-27 03:09:00,613.79
2016-09-27 07:09:00,610.14
2016-09-27 11:09:00,607.15
2016-09-27 15:09:00,607.01
2016-09-27 19:09:00,609.69
2016-09-27 23:09:00,604.76
2016-09-28 03:09:00,610.65
2016-09-28 07:09:00,606.45
2016-09-28 11:09:00,606.77
2016-09-28 15:09:00,605.29
2016-09-28 19:09:00,607.25
2016-09-28 23:09:00,605.12
2016-09-29 03:09:00,609.02
2016-09-29 07:09:00,608.80
2016-09-29 11:09:00,605.56
2016-09-29 15:09:00,605.58
2016-09-29 19:09:00,611.63
2016-09-29 23:09:00,610.09
2016-09-30 03:09:00,606.50
2016-09-30 07:09:00,605.24
2016-09-30 11:09:00,606.14
2016-09-30 15:09:00,606.63
2016-09-30 19:09:00,609.77
2016-09-30 23:09:00,605.15
2016-10-01 03:10:00,614.45
2016-10-01 07:10:00,614.83
2016-10-01 11:10:00,611.10
2016-10-01 15:10:00,613.86
2016-10-01 19:10:00,618.82
2016-10-01 23:10:00,615.12
2016-10-02 03:10:00,620.38
2016-10-02 07:10:00,603.91
2016-10-02 11:10:00,612.92
2016-10-02 15:10:00,611.37
2016-10-02 19:10:00,612.42
2016-10-02 23:10:00,616.81
2016-10-03 03:10:00,613.15
2016-10-03 07:10:00,615.64
2016-10-03 11:10:00,612.64
2016-10-03 15:10:00,612.83
2016-10-03 19:10:00,611.67
2016-10-03 23:10:00,615.28
2016-10-04 03:10:00,614.55
2016-10-04 07:10:00,614.29
2016-10-04 11:10:00,610.13
2016-10-04 15:10:00,612.55
2016-10-04 19:10:00,611.59
2016-10-04 23:10:00,610.70
2016-10-05 03:10:00,612.76
2016-10-05 07:10:00,614.72
2016-10-05 11:10:00,612.52
2016-10-05 15:10:00,613.83
2016-10-05 19:10:00,614.87
2016-10-05 23:10:00,611.91
2016-10-06 03:10:00,619.74
2016-10-06 07:10:00,616.28
2016-10-06 11:10:00,612.76
2016-10-06 15:10:00,613.24
2016-10-06 19:10:00,611.74
2016-10-06 23:10:00,613.73
2016-10-07 03:10:00,611.69
2016-10-07 07:10:00,613.99
2016-10-07 11:10:00,615.52
2016-10-07 15:10:00,617.52
2016-10-07 19:10:00,617.57
2016-10-07 23:10:00,618.16
2016-10-08 03:10:00,623.22
2016-10-08 07:10:00,621.61
2016-10-08 11:10:00,618.80
2016-10-08 15:10:00,618.90
2016-10-08 19:10:00,623.59
2016-10-08 23:10:00,622.29
2016-10-09 03:10:00,621.75
2016-10-09 07:10:00,623.04
2016-10-09 11:10:00,617.53
2016-10-09 15:10:00,617.57
2016-10-09 19:10:00,621.10
2016-10-09 23:10:00,616.44
2016-10-10 03:10:00,617.05
2016-10-10 07:10:00,619.52
2016-10-10 11:10:00,616.66
2016-10-10 15:10:00,616.93
2016-10-10 19:10:00,618.91
2016-10-10 23:10:00,619.30
2016-10-11 03:10:00,620.54
2016-10-11 07:10:00,630.56
2016-10-11 11:10:00,634.20
2016-10-11 15:10:00,635.93
2016-10-11 19:10:00,637.61
2016-10-11 23:10:00,641.57
2016-10-12 03:10:00,646.58
2016-10-12 07:10:00,639.17
2016-10-12 11:10:00,639.43
2016-10-12 15:10:00,638.76
2016-10-12 19:10:00,639.96
2016-10-12 23:10:00,636.61
2016-10-13 03:10:00,641.29
2016-10-13 07:10:00,640.56
2016-10-13 11:10:00,638.23
2016-10-13 15:10:00,638.18
2016-10-13 19:10:00,638.73
2016-10-13 23:10:00,638.48
2016-10-14 03:10:00,640.46
2016-10-14 07:10:00,637.83
2016-10-14 11:10:00,639.31
2016-10-14 15:10:00,640.44
2016-10-14 19:10:00,640.20
2016-10-14 23:10:00,642.82
2016-10-15 03:10:00,644.58
2016-10-15 07:10:00,640.70
2016-10-15 11:10:00,642.81
2016-10-15 15:10:00,645.74
2016-10-15 19:10:00,645.58
2016-10-15 23:10:00,641.88
2016-10-16 03:10:00,651.14
2016-10-16 07:10:00,647.68
2016-10-16 11:10:00,641.30
2016-10-16 15:10:00,646.03
2016-10-16 19:10:00,642.10
2016-10-16 23:10:00,644.85
2016-10-17 03:10:00,643.17
2016-10-17 07:10:00,640.01
2016-10-17 11:10:00,640.53
2016-10-17 15:10:00,640.50
2016-10-17 19:10:00,640.32
2016-10-17 23:10:00,640.25
2016-10-18 03:10:00,640.02
2016-10-18 07:10:00,644.37
2016-10-18 11:10:00,639.28
2016-10-18 15:10:00,639.89
2016-10-18 19:10:00,640.95
2016-10-18 23:10:00,635.82
2016-10-19 03:10:00,637.38
2016-10-19 07:10:00,637.80
2016-10-19 11:10:00,638.39
2016-10-19 15:10:00,630.38
2016-10-19 19:10:00,631.21
2016-10-19 23:10:00,630.37
2016-10-20 03:10:00,637.04
2016-10-20 07:10:00,631.08
2016-10-20 11:10:00,632.37
2016-10-20 15:10:00,631.44
2016-10-20 19:10:00,630.34
2016-10-20 23:10:00,629.19
2016-10-21 03:10:00,633.10
2016-10-21 07:10:00,635.23
2016-10-21 11:10:00,633.19
2016-10-21 15:10:00,633.06
2016-10-21 19:10:00,636.46
2016-10-21 23:10:00,632.96
2016-10-22 03:10:00,636.97
2016-10-22 07:10:00,637.15
2016-10-22 11:10:00,638.34
2016-10-22 15:10:00,650.28
2016-10-22 19:10:00,656.97
2016-10-22 23:10:00,658.29
2016-10-23 03:10:00,662.56
2016-10-23 07:10:00,657.98
2016-10-23 11:10:00,656.52
2016-10-23 15:10:00,654.49
2016-10-23 19:10:00,655.66
2016-10-23 23:10:00,655.91
2016-10-24 03:10:00,656.82
2016-10-24 07:10:00,653.55
2016-10-24 11:10:00,652.84
2016-10-24 15:10:00,651.70
2016-10-24 19:10:00,654.72
2016-10-24 23:10:00,653.39
2016-10-25 03:10:00,657.33
2016-10-25 07:10:00,658.54
2016-10-25 11:10:00,655.37
2016-10-25 15:10:00,656.41
2016-10-25 19:10:00,657.50
2016-10-25 23:10:00,659.29
2016-10-26 03:10:00,663.26
2016-10-26 07:10:00,661.91
2016-10-26 11:10:00,662.71
2016-10-26 15:10:00,667.38
2016-10-26 19:10:00,676.98
2016-10-26 23:10:00,674.88
2016-10-27 03:10:00,683.40
2016-10-27 07:10:00,687.28
2016-10-27 11:10:00,686.09
2016-10-27 15:10:00,682.73
2016-10-27 19:10:00,682.12
2016-10-27 23:10:00,684.66
2016-10-28 03:10:00,688.92
2016-10-28 07:10:00,686.82
2016-10-28 11:10:00,686.46
2016-10-28 15:10:00,686.85
2016-10-28 19:10:00,690.12
2016-10-28 23:10:00,690.03
2016-10-29 03:10:00,699.94
2016-10-29 07:10:00,704.37
2016-10-29 11:10:00,703.97
2016-10-29 15:10:00,712.10
2016-10-29 19:10:00,714.66
2016-10-29 23:10:00,720.34
2016-10-30 03:10:00,704.44
2016-10-30 06:10:00,709.65
2016-10-30 10:10:00,711.93
2016-10-30 14:10:00,706.55
2016-10-30 18:10:00,711.42
2016-10-30 22:10:00,704.13
2016-10-31 02:10:00,695.00
2016-10-31 06:10:00,701.39
2016-10-31 10:10:00,700.78
2016-10-31 14:10:00,702.38
2016-10-31 18:10:00,706.78
2016-10-31 22:10:00,705.59
2016-11-01 02:11:00,711.11
2016-11-01 06:11:00,716.62
2016-11-01 10:11:00,724.79
2016-11-01 14:11:00,734.09
2016-11-01 18:11:00,730.55
2016-11-01 22:11:00,731.22
2016-11-02 02:11:00,727.65
2016-11-02 06:11:00,733.23
2016-11-02 10:11:00,724.99
2016-11-02 14:11:00,725.37
2016-11-02 18:11:00,727.88
2016-11-02 22:11:00,731.26
2016-11-03 02:11:00,744.57
2016-11-03 06:11:00,743.55
2016-11-03 10:11:00,736.09
2016-11-03 14:11:00,733.90
2016-11-03 18:11:00,704.41
2016-11-03 22:11:00,695.09
2016-11-04 02:11:00,699.38
2016-11-04 06:11:00,699.86
2016-11-04 10:11:00,705.30
2016-11-04 14:11:00,701.63
2016-11-04 18:11:00,694.17
2016-11-04 22:11:00,698.79
2016-11-05 02:11:00,703.80
2016-11-05 06:11:00,705.05
2016-11-05 10:11:00,706.75
2016-11-05 14:11:00,704.81
2016-11-05 18:11:00,709.49
2016-11-05 22:11:00,706.13
2016-11-06 02:11:00,709.93
2016-11-06 06:11:00,716.55
2016-11-06 10:11:00,713.72
2016-11-06 14:11:00,709.14
2016-11-06 18:11:00,707.03
2016-11-06 22:11:00,711.06
2016-11-07 02:11:00,713.06
2016-11-07 06:11:00,709.06
2016-11-07 10:11:00,706.23
2016-11-07 14:11:00,704.83
2016-11-07 18:11:00,708.41
2016-11-07 22:11:00,709.59
2016-11-08 02:11:00,709.44
2016-11-08 06:11:00,709.78
2016-11-08 10:11:00,705.40
2016-11-08 14:11:00,710.99
2016-11-08 18:11:00,711.39
2016-11-08 22:11:00,714.70
2016-11-09 02:11:00,718.24
2016-11-09 06:11:00,733.27
2016-11-09 10:11:00,736.65
2016-11-09 14:11:00,728.42
2016-11-09 18:11:00,726.21
2016-11-09 22:11:00,725.87
2016-11-10 02:11:00,723.44
2016-11-10 06:11:00,719.10
2016-11-10 10:11:00,718.51
2016-11-10 14:11:00,718.81
2016-11-10 18:11:00,717.33
2016-11-10 22:11:00,712.97
2016-11-11 02:11:00,717.39
2016-11-11 06:11:00,719.58
2016-11-11 10:11:00,717.47
2016-11-11 14:11:00,719.79
2016-11-11 18:11:00,718.69
2016-11-11 22:11:00,715.76
2016-11-12 02:11:00,722.45
2016-11-12 06:11:00,721.70
2016-11-12 10:11:00,711.63
2016-11-12 14:11:00,708.89
2016-11-12 18:11:00,708.05
2016-11-12 22:11:00,711.06
2016-11-13 02:11:00,701.71
2016-11-13 06:11:00,697.31
2016-11-13 10:11:00,696.93
2016-11-13 14:11:00,691.02
2016-11-13 18:11:00,700.76
2016-11-13 22:11:00,707.46
2016-11-14 02:11:00,704.02
2016-11-14 06:11:00,707.37
2016-11-14 10:11:00,704.98
2016-11-14 14:11:00,703.03
2016-11-14 18:11:00,703.10
2016-11-14 22:11:00,707.97
2016-11-15 02:11:00,709.73
2016-11-15 06:11:00,715.85
2016-11-15 10:11:00,714.26
2016-11-15 14:11:00,711.57
2016-11-15 18:11:00,715.77
2016-11-15 22:11:00,715.61
2016-11-16 02:11:00,714.70
2016-11-16 06:11:00,713.55
2016-11-16 10:11:00,716.37
2016-11-16 14:11:00,732.10
2016-11-16 18:11:00,734.65
2016-11-16 22:11:00,743.89
2016-11-17 02:11:00,746.57
2016-11-17 06:11:00,753.00
2016-11-17 10:11:00,748.85
2016-11-17 14:11:00,744.39
2016-11-17 18:11:00,749.48
2016-11-17 22:11:00,739.96
2016-11-18 02:11:00,741.22
2016-11-18 06:11:00,743.62
2016-11-18 10:11:00,748.25
2016-11-18 14:11:00,750.58
2016-11-18 18:11:00,747.33
2016-11-18 22:11:00,747.96
2016-11-19 02:11:00,749.14
2016-11-19 06:11:00,755.00
2016-11-19 10:11:00,751.38
2016-11-19 14:11:00,751.99
2016-11-19 18:11:00,750.59
2016-11-19 22:11:00,756.88
2016-11-20 02:11:00,755.45
2016-11-20 06:11:00,756.23
2016-11-20 10:11:00,750.93
2016-11-20 14:11:00,741.19
2016-11-20 18:11:00,725.31
2016-11-20 22:11:00,728.44
2016-11-21 02:11:00,735.25
2016-11-21 06:11:00,735.27
2016-11-21 10:11:00,736.01
2016-11-21 14:11:00,737.63
2016-11-21 18:11:00,738.11
2016-11-21 22:11:00,739.50
2016-11-22 02:11:00,739.33
2016-11-22 06:11:00,742.05
2016-11-22 10:11:00,742.41
2016-11-22 14:11:00,745.42
2016-11-22 18:11:00,753.99
2016-11-22 22:11:00,751.53
2016-11-23 02:11:00,756.06
2016-11-23 06:11:00,749.43
2016-11-23 10:11:00,745.06
2016-11-23 14:11:00,746.19
2016-11-23 18:11:00,741.69
2016-11-23 22:11:00,744.73
2016-11-24 02:11:00,749.95
2016-11-24 06:11:00,749.20
2016-11-24 10:11:00,742.04
2016-11-24 14:11:00,739.07
2016-11-24 18:11:00,732.90
2016-11-24 22:11:00,736.31
2016-11-25 02:11:00,737.08
2016-11-25 06:11:00,737.53
2016-11-25 10:11:00,739.22
2016-11-25 14:11:00,738.75
2016-11-25 18:11:00,738.42
2016-11-25 22:11:00,738.78
2016-11-26 02:11:00,743.19
2016-11-26 06:11:00,744.15
2016-11-26 10:11:00,737.99
2016-11-26 14:11:00,732.84
2016-11-26 18:11:00,736.59
2016-11-26 22:11:00,747.12
2016-11-27 02:11:00,734.10
2016-11-27 06:11:00,736.18
2016-11-27 10:11:00,735.75
2016-11-27 14:11:00,737.17
2016-11-27 18:11:00,740.85
2016-11-27 22:11:00,735.98
2016-11-28 02:11:00,738.82
2016-11-28 06:11:00,739.17
2016-11-28 10:11:00,734.52
2016-11-28 14:11:00,736.86
2016-11-28 18:11:00,737.23
2016-11-28 22:11:00,735.11
2016-11-29 02:11:00,740.85
2016-11-29 06:11:00,736.00
2016-11-29 10:11:00,737.85
2016-11-29 14:11:00,736.06
2016-11-29 18:11:00,736.32
2016-11-29 22:11:00,737.76
2016-11-30 02:11:00,735.86
2016-11-30 06:11:00,739.03
2016-11-30 10:11:00,742.48
2016-11-30 14:11:00,745.66
2016-11-30 18:11:00,745.77
2016-11-30 22:11:00,746.61
2016-12-01 02:12:00,747.48
2016-12-01 06:12:00,749.73
2016-12-01 10:12:00,751.20
2016-12-01 14:12:00,751.84
2016-12-01 18:12:00,756.86
2016-12-01 22:12:00,758.47
2016-12-02 02:12:00,765.03
2016-12-02 06:12:00,772.37
2016-12-02 10:12:00,773.50
2016-12-02 14:12:00,776.64
2016-12-02 18:12:00,777.12
2016-12-02 22:12:00,777.26
2016-12-03 02:12:00,790.96
2016-12-03 06:12:00,803.53
2016-12-03 10:12:00,773.97
2016-12-03 14:12:00,773.14
2016-12-03 18:12:00,767.39
2016-12-03 22:12:00,780.31
2016-12-04 02:12:00,771.00
2016-12-04 06:12:00,776.85
2016-12-04 10:12:00,766.50
2016-12-04 14:12:00,765.74
2016-12-04 18:12:00,765.97
2016-12-04 22:12:00,771.80
2016-12-05 02:12:00,772.21
2016-12-05 06:12:00,757.84
2016-12-05 10:12:00,768.98
2016-12-05 14:12:00,761.75
2016-12-05 18:12:00,762.75
2016-12-05 22:12:00,762.08
2016-12-06 02:12:00,762.90
2016-12-06 06:12:00,766.35
2016-12-06 10:12:00,760.30
2016-12-06 14:12:00,763.98
2016-12-06 18:12:00,761.87
2016-12-06 22:12:00,759.55
2016-12-07 02:12:00,763.90
2016-12-07 06:12:00,758.97
2016-12-07 10:12:00,761.70
2016-12-07 14:12:00,766.65
2016-12-07 18:12:00,767.70
2016-12-07 22:12:00,770.52
2016-12-08 02:12:00,772.01
2016-12-08 06:12:00,770.43
2016-12-08 10:12:00,768.62
2016-12-08 14:12:00,772.23
2016-12-08 18:12:00,772.29
2016-12-08 22:12:00,771.37
2016-12-09 02:12:00,776.31
2016-12-09 06:12:00,770.50
2016-12-09 10:12:00,772.89
2016-12-09 14:12:00,774.38
2016-12-09 18:12:00,772.57
2016-12-09 22:12:00,773.15
2016-12-10 02:12:00,777.34
2016-12-10 06:12:00,779.59
2016-12-10 10:12:00,773.77
2016-12-10 14:12:00,775.86
2016-12-10 18:12:00,775.69
2016-12-10 22:12:00,784.06
2016-12-11 02:12:00,772.21
2016-12-11 06:12:00,771.09
2016-12-11 10:12:00,773.42
2016-12-11 14:12:00,773.03
2016-12-11 18:12:00,777.63
2016-12-11 22:12:00,778.17
2016-12-12 02:12:00,778.56
2016-12-12 06:12:00,777.65
2016-12-12 10:12:00,775.48
2016-12-12 14:12:00,781.77
2016-12-12 18:12:00,783.52
2016-12-12 22:12:00,783.46
2016-12-13 02:12:00,785.71
2016-12-13 06:12:00,777.56
2016-12-13 10:12:00,781.51
2016-12-13 14:12:00,780.26
2016-12-13 18:12:00,783.08
2016-12-13 22:12:00,783.65
2016-12-14 02:12:00,780.15
2016-12-14 06:12:00,782.87
2016-12-14 10:12:00,779.75
2016-12-14 14:12:00,779.07
2016-12-14 18:12:00,777.41
2016-12-14 22:12:00,779.83
2016-12-15 02:12:00,781.57
2016-12-15 06:12:00,780.48
2016-12-15 10:12:00,777.56
2016-12-15 14:12:00,778.29
2016-12-15 18:12:00,780.16
2016-12-15 22:12:00,778.43
2016-12-16 02:12:00,780.30
2016-12-16 06:12:00,783.98
2016-12-16 10:12:00,780.44
2016-12-16 14:12:00,782.44
2016-12-16 18:12:00,786.25
2016-12-16 22:12:00,785.42
2016-12-17 02:12:00,788.14
2016-12-17 06:12:00,792.80
2016-12-17 10:12:00,790.86
2016-12-17 14:12:00,790.49
2016-12-17 18:12:00,794.52
2016-12-17 22:12:00,794.67
2016-12-18 02:12:00,795.28
2016-12-18 06:12:00,796.15
2016-12-18 10:12:00,790.77
2016-12-18 14:12:00,789.14
2016-12-18 18:12:00,793.78
2016-12-18 22:12:00,795.27
2016-12-19 02:12:00,796.02
2016-12-19 06:12:00,797.15
2016-12-19 10:12:00,791.87
2016-12-19 14:12:00,790.91
2016-12-19 18:12:00,794.31
2016-12-19 22:12:00,796.15
2016-12-20 02:12:00,793.65
2016-12-20 06:12:00,792.62
2016-12-20 10:12:00,791.32
2016-12-20 14:12:00,792.70
2016-12-20 18:12:00,797.38
2016-12-20 22:12:00,796.41
2016-12-21 02:12:00,803.59
2016-12-21 06:12:00,806.40
2016-12-21 10:12:00,808.60
2016-12-21 14:12:00,815.91
2016-12-21 18:12:00,825.43
2016-12-21 22:12:00,827.20
2016-12-22 02:12:00,838.32
2016-12-22 06:12:00,849.95
2016-12-22 10:12:00,863.57
2016-12-22 14:12:00,861.69
2016-12-22 18:12:00,866.70
2016-12-22 22:12:00,862.68
2016-12-23 02:12:00,882.36
2016-12-23 06:12:00,904.02
2016-12-23 10:12:00,905.16
2016-12-23 14:12:00,905.38
2016-12-23 18:12:00,891.00
2016-12-23 22:12:00,904.90
2016-12-24 02:12:00,917.72
2016-12-24 06:12:00,915.80
2016-12-24 10:12:00,902.39
2016-12-24 14:12:00,888.41
2016-12-24 18:12:00,898.93
2016-12-24 22:12:00,898.60
2016-12-25 02:12:00,887.20
2016-12-25 06:12:00,871.37
2016-12-25 10:12:00,860.97
2016-12-25 14:12:00,864.31
2016-12-25 18:12:00,879.20
2016-12-25 22:12:00,892.25
2016-12-26 02:12:00,906.27
2016-12-26 06:12:00,903.53
2016-12-26 10:12:00,899.36
2016-12-26 14:12:00,896.53
2016-12-26 18:12:00,904.18
2016-12-26 22:12:00,899.87
2016-12-27 02:12:00,906.51
2016-12-27 06:12:00,904.90
2016-12-27 10:12:00,909.20
2016-12-27 14:12:00,926.27
2016-12-27 18:12:00,932.35
2016-12-27 22:12:00,935.75
2016-12-28 02:12:00,944.20
2016-12-28 06:12:00,950.59
2016-12-28 10:12:00,952.01
2016-12-28 14:12:00,959.80
2016-12-28 18:12:00,952.75
2016-12-28 22:12:00,967.20
2016-12-29 02:12:00,977.88
2016-12-29 06:12:00,972.96
2016-12-29 10:12:00,973.42
2016-12-29 14:12:00,970.20
2016-12-29 18:12:00,960.88
2016-12-29 22:12:00,967.43
2016-12-30 02:12:00,967.55
2016-12-30 06:12:00,948.75
2016-12-30 10:12:00,939.46
2016-12-30 14:12:00,946.85
2016-12-30 18:12:00,961.39
2016-12-30 22:12:00,960.48
2016-12-31 02:12:00,954.51
2016-12-31 06:12:00,952.11
2016-12-31 10:12:00,953.69
2016-12-31 14:12:00,952.18
2016-12-31 18:12:00,965.73
2016-12-31 22:12:00,967.92
2017-01-01 02:01:00,968.68
2017-01-01 06:01:00,966.73
2017-01-01 10:01:00,968.19
2017-01-01 14:01:00,973.05
2017-01-01 18:01:00,988.66
2017-01-01 22:01:00,1002.38
2017-01-02 02:01:00,1003.83
2017-01-02 06:01:00,1010.43
2017-01-02 10:01:00,1015.49
2017-01-02 14:01:00,1019.69
2017-01-02 18:01:00,1026.23
2017-01-02 22:01:00,1011.91
2017-01-03 02:01:00,1023.11
2017-01-03 06:01:00,1022.32
2017-01-03 10:01:00,1018.98
2017-01-03 14:01:00,1020.70
2017-01-03 18:01:00,1021.51
2017-01-03 22:01:00,1028.00
2017-01-04 02:01:00,1040.45
2017-01-04 06:01:00,1052.23
2017-01-04 10:01:00,1065.40
2017-01-04 14:01:00,1081.77
2017-01-04 18:01:00,1117.76
2017-01-04 22:01:00,1115.48
2017-01-05 02:01:00,1124.12
2017-01-05 06:01:00,1148.03
2017-01-05 10:01:00,1097.82
2017-01-05 14:01:00,969.86
2017-01-05 18:01:00,967.24
2017-01-05 22:01:00,979.64
2017-01-06 02:01:00,999.74
2017-01-06 06:01:00,980.06
2017-01-06 10:01:00,932.66
2017-01-06 14:01:00,889.01
2017-01-06 18:01:00,902.48
2017-01-06 22:01:00,891.74
2017-01-07 02:01:00,859.93
2017-01-07 06:01:00,833.27
2017-01-07 10:01:00,847.48
2017-01-07 14:01:00,880.24
2017-01-07 18:01:00,895.90
2017-01-07 22:01:00,890.93
2017-01-08 02:01:00,905.61
2017-01-08 06:01:00,928.85
2017-01-08 10:01:00,925.76
2017-01-08 14:01:00,913.42
2017-01-08 18:01:00,901.10
2017-01-08 22:01:00,908.71
2017-01-09 02:01:00,888.85
2017-01-09 06:01:00,891.66
2017-01-09 10:01:00,889.28
2017-01-09 14:01:00,901.82
2017-01-09 18:01:00,896.45
2017-01-09 22:01:00,900.10
2017-01-10 02:01:00,913.00
2017-01-10 06:01:00,903.10
2017-01-10 10:01:00,903.40
2017-01-10 14:01:00,901.30
2017-01-10 18:01:00,902.41
2017-01-10 22:01:00,909.39
2017-01-11 02:01:00,912.13
2017-01-11 06:01:00,914.47
2017-01-11 10:01:00,869.22
2017-01-11 14:01:00,812.49
2017-01-11 18:01:00,782.74
2017-01-11 22:01:00,790.19
2017-01-12 02:01:00,762.99
2017-01-12 06:01:00,767.28
2017-01-12 10:01:00,761.53
2017-01-12 14:01:00,773.83
2017-01-12 18:01:00,801.30
2017-01-12 22:01:00,817.45
2017-01-13 02:01:00,804.24
2017-01-13 06:01:00,784.26
2017-01-13 10:01:00,790.31
2017-01-13 14:01:00,805.93
2017-01-13 18:01:00,824.00
2017-01-13 22:01:00,826.27
2017-01-14 02:01:00,834.50
2017-01-14 06:01:00,824.27
2017-01-14 10:01:00,826.60
2017-01-14 14:01:00,829.39
2017-01-14 18:01:00,833.89
2017-01-14 22:01:00,820.72
2017-01-15 02:01:00,824.13
2017-01-15 06:01:00,817.88
2017-01-15 10:01:00,817.12
2017-01-15 14:01:00,819.00
2017-01-15 18:01:00,818.01
2017-01-15 22:01:00,823.70
2017-01-16 02:01:00,829.62
2017-01-16 06:01:00,832.38
2017-01-16 10:01:00,827.71
2017-01-16 14:01:00,826.52
2017-01-16 18:01:00,831.91
2017-01-16 22:01:00,832.46
2017-01-17 02:01:00,837.99
2017-01-17 06:01:00,857.06
2017-01-17 10:01:00,883.15
2017-01-17 14:01:00,879.44
2017-01-17 18:01:00,895.02
2017-01-17 22:01:00,902.50
2017-01-18 02:01:00,900.21
2017-01-18 06:01:00,897.34
2017-01-18 10:01:00,891.51
2017-01-18 14:01:00,868.76
2017-01-18 18:01:00,872.68
2017-01-18 22:01:00,877.28
2017-01-19 02:01:00,889.94
2017-01-19 06:01:00,888.07
2017-01-19 10:01:00,890.26
2017-01-19 14:01:00,890.84
2017-01-19 18:01:00,898.70
2017-01-19 22:01:00,902.30
2017-01-20 02:01:00,900.83
2017-01-20 06:01:00,893.07
2017-01-20 10:01:00,888.33
2017-01-20 14:01:00,892.98
2017-01-20 18:01:00,901.84
2017-01-20 22:01:00,902.24
2017-01-21 02:01:00,905.64
2017-01-21 06:01:00,918.75
2017-01-21 10:01:00,920.81
2017-01-21 14:01:00,924.13
2017-01-21 18:01:00,926.98
2017-01-21 22:01:00,927.67
2017-01-22 02:01:00,933.29
2017-01-22 06:01:00,935.68
2017-01-22 10:01:00,929.14
2017-01-22 14:01:00,906.90
2017-01-22 18:01:00,915.00
2017-01-22 22:01:00,918.24
2017-01-23 02:01:00,926.12
2017-01-23 06:01:00,923.41
2017-01-23 10:01:00,919.64
2017-01-23 14:01:00,923.09
2017-01-23 18:01:00,923.43
2017-01-23 22:01:00,926.53
2017-01-24 02:01:00,906.14
2017-01-24 06:01:00,919.85
2017-01-24 10:01:00,909.33
2017-01-24 14:01:00,906.49
2017-01-24 18:01:00,910.72
2017-01-24 22:01:00,897.74
2017-01-25 02:01:00,897.84
2017-01-25 06:01:00,898.92
2017-01-25 10:01:00,895.63
2017-01-25 14:01:00,892.85
2017-01-25 18:01:00,898.10
2017-01-25 22:01:00,900.07
2017-01-26 02:01:00,906.22
2017-01-26 06:01:00,905.79
2017-01-26 10:01:00,900.19
2017-01-26 14:01:00,908.78
2017-01-26 18:01:00,916.90
2017-01-26 22:01:00,921.05
2017-01-27 02:01:00,921.58
2017-01-27 06:01:00,914.86
2017-01-27 10:01:00,916.81
2017-01-27 14:01:00,917.56
2017-01-27 18:01:00,922.36
2017-01-27 22:01:00,918.55
2017-01-28 02:01:00,926.27
2017-01-28 06:01:00,930.53
2017-01-28 10:01:00,919.50
2017-01-28 14:01:00,921.70
2017-01-28 18:01:00,928.06
2017-01-28 22:01:00,927.20
2017-01-29 02:01:00,931.39
2017-01-29 06:01:00,928.30
2017-01-29 10:01:00,922.36
2017-01-29 14:01:00,921.30
2017-01-29 18:01:00,919.96
2017-01-29 22:01:00,920.72
2017-01-30 02:01:00,920.20
2017-01-30 06:01:00,921.18
2017-01-30 10:01:00,920.11
2017-01-30 14:01:00,921.34
2017-01-30 18:01:00,925.87
2017-01-30 22:01:00,925.98
2017-01-31 02:01:00,926.33
2017-01-31 06:01:00,928.15
2017-01-31 10:01:00,929.41
2017-01-31 14:01:00,948.60
2017-01-31 18:01:00,959.58
2017-01-31 22:01:00,959.49
2017-02-01 02:02:00,972.73
2017-02-01 06:02:00,971.44
2017-02-01 10:02:00,968.31
2017-02-01 14:02:00,967.94
2017-02-01 18:02:00,976.83
2017-02-01 22:02:00,979.51
2017-02-02 02:02:00,987.36
2017-02-02 06:02:00,984.35
2017-02-02 10:02:00,987.40
2017-02-02 14:02:00,991.19
2017-02-02 18:02:00,998.75
2017-02-02 22:02:00,1005.60
2017-02-03 02:02:00,1011.45
2017-02-03 06:02:00,1010.56
2017-02-03 10:02:00,1011.90
2017-02-03 14:02:00,1006.66
2017-02-03 18:02:00,1016.44
2017-02-03 22:02:00,1018.13
2017-02-04 02:02:00,1016.16
2017-02-04 06:02:00,1010.62
2017-02-04 10:02:00,1013.78
2017-02-04 14:02:00,1013.32
2017-02-04 18:02:00,1027.92
2017-02-04 22:02:00,1032.92
2017-02-05 02:02:00,1036.17
2017-02-05 06:02:00,1031.03
2017-02-05 10:02:00,1025.09
2017-02-05 14:02:00,1018.12
2017-02-05 18:02:00,1009.74
2017-02-05 22:02:00,1014.80
2017-02-06 02:02:00,1022.87
2017-02-06 06:02:00,1020.49
2017-02-06 10:02:00,1025.11
2017-02-06 14:02:00,1023.89
2017-02-06 18:02:00,1024.89
2017-02-06 22:02:00,1024.89
2017-02-07 02:02:00,1031.13
2017-02-07 06:02:00,1038.19
2017-02-07 10:02:00,1043.52
2017-02-07 14:02:00,1049.50
2017-02-07 18:02:00,1048.37
2017-02-07 22:02:00,1053.56
2017-02-08 02:02:00,1060.79
2017-02-08 06:02:00,1066.84
2017-02-08 10:02:00,1034.94
2017-02-08 14:02:00,1041.43
2017-02-08 18:02:00,1055.38
2017-02-08 22:02:00,1060.04
2017-02-09 02:02:00,1066.66
2017-02-09 06:02:00,1070.20
2017-02-09 10:02:00,1057.69
2017-02-09 14:02:00,982.79
2017-02-09 18:02:00,974.23
2017-02-09 22:02:00,964.35
2017-02-10 02:02:00,977.07
2017-02-10 06:02:00,971.55
2017-02-10 10:02:00,959.13
2017-02-10 14:02:00,966.75
2017-02-10 18:02:00,981.59
2017-02-10 22:02:00,995.36
2017-02-11 02:02:00,997.86
2017-02-11 06:02:00,1004.27
2017-02-11 10:02:00,1008.65
2017-02-11 14:02:00,1003.72
2017-02-11 18:02:00,1010.40
2017-02-11 22:02:00,1011.06
2017-02-12 02:02:00,1011.90
2017-02-12 06:02:00,1005.43
2017-02-12 10:02:00,1002.12
2017-02-12 14:02:00,1002.43
2017-02-12 18:02:00,1003.72
2017-02-12 22:02:00,1004.24
2017-02-13 02:02:00,1007.07
2017-02-13 06:02:00,1009.76
2017-02-13 10:02:00,986.95
2017-02-13 14:02:00,994.10
2017-02-13 18:02:00,1001.16
2017-02-13 22:02:00,1002.37
2017-02-14 02:02:00,1002.15
2017-02-14 06:02:00,999.47
2017-02-14 10:02:00,1009.23
2017-02-14 14:02:00,1004.81
2017-02-14 18:02:00,1011.83
2017-02-14 22:02:00,1011.76
2017-02-15 02:02:00,1015.67
2017-02-15 06:02:00,1005.21
2017-02-15 10:02:00,1003.50
2017-02-15 14:02:00,1006.58
2017-02-15 18:02:00,1009.04
2017-02-15 22:02:00,1012.90
2017-02-16 02:02:00,1018.61
2017-02-16 06:02:00,1018.93
2017-02-16 10:02:00,1018.60
2017-02-16 14:02:00,1028.04
2017-02-16 18:02:00,1036.71
2017-02-16 22:02:00,1034.70
2017-02-17 02:02:00,1039.67
2017-02-17 06:02:00,1038.72
2017-02-17 10:02:00,1034.78
2017-02-17 14:02:00,1049.53
2017-02-17 18:02:00,1054.89
2017-02-17 22:02:00,1056.89
2017-02-18 02:02:00,1056.76
2017-02-18 06:02:00,1062.24
2017-02-18 10:02:00,1059.43
2017-02-18 14:02:00,1055.49
2017-02-18 18:02:00,1060.42
2017-02-18 22:02:00,1060.24
2017-02-19 02:02:00,1054.13
2017-02-19 06:02:00,1054.52
2017-02-19 10:02:00,1054.21
2017-02-19 14:02:00,1047.74
2017-02-19 18:02:00,1052.09
2017-02-19 22:02:00,1051.16
2017-02-20 02:02:00,1050.23
2017-02-20 06:02:00,1052.24
2017-02-20 10:02:00,1053.69
2017-02-20 14:02:00,1056.75
2017-02-20 18:02:00,1058.53
2017-02-20 22:02:00,1073.87
2017-02-21 02:02:00,1083.82
2017-02-21 06:02:00,1090.95
2017-02-21 10:02:00,1098.59
2017-02-21 14:02:00,1105.81
2017-02-21 18:02:00,1108.75
2017-02-21 22:02:00,1119.68
2017-02-22 02:02:00,1115.63
2017-02-22 06:02:00,1108.97
2017-02-22 10:02:00,1109.39
2017-02-22 14:02:00,1117.51
2017-02-22 18:02:00,1126.27
2017-02-22 22:02:00,1129.78
2017-02-23 02:02:00,1127.19
2017-02-23 06:02:00,1122.62
2017-02-23 10:02:00,1131.69
2017-02-23 14:02:00,1147.70
2017-02-23 18:02:00,1156.85
2017-02-23 22:02:00,1170.39
2017-02-24 02:02:00,1184.19
2017-02-24 06:02:00,1164.82
2017-02-24 10:02:00,1166.16
2017-02-24 14:02:00,1186.31
2017-02-24 18:02:00,1190.95
2017-02-24 22:02:00,1174.68
2017-02-25 02:02:00,1181.12
2017-02-25 06:02:00,1177.15
2017-02-25 10:02:00,1174.40
2017-02-25 14:02:00,1162.34
2017-02-25 18:02:00,1141.03
2017-02-25 22:02:00,1150.19
2017-02-26 02:02:00,1140.85
2017-02-26 06:02:00,1155.30
2017-02-26 10:02:00,1167.44
2017-02-26 14:02:00,1166.05
2017-02-26 18:02:00,1174.31
2017-02-26 22:02:00,1171.05
2017-02-27 02:02:00,1185.73
2017-02-27 06:02:00,1178.43
2017-02-27 10:02:00,1176.61
2017-02-27 14:02:00,1178.00
2017-02-27 18:02:00,1192.07
2017-02-27 22:02:00,1191.12
2017-02-28 02:02:00,1200.01
2017-02-28 06:02:00,1193.71
2017-02-28 10:02:00,1188.53
2017-02-28 14:02:00,1184.22
2017-02-28 18:02:00,1192.71
2017-02-28 22:02:00,1193.41
2017-03-01 02:03:00,1192.32
2017-03-01 06:03:00,1191.46
2017-03-01 10:03:00,1193.25
2017-03-01 14:03:00,1215.47
2017-03-01 18:03:00,1220.34
2017-03-01 22:03:00,1223.08
2017-03-02 02:03:00,1227.25
2017-03-02 06:03:00,1219.45
2017-03-02 10:03:00,1225.43
2017-03-02 14:03:00,1241.48
2017-03-02 18:03:00,1268.76
2017-03-02 22:03:00,1257.22
2017-03-03 02:03:00,1265.81
2017-03-03 06:03:00,1264.14
2017-03-03 10:03:00,1279.32
2017-03-03 14:03:00,1281.72
2017-03-03 18:03:00,1270.31
2017-03-03 22:03:00,1281.80
2017-03-04 02:03:00,1284.42
2017-03-04 06:03:00,1282.37
2017-03-04 10:03:00,1276.66
2017-03-04 14:03:00,1265.91
2017-03-04 18:03:00,1252.40
2017-03-04 22:03:00,1264.48
2017-03-05 02:03:00,1265.33
2017-03-05 06:03:00,1254.96
2017-03-05 10:03:00,1251.99
2017-03-05 14:03:00,1263.86
2017-03-05 18:03:00,1269.55
2017-03-05 22:03:00,1272.60
2017-03-06 02:03:00,1275.89
2017-03-06 06:03:00,1271.79
2017-03-06 10:03:00,1275.63
2017-03-06 14:03:00,1276.60
2017-03-06 18:03:00,1275.45
2017-03-06 22:03:00,1279.08
2017-03-07 02:03:00,1280.96
2017-03-07 06:03:00,1269.10
2017-03-07 10:03:00,1227.83
2017-03-07 14:03:00,1224.95
2017-03-07 18:03:00,1248.84
2017-03-07 22:03:00,1241.65
2017-03-08 02:03:00,1225.69
2017-03-08 06:03:00,1187.48
2017-03-08 10:03:00,1207.38
2017-03-08 14:03:00,1196.76
2017-03-08 18:03:00,1187.26
2017-03-08 22:03:00,1160.32
2017-03-09 02:03:00,1147.85
2017-03-09 06:03:00,1165.67
2017-03-09 10:03:00,1174.86
2017-03-09 14:03:00,1181.25
2017-03-09 18:03:00,1198.05
2017-03-09 22:03:00,1196.41
2017-03-10 02:03:00,1201.30
2017-03-10 06:03:00,1189.74
2017-03-10 10:03:00,1196.41
2017-03-10 14:03:00,1256.37
2017-03-10 18:03:00,1248.09
2017-03-10 22:03:00,1107.45
2017-03-11 02:03:00,1132.13
2017-03-11 06:03:00,1157.81
2017-03-11 10:03:00,1184.15
2017-03-11 14:03:00,1185.40
2017-03-11 18:03:00,1181.54
2017-03-11 22:03:00,1168.48
2017-03-12 02:03:00,1179.24
2017-03-12 06:03:00,1177.26
2017-03-12 10:03:00,1176.61
2017-03-12 14:03:00,1197.63
2017-03-12 18:03:00,1224.45
2017-03-12 22:03:00,1224.73
2017-03-13 02:03:00,1226.12
2017-03-13 06:03:00,1223.66
2017-03-13 10:03:00,1226.60
2017-03-13 14:03:00,1232.91
2017-03-13 18:03:00,1233.66
2017-03-13 22:03:00,1238.89
2017-03-14 02:03:00,1239.16
2017-03-14 06:03:00,1230.12
2017-03-14 10:03:00,1233.57
2017-03-14 14:03:00,1247.61
2017-03-14 18:03:00,1245.22
2017-03-14 22:03:00,1245.36
2017-03-15 02:03:00,1247.69
2017-03-15 06:03:00,1245.08
2017-03-15 10:03:00,1247.88
2017-03-15 14:03:00,1251.65
2017-03-15 18:03:00,1248.37
2017-03-15 22:03:00,1253.48
2017-03-16 02:03:00,1252.14
2017-03-16 06:03:00,1230.60
2017-03-16 10:03:00,1223.34
2017-03-16 14:03:00,1215.84
2017-03-16 18:03:00,1202.27
2017-03-16 22:03:00,1161.74
2017-03-17 02:03:00,1141.78
2017-03-17 06:03:00,1117.38
2017-03-17 10:03:00,1118.57
2017-03-17 14:03:00,1149.43
2017-03-17 18:03:00,1136.09
2017-03-17 22:03:00,1093.52
2017-03-18 02:03:00,1076.25
2017-03-18 06:03:00,1070.69
2017-03-18 10:03:00,1084.19
2017-03-18 14:03:00,1008.78
2017-03-18 18:03:00,991.11
2017-03-18 22:03:00,958.89
2017-03-19 02:03:00,996.54
2017-03-19 06:03:00,1000.01
2017-03-19 10:03:00,989.55
2017-03-19 14:03:00,1005.63
2017-03-19 18:03:00,1045.05
2017-03-19 22:03:00,1037.46
2017-03-20 02:03:00,1032.24
2017-03-20 06:03:00,1029.10
2017-03-20 10:03:00,1034.18
2017-03-20 14:03:00,1048.11
2017-03-20 18:03:00,1042.18
2017-03-20 22:03:00,1042.44
2017-03-21 02:03:00,1055.21
2017-03-21 06:03:00,1081.01
2017-03-21 10:03:00,1080.66
2017-03-21 14:03:00,1090.26
2017-03-21 18:03:00,1108.09
2017-03-21 22:03:00,1110.60
2017-03-22 02:03:00,1099.55
2017-03-22 06:03:00,1089.39
2017-03-22 10:03:00,1069.25
2017-03-22 14:03:00,1034.81
2017-03-22 18:03:00,1014.53
2017-03-22 22:03:00,1023.37
2017-03-23 02:03:00,1038.19
2017-03-23 06:03:00,1034.23
2017-03-23 10:03:00,1045.59
2017-03-23 14:03:00,1052.94
2017-03-23 18:03:00,1045.65
2017-03-23 22:03:00,1036.48
2017-03-24 02:03:00,1023.75
2017-03-24 06:03:00,1008.00
2017-03-24 10:03:00,1002.70
2017-03-24 14:03:00,985.42
2017-03-24 18:03:00,980.77
2017-03-24 22:03:00,949.64
2017-03-25 02:03:00,940.36
2017-03-25 06:03:00,914.18
2017-03-25 10:03:00,909.92
2017-03-25 14:03:00,935.58
2017-03-25 18:03:00,943.78
2017-03-25 22:03:00,960.94
2017-03-26 02:03:00,966.28
2017-03-26 07:03:00,962.65
2017-03-26 11:03:00,967.10
2017-03-26 15:03:00,990.79
2017-03-26 19:03:00,985.03
2017-03-26 23:03:00,964.30
2017-03-27 03:03:00,971.31
2017-03-27 07:03:00,978.83
2017-03-27 11:03:00,991.43
2017-03-27 15:03:00,1017.82
2017-03-27 19:03:00,1025.49
2017-03-27 23:03:00,1034.27
2017-03-28 03:03:00,1036.47
2017-03-28 07:03:00,1037.87
2017-03-28 11:03:00,1055.28
2017-03-28 15:03:00,1059.00
2017-03-28 19:03:00,1036.66
2017-03-28 23:03:00,1035.12
2017-03-29 03:03:00,1023.79
2017-03-29 07:03:00,1021.43
2017-03-29 11:03:00,1039.71
2017-03-29 15:03:00,1047.98
2017-03-29 19:03:00,1036.60
2017-03-29 23:03:00,1041.04
2017-03-30 03:03:00,1045.75
2017-03-30 07:03:00,1043.98
2017-03-30 11:03:00,1035.04
2017-03-30 15:03:00,1028.71
2017-03-30 19:03:00,1033.13
2017-03-30 23:03:00,1034.94
2017-03-31 03:03:00,1047.56
2017-03-31 07:03:00,1047.46
2017-03-31 11:03:00,1048.21
2017-03-31 15:03:00,1058.87
2017-03-31 19:03:00,1074.71
2017-03-31 23:03:00,1074.22
2017-04-01 03:04:00,1080.59
2017-04-01 07:04:00,1084.24
2017-04-01 11:04:00,1097.84
2017-04-01 15:04:00,1086.54
2017-04-01 19:04:00,1079.04
2017-04-01 23:04:00,1079.79
2017-04-02 03:04:00,1085.98
2017-04-02 07:04:00,1088.90
2017-04-02 11:04:00,1087.00
2017-04-02 15:04:00,1089.74
2017-04-02 19:04:00,1102.24
2017-04-02 23:04:00,1105.72
2017-04-03 03:04:00,1127.73
2017-04-03 07:04:00,1135.34
2017-04-03 11:04:00,1128.45
2017-04-03 15:04:00,1131.85
2017-04-03 19:04:00,1140.35
2017-04-03 23:04:00,1150.64
2017-04-04 03:04:00,1149.93
2017-04-04 07:04:00,1147.63
2017-04-04 11:04:00,1153.37
2017-04-04 15:04:00,1134.69
2017-04-04 19:04:00,1134.30
2017-04-04 23:04:00,1139.60
2017-04-05 03:04:00,1140.82
2017-04-05 07:04:00,1133.02
2017-04-05 11:04:00,1120.35
2017-04-05 15:04:00,1125.67
2017-04-05 19:04:00,1126.11
2017-04-05 23:04:00,1129.04
2017-04-06 03:04:00,1145.23
2017-04-06 07:04:00,1157.37
2017-04-06 11:04:00,1163.73
2017-04-06 15:04:00,1167.32
2017-04-06 19:04:00,1181.63
2017-04-06 23:04:00,1195.12
2017-04-07 03:04:00,1188.52
2017-04-07 07:04:00,1182.85
2017-04-07 11:04:00,1193.36
2017-04-07 15:04:00,1189.57
2017-04-07 19:04:00,1193.50
2017-04-07 23:04:00,1196.69
2017-04-08 03:04:00,1190.78
2017-04-08 07:04:00,1195.25
2017-04-08 11:04:00,1192.30
2017-04-08 15:04:00,1188.98
2017-04-08 19:04:00,1181.07
2017-04-08 23:04:00,1180.09
2017-04-09 03:04:00,1188.01
2017-04-09 07:04:00,1188.08
2017-04-09 11:04:00,1184.43
2017-04-09 15:04:00,1193.68
2017-04-09 19:04:00,1212.92
2017-04-09 23:04:00,1213.34
2017-04-10 03:04:00,1212.18
2017-04-10 07:04:00,1210.44
2017-04-10 11:04:00,1215.11
2017-04-10 15:04:00,1213.06
2017-04-10 19:04:00,1210.88
2017-04-10 23:04:00,1206.83
2017-04-11 03:04:00,1210.80
2017-04-11 07:04:00,1204.69
2017-04-11 11:04:00,1206.22
2017-04-11 15:04:00,1220.28
2017-04-11 19:04:00,1228.78
2017-04-11 23:04:00,1228.22
2017-04-12 03:04:00,1227.81
2017-04-12 07:04:00,1220.69
2017-04-12 11:04:00,1219.50
2017-04-12 15:04:00,1223.11
2017-04-12 19:04:00,1222.05
2017-04-12 23:04:00,1218.40
2017-04-13 03:04:00,1222.14
2017-04-13 07:04:00,1195.82
2017-04-13 11:04:00,1194.33
2017-04-13 15:04:00,1186.20
2017-04-13 19:04:00,1169.53
2017-04-13 23:04:00,1177.66
2017-04-14 03:04:00,1187.40
2017-04-14 07:04:00,1194.21
2017-04-14 11:04:00,1175.53
2017-04-14 15:04:00,1190.60
2017-04-14 19:04:00,1197.23
2017-04-14 23:04:00,1193.66
2017-04-15 03:04:00,1191.79
2017-04-15 07:04:00,1194.70
2017-04-15 11:04:00,1193.00
2017-04-15 15:04:00,1198.53
2017-04-15 19:04:00,1198.62
2017-04-15 23:04:00,1186.53
2017-04-16 03:04:00,1190.50
2017-04-16 07:04:00,1196.19
2017-04-16 11:04:00,1197.01
2017-04-16 15:04:00,1178.01
2017-04-16 19:04:00,1198.13
2017-04-16 23:04:00,1193.78
2017-04-17 03:04:00,1187.60
2017-04-17 07:04:00,1189.75
2017-04-17 11:04:00,1195.15
2017-04-17 15:04:00,1207.07
2017-04-17 19:04:00,1215.62
2017-04-17 23:04:00,1216.40
2017-04-18 03:04:00,1226.46
2017-04-18 07:04:00,1235.50
2017-04-18 11:04:00,1226.01
2017-04-18 15:04:00,1235.98
2017-04-18 19:04:00,1233.75
2017-04-18 23:04:00,1218.24
2017-04-19 03:04:00,1228.74
2017-04-19 07:04:00,1227.63
2017-04-19 11:04:00,1219.27
2017-04-19 15:04:00,1217.77
2017-04-19 19:04:00,1223.83
2017-04-19 23:04:00,1224.43
2017-04-20 03:04:00,1229.62
2017-04-20 07:04:00,1233.80
2017-04-20 11:04:00,1238.70
2017-04-20 15:04:00,1252.07
2017-04-20 19:04:00,1272.16
2017-04-20 23:04:00,1257.90
2017-04-21 03:04:00,1271.38
2017-04-21 07:04:00,1274.08
2017-04-21 11:04:00,1272.37
2017-04-21 15:04:00,1271.83
2017-04-21 19:04:00,1265.92
2017-04-21 23:04:00,1263.57
2017-04-22 03:04:00,1275.38
2017-04-22 07:04:00,1279.03
2017-04-22 11:04:00,1263.70
2017-04-22 15:04:00,1259.32
2017-04-22 19:04:00,1276.53
2017-04-22 23:04:00,1289.66
2017-04-23 03:04:00,1273.30
2017-04-23 07:04:00,1262.77
2017-04-23 11:04:00,1279.82
2017-04-23 15:04:00,1277.81
2017-04-23 19:04:00,1268.10
2017-04-23 23:04:00,1273.38
2017-04-24 03:04:00,1284.79
2017-04-24 07:04:00,1294.65
2017-04-24 11:04:00,1277.82
2017-04-24 15:04:00,1267.27
2017-04-24 19:04:00,1274.91
2017-04-24 23:04:00,1271.09
2017-04-25 03:04:00,1281.48
2017-04-25 07:04:00,1287.41
2017-04-25 11:04:00,1292.82
2017-04-25 15:04:00,1284.58
2017-04-25 19:04:00,1298.94
2017-04-25 23:04:00,1293.85
2017-04-26 03:04:00,1300.09
2017-04-26 07:04:00,1310.28
2017-04-26 11:04:00,1309.72
2017-04-26 15:04:00,1320.73
2017-04-26 19:04:00,1333.11
2017-04-26 23:04:00,1315.79
2017-04-27 03:04:00,1320.06
2017-04-27 07:04:00,1326.66
2017-04-27 11:04:00,1334.22
2017-04-27 15:04:00,1354.32
2017-04-27 19:04:00,1352.47
2017-04-27 23:04:00,1371.17
2017-04-28 03:04:00,1373.89
2017-04-28 07:04:00,1363.49
2017-04-28 11:04:00,1342.11
2017-04-28 15:04:00,1341.82
2017-04-28 19:04:00,1330.95
2017-04-28 23:04:00,1344.80
2017-04-29 03:04:00,1369.07
2017-04-29 07:04:00,1367.09
2017-04-29 11:04:00,1355.98
2017-04-29 15:04:00,1355.58
2017-04-29 19:04:00,1376.32
2017-04-29 23:04:00,1375.72
2017-04-30 03:04:00,1359.49
2017-04-30 07:04:00,1360.42
2017-04-30 11:04:00,1352.05
2017-04-30 15:04:00,1362.20
2017-04-30 19:04:00,1365.75
2017-04-30 23:04:00,1371.52
2017-05-01 03:05:00,1393.27
2017-05-01 07:05:00,1408.99
2017-05-01 11:05:00,1400.83
2017-05-01 15:05:00,1441.72
2017-05-01 19:05:00,1460.87
2017-05-01 23:05:00,1464.93
2017-05-02 03:05:00,1449.72
2017-05-02 07:05:00,1463.49
2017-05-02 11:05:00,1484.29
2017-05-02 15:05:00,1491.08
2017-05-02 19:05:00,1477.38
2017-05-02 23:05:00,1472.75
2017-05-03 03:05:00,1489.41
2017-05-03 07:05:00,1480.06
2017-05-03 11:05:00,1478.49
2017-05-03 15:05:00,1488.42
2017-05-03 19:05:00,1510.88
2017-05-03 23:05:00,1517.23
2017-05-04 03:05:00,1523.48
2017-05-04 07:05:00,1535.99
2017-05-04 11:05:00,1549.88
2017-05-04 15:05:00,1580.89
2017-05-04 19:05:00,1593.04
2017-05-04 23:05:00,1532.37
2017-05-05 03:05:00,1572.80
2017-05-05 07:05:00,1587.44
2017-05-05 11:05:00,1585.67
2017-05-05 15:05:00,1577.38
2017-05-05 19:05:00,1535.40
2017-05-05 23:05:00,1534.67
2017-05-06 03:05:00,1544.70
2017-05-06 07:05:00,1536.06
2017-05-06 11:05:00,1551.16
2017-05-06 15:05:00,1553.89
2017-05-06 19:05:00,1563.76
2017-05-06 23:05:00,1576.31
2017-05-07 03:05:00,1575.87
2017-05-07 07:05:00,1567.08
2017-05-07 11:05:00,1567.95
2017-05-07 15:05:00,1554.43
2017-05-07 19:05:00,1562.75
2017-05-07 23:05:00,1566.48
2017-05-08 03:05:00,1604.77
2017-05-08 07:05:00,1623.77
2017-05-08 11:05:00,1618.49
2017-05-08 15:05:00,1616.48
2017-05-08 19:05:00,1625.78
2017-05-08 23:05:00,1665.71
2017-05-09 03:05:00,1685.95
2017-05-09 07:05:00,1706.71
2017-05-09 11:05:00,1729.82
2017-05-09 15:05:00,1737.45
2017-05-09 19:05:00,1757.65
2017-05-09 23:05:00,1719.58
2017-05-10 03:05:00,1719.07
2017-05-10 07:05:00,1715.00
2017-05-10 11:05:00,1722.63
2017-05-10 15:05:00,1763.37
2017-05-10 19:05:00,1760.37
2017-05-10 23:05:00,1763.83
2017-05-11 03:05:00,1754.70
2017-05-11 07:05:00,1811.69
2017-05-11 11:05:00,1853.66
2017-05-11 15:05:00,1829.95
2017-05-11 19:05:00,1835.79
2017-05-11 23:05:00,1822.22
2017-05-12 03:05:00,1809.08
2017-05-12 07:05:00,1774.76
2017-05-12 11:05:00,1796.74
2017-05-12 15:05:00,1782.62
2017-05-12 19:05:00,1725.57
2017-05-12 23:05:00,1708.13
2017-05-13 03:05:00,1656.69
2017-05-13 07:05:00,1685.81
2017-05-13 11:05:00,1725.10
2017-05-13 15:05:00,1716.98
2017-05-13 19:05:00,1731.64
2017-05-13 23:05:00,1775.59
2017-05-14 03:05:00,1796.54
2017-05-14 07:05:00,1794.25
2017-05-14 11:05:00,1807.49
2017-05-14 15:05:00,1793.88
2017-05-14 19:05:00,1773.56
2017-05-14 23:05:00,1793.26
2017-05-15 03:05:00,1790.08
2017-05-15 07:05:00,1745.22
2017-05-15 11:05:00,1725.84
2017-05-15 15:05:00,1710.13
2017-05-15 19:05:00,1712.31
2017-05-15 23:05:00,1725.32
2017-05-16 03:05:00,1720.43
2017-05-16 07:05:00,1683.98
2017-05-16 11:05:00,1715.79
2017-05-16 15:05:00,1734.01
2017-05-16 19:05:00,1757.42
2017-05-16 23:05:00,1753.05
2017-05-17 03:05:00,1764.68
2017-05-17 07:05:00,1808.59
2017-05-17 11:05:00,1817.15
2017-05-17 15:05:00,1827.86
2017-05-17 19:05:00,1830.48
2017-05-17 23:05:00,1814.14
2017-05-18 03:05:00,1830.52
2017-05-18 07:05:00,1851.81
2017-05-18 11:05:00,1828.50
2017-05-18 15:05:00,1857.31
2017-05-18 19:05:00,1874.06
2017-05-18 23:05:00,1891.83
2017-05-19 03:05:00,1917.83
2017-05-19 07:05:00,1936.27
2017-05-19 11:05:00,1944.89
2017-05-19 15:05:00,1950.91
2017-05-19 19:05:00,1931.33
2017-05-19 23:05:00,1955.45
2017-05-20 03:05:00,1982.49
2017-05-20 07:05:00,1984.05
2017-05-20 11:05:00,1978.07
2017-05-20 15:05:00,1975.65
2017-05-20 19:05:00,2001.92
2017-05-20 23:05:00,2034.20
2017-05-21 03:05:00,2051.80
2017-05-21 07:05:00,2063.65
2017-05-21 11:05:00,2072.76
2017-05-21 15:05:00,2034.91
2017-05-21 19:05:00,2022.34
2017-05-21 23:05:00,2032.49
2017-05-22 03:05:00,2057.76
2017-05-22 07:05:00,2132.13
2017-05-22 11:05:00,2140.97
2017-05-22 15:05:00,2169.26
2017-05-22 19:05:00,2211.87
2017-05-22 23:05:00,2115.84
2017-05-23 03:05:00,2136.14
2017-05-23 07:05:00,2183.49
2017-05-23 11:05:00,2170.42
2017-05-23 15:05:00,2227.70
2017-05-23 19:05:00,2242.38
2017-05-23 23:05:00,2247.27
2017-05-24 03:05:00,2300.79
2017-05-24 07:05:00,2313.91
2017-05-24 11:05:00,2335.26
2017-05-24 15:05:00,2368.44
2017-05-24 19:05:00,2421.30
2017-05-24 23:05:00,2432.28
2017-05-25 03:05:00,2494.91
2017-05-25 07:05:00,2547.06
2017-05-25 11:05:00,2640.17
2017-05-25 15:05:00,2686.35
2017-05-25 19:05:00,2428.13
2017-05-25 23:05:00,2384.46
2017-05-26 03:05:00,2359.97
2017-05-26 07:05:00,2443.69
2017-05-26 11:05:00,2518.68
2017-05-26 15:05:00,2398.54
2017-05-26 19:05:00,2205.49
2017-05-26 23:05:00,2212.12
2017-05-27 03:05:00,2159.60
2017-05-27 07:05:00,2014.47
2017-05-27 11:05:00,1891.77
2017-05-27 15:05:00,1995.49
2017-05-27 19:05:00,2075.73
2017-05-27 23:05:00,1992.35
2017-05-28 03:05:00,2110.85
2017-05-28 07:05:00,2162.11
2017-05-28 11:05:00,2213.38
2017-05-28 15:05:00,2115.24
2017-05-28 19:05:00,2086.77
2017-05-28 23:05:00,2106.39
2017-05-29 03:05:00,2122.39
2017-05-29 07:05:00,2147.24
2017-05-29 11:05:00,2202.06
2017-05-29 15:05:00,2199.15
2017-05-29 19:05:00,2247.74
2017-05-29 23:05:00,2280.32
2017-05-30 03:05:00,2251.10
2017-05-30 07:05:00,2278.61
2017-05-30 11:05:00,2272.09
2017-05-30 15:05:00,2239.03
2017-05-30 19:05:00,2238.66
2017-05-30 23:05:00,2177.77
2017-05-31 03:05:00,2163.73
2017-05-31 07:05:00,2165.14
2017-05-31 11:05:00,2205.18
2017-05-31 15:05:00,2228.04
2017-05-31 19:05:00,2289.47
2017-05-31 23:05:00,2263.31
2017-06-01 03:06:00,2324.02
2017-06-01 07:06:00,2354.22
2017-06-01 11:06:00,2396.64
2017-06-01 15:06:00,2390.66
2017-06-01 19:06:00,2335.09
2017-06-01 23:06:00,2379.94
2017-06-02 03:06:00,2394.31
2017-06-02 07:06:00,2410.32
2017-06-02 11:06:00,2392.16
2017-06-02 15:06:00,2392.49
2017-06-02 19:06:00,2408.50
2017-06-02 23:06:00,2431.26
2017-06-03 03:06:00,2466.25
2017-06-03 07:06:00,2437.59
2017-06-03 11:06:00,2477.00
2017-06-03 15:06:00,2500.23
2017-06-03 19:06:00,2534.07
2017-06-03 23:06:00,2537.16
2017-06-04 03:06:00,2485.06
2017-06-04 07:06:00,2509.34
2017-06-04 11:06:00,2522.47
2017-06-04 15:06:00,2519.56
2017-06-04 19:06:00,2517.65
2017-06-04 23:06:00,2498.90
2017-06-05 03:06:00,2552.14
2017-06-05 07:06:00,2574.72
2017-06-05 11:06:00,2572.13
2017-06-05 15:06:00,2589.85
2017-06-05 19:06:00,2617.43
2017-06-05 23:06:00,2653.18
2017-06-06 03:06:00,2765.92
2017-06-06 07:06:00,2813.83
2017-06-06 11:06:00,2839.77
2017-06-06 15:06:00,2852.45
2017-06-06 19:06:00,2760.75
2017-06-06 23:06:00,2857.74
2017-06-07 03:06:00,2851.80
2017-06-07 07:06:00,2828.87
2017-06-07 11:06:00,2833.15
2017-06-07 15:06:00,2808.90
2017-06-07 19:06:00,2794.20
2017-06-07 23:06:00,2687.78
2017-06-08 03:06:00,2667.06
2017-06-08 07:06:00,2765.79
2017-06-08 11:06:00,2782.36
2017-06-08 15:06:00,2729.99
2017-06-08 19:06:00,2731.99
2017-06-08 23:06:00,2771.05
2017-06-09 03:06:00,2814.67
2017-06-09 07:06:00,2804.33
2017-06-09 11:06:00,2812.11
2017-06-09 15:06:00,2839.51
2017-06-09 19:06:00,2832.66
2017-06-09 23:06:00,2819.31
2017-06-10 03:06:00,2828.04
2017-06-10 07:06:00,2815.88
2017-06-10 11:06:00,2849.07
2017-06-10 15:06:00,2887.75
2017-06-10 19:06:00,2865.64
2017-06-10 23:06:00,2842.85
2017-06-11 03:06:00,2874.27
2017-06-11 07:06:00,2863.06
2017-06-11 11:06:00,2864.55
2017-06-11 15:06:00,2908.99
2017-06-11 19:06:00,2951.86
2017-06-11 23:06:00,2956.85
2017-06-12 03:06:00,2969.88
2017-06-12 07:06:00,2925.69
2017-06-12 11:06:00,2777.87
2017-06-12 15:06:00,2736.06
2017-06-12 19:06:00,2553.24
2017-06-12 23:06:00,2602.50
2017-06-13 03:06:00,2644.22
2017-06-13 07:06:00,2688.61
2017-06-13 11:06:00,2698.78
2017-06-13 15:06:00,2705.86
2017-06-13 19:06:00,2722.13
2017-06-13 23:06:00,2705.13
2017-06-14 03:06:00,2739.24
2017-06-14 07:06:00,2744.99
2017-06-14 11:06:00,2719.58
2017-06-14 15:06:00,2599.13
2017-06-14 19:06:00,2529.85
2017-06-14 23:06:00,2438.30
2017-06-15 03:06:00,2450.10
2017-06-15 07:06:00,2316.79
2017-06-15 11:06:00,2343.19
2017-06-15 15:06:00,2205.21
2017-06-15 19:06:00,2289.19
2017-06-15 23:06:00,2384.16
2017-06-16 03:06:00,2360.73
2017-06-16 07:06:00,2439.87
2017-06-16 11:06:00,2477.87
2017-06-16 15:06:00,2433.15
2017-06-16 19:06:00,2489.44
2017-06-16 23:06:00,2479.55
2017-06-17 03:06:00,2462.82
2017-06-17 07:06:00,2509.02
2017-06-17 11:06:00,2558.85
2017-06-17 15:06:00,2564.64
2017-06-17 19:06:00,2630.90
2017-06-17 23:06:00,2657.09
2017-06-18 03:06:00,2634.77
2017-06-18 07:06:00,2585.06
2017-06-18 11:06:00,2542.92
2017-06-18 15:06:00,2549.29
2017-06-18 19:06:00,2538.70
2017-06-18 23:06:00,2492.66
2017-06-19 03:06:00,2542.22
2017-06-19 07:06:00,2590.67
2017-06-19 11:06:00,2547.96
2017-06-19 15:06:00,2567.38
2017-06-19 19:06:00,2589.97
2017-06-19 23:06:00,2593.72
2017-06-20 03:06:00,2636.70
2017-06-20 07:06:00,2632.81
2017-06-20 11:06:00,2629.74
2017-06-20 15:06:00,2665.56
2017-06-20 19:06:00,2733.60
2017-06-20 23:06:00,2758.16
2017-06-21 03:06:00,2735.06
2017-06-21 07:06:00,2718.33
2017-06-21 11:06:00,2715.58
2017-06-21 15:06:00,2713.87
2017-06-21 19:06:00,2699.76
2017-06-21 23:06:00,2648.02
2017-06-22 03:06:00,2663.16
2017-06-22 07:06:00,2633.65
2017-06-22 11:06:00,2675.40
2017-06-22 15:06:00,2708.45
2017-06-22 19:06:00,2725.90
2017-06-22 23:06:00,2694.33
2017-06-23 03:06:00,2734.63
2017-06-23 07:06:00,2734.50
2017-06-23 11:06:00,2706.81
2017-06-23 15:06:00,2730.23
2017-06-23 19:06:00,2742.59
2017-06-23 23:06:00,2718.77
2017-06-24 03:06:00,2725.14
2017-06-24 07:06:00,2715.15
2017-06-24 11:06:00,2715.65
2017-06-24 15:06:00,2634.78
2017-06-24 19:06:00,2587.98
2017-06-24 23:06:00,2551.74
2017-06-25 03:06:00,2524.78
2017-06-25 07:06:00,2584.65
2017-06-25 11:06:00,2610.01
2017-06-25 15:06:00,2602.62
2017-06-25 19:06:00,2544.36
2017-06-25 23:06:00,2471.56
2017-06-26 03:06:00,2528.39
2017-06-26 07:06:00,2487.76
2017-06-26 11:06:00,2493.98
2017-06-26 15:06:00,2452.29
2017-06-26 19:06:00,2349.29
2017-06-26 23:06:00,2384.31
2017-06-27 03:06:00,2439.82
2017-06-27 07:06:00,2416.77
2017-06-27 11:06:00,2395.15
2017-06-27 15:06:00,2326.03
2017-06-27 19:06:00,2359.46
2017-06-27 23:06:00,2474.01
2017-06-28 03:06:00,2512.93
2017-06-28 07:06:00,2503.34
2017-06-28 11:06:00,2522.57
2017-06-28 15:06:00,2533.76
2017-06-28 19:06:00,2541.81
2017-06-28 23:06:00,2569.86
2017-06-29 03:06:00,2558.59
2017-06-29 07:06:00,2570.94
2017-06-29 11:06:00,2518.53
2017-06-29 15:06:00,2524.86
2017-06-29 19:06:00,2573.54
2017-06-29 23:06:00,2552.83
2017-06-30 03:06:00,2537.39
2017-06-30 07:06:00,2526.22
2017-06-30 11:06:00,2533.92
2017-06-30 15:06:00,2528.93
2017-06-30 19:06:00,2533.99
2017-06-30 23:06:00,2509.39
2017-07-01 03:07:00,2432.92
2017-07-01 07:07:00,2456.76
2017-07-01 11:07:00,2493.49
2017-07-01 15:07:00,2449.91
2017-07-01 19:07:00,2405.04
2017-07-01 23:07:00,2373.64
2017-07-02 03:07:00,2394.15
2017-07-02 07:07:00,2412.21
2017-07-02 11:07:00,2433.29
2017-07-02 15:07:00,2424.50
2017-07-02 19:07:00,2478.51
2017-07-02 23:07:00,2508.47
2017-07-03 03:07:00,2498.22
2017-07-03 07:07:00,2502.77
2017-07-03 11:07:00,2500.23
2017-07-03 15:07:00,2564.11
2017-07-03 19:07:00,2558.99
2017-07-03 23:07:00,2577.51
2017-07-04 03:07:00,2607.38
2017-07-04 07:07:00,2636.97
2017-07-04 11:07:00,2625.72
2017-07-04 15:07:00,2617.86
2017-07-04 19:07:00,2577.81
2017-07-04 23:07:00,2589.95
2017-07-05 03:07:00,2593.61
2017-07-05 07:07:00,2558.03
2017-07-05 11:07:00,2564.26
2017-07-05 15:07:00,2575.25
2017-07-05 19:07:00,2601.52
2017-07-05 23:07:00,2624.46
2017-07-06 03:07:00,2614.57
2017-07-06 07:07:00,2604.61
2017-07-06 11:07:00,2591.25
2017-07-06 15:07:00,2598.17
2017-07-06 19:07:00,2602.37
2017-07-06 23:07:00,2611.64
2017-07-07 03:07:00,2598.96
2017-07-07 07:07:00,2573.57
2017-07-07 11:07:00,2547.10
2017-07-07 15:07:00,2512.90
2017-07-07 19:07:00,2528.27
2017-07-07 23:07:00,2499.27
2017-07-08 03:07:00,2486.98
2017-07-08 07:07:00,2498.94
2017-07-08 11:07:00,2500.15
2017-07-08 15:07:00,2523.82
2017-07-08 19:07:00,2529.92
2017-07-08 23:07:00,2557.77
2017-07-09 03:07:00,2561.53
2017-07-09 07:07:00,2550.01
2017-07-09 11:07:00,2533.16
2017-07-09 15:07:00,2541.22
2017-07-09 19:07:00,2543.95
2017-07-09 23:07:00,2522.27
2017-07-10 03:07:00,2504.13
2017-07-10 07:07:00,2500.90
2017-07-10 11:07:00,2505.48
2017-07-10 15:07:00,2416.87
2017-07-10 19:07:00,2406.90
2017-07-10 23:07:00,2328.59
2017-07-11 03:07:00,2339.12
2017-07-11 07:07:00,2283.12
2017-07-11 11:07:00,2338.56
2017-07-11 15:07:00,2367.40
2017-07-11 19:07:00,2344.38
2017-07-11 23:07:00,2330.65
2017-07-12 03:07:00,2266.11
2017-07-12 07:07:00,2310.33
2017-07-12 11:07:00,2346.06
2017-07-12 15:07:00,2365.41
2017-07-12 19:07:00,2401.16
2017-07-12 23:07:00,2384.61
2017-07-13 03:07:00,2409.07
2017-07-13 07:07:00,2380.75
2017-07-13 11:07:00,2381.41
2017-07-13 15:07:00,2358.12
2017-07-13 19:07:00,2338.21
2017-07-13 23:07:00,2348.14
2017-07-14 03:07:00,2326.89
2017-07-14 07:07:00,2335.85
2017-07-14 11:07:00,2345.44
2017-07-14 15:07:00,2283.56
2017-07-14 19:07:00,2211.72
2017-07-14 23:07:00,2193.11
2017-07-15 03:07:00,2153.40
2017-07-15 07:07:00,2086.59
2017-07-15 11:07:00,2060.37
2017-07-15 15:07:00,2017.19
2017-07-15 19:07:00,2077.60
2017-07-15 23:07:00,2027.52
2017-07-16 03:07:00,1997.05
2017-07-16 07:07:00,1993.78
2017-07-16 11:07:00,1926.22
2017-07-16 15:07:00,1879.52
2017-07-16 19:07:00,1915.68
2017-07-16 23:07:00,1900.73
2017-07-17 03:07:00,1960.13
2017-07-17 07:07:00,2035.98
2017-07-17 11:07:00,2056.94
2017-07-17 15:07:00,2044.81
2017-07-17 19:07:00,2123.26
2017-07-17 23:07:00,2187.32
2017-07-18 03:07:00,2195.77
2017-07-18 07:07:00,2236.53
2017-07-18 11:07:00,2265.80
2017-07-18 15:07:00,2334.62
2017-07-18 19:07:00,2332.24
2017-07-18 23:07:00,2341.84
2017-07-19 03:07:00,2299.31
2017-07-19 07:07:00,2369.20
2017-07-19 11:07:00,2375.63
2017-07-19 15:07:00,2328.77
2017-07-19 19:07:00,2287.79
2017-07-19 23:07:00,2264.98
2017-07-20 03:07:00,2318.06
2017-07-20 07:07:00,2343.57
2017-07-20 11:07:00,2392.41
2017-07-20 15:07:00,2575.42
2017-07-20 19:07:00,2634.52
2017-07-20 23:07:00,2773.48
2017-07-21 03:07:00,2751.74
2017-07-21 07:07:00,2762.96
2017-07-21 11:07:00,2723.77
2017-07-21 15:07:00,2764.30
2017-07-21 19:07:00,2684.16
2017-07-21 23:07:00,2658.00
2017-07-22 03:07:00,2714.08
2017-07-22 07:07:00,2751.50
2017-07-22 11:07:00,2833.87
2017-07-22 15:07:00,2798.90
2017-07-22 19:07:00,2825.76
2017-07-22 23:07:00,2832.30
2017-07-23 03:07:00,2843.45
2017-07-23 07:07:00,2787.47
2017-07-23 11:07:00,2713.67
2017-07-23 15:07:00,2757.50
2017-07-23 19:07:00,2780.62
2017-07-23 23:07:00,2756.84
2017-07-24 03:07:00,2764.60
2017-07-24 07:07:00,2738.91
2017-07-24 11:07:00,2752.77
2017-07-24 15:07:00,2780.41
2017-07-24 19:07:00,2750.35
2017-07-24 23:07:00,2762.41
2017-07-25 03:07:00,2766.76
2017-07-25 07:07:00,2700.83
2017-07-25 11:07:00,2619.60
2017-07-25 15:07:00,2573.47
2017-07-25 19:07:00,2516.18
2017-07-25 23:07:00,2534.19
2017-07-26 03:07:00,2555.73
2017-07-26 07:07:00,2494.92
2017-07-26 11:07:00,2531.38
2017-07-26 15:07:00,2505.50
2017-07-26 19:07:00,2475.71
2017-07-26 23:07:00,2514.57
2017-07-27 03:07:00,2561.02
2017-07-27 07:07:00,2578.50
2017-07-27 11:07:00,2592.70
2017-07-27 15:07:00,2587.09
2017-07-27 19:07:00,2579.82
2017-07-27 23:07:00,2637.61
2017-07-28 03:07:00,2705.31
2017-07-28 07:07:00,2703.92
2017-07-28 11:07:00,2780.35
2017-07-28 15:07:00,2782.88
2017-07-28 19:07:00,2776.86
2017-07-28 23:07:00,2784.85
2017-07-29 03:07:00,2758.48
2017-07-29 07:07:00,2734.59
2017-07-29 11:07:00,2729.19
2017-07-29 15:07:00,2711.14
2017-07-29 19:07:00,2737.06
2017-07-29 23:07:00,2718.75
2017-07-30 03:07:00,2709.54
2017-07-30 07:07:00,2652.28
2017-07-30 11:07:00,2655.42
2017-07-30 15:07:00,2703.42
2017-07-30 19:07:00,2737.80
2017-07-30 23:07:00,2737.43
2017-07-31 03:07:00,2726.68
2017-07-31 07:07:00,2733.68
2017-07-31 11:07:00,2760.15
2017-07-31 15:07:00,2794.40
2017-07-31 19:07:00,2813.66
2017-07-31 23:07:00,2874.06
2017-08-01 03:08:00,2856.76
2017-08-01 07:08:00,2877.99
2017-08-01 11:08:00,2763.74
2017-08-01 15:08:00,2716.32
2017-08-01 19:08:00,2741.43
2017-08-01 23:08:00,2750.99
2017-08-02 03:08:00,2733.77
2017-08-02 07:08:00,2751.37
2017-08-02 11:08:00,2734.98
2017-08-02 15:08:00,2712.95
2017-08-02 19:08:00,2722.28
2017-08-02 23:08:00,2688.30
2017-08-03 03:08:00,2722.84
2017-08-03 07:08:00,2733.20
2017-08-03 11:08:00,2754.79
2017-08-03 15:08:00,2757.27
2017-08-03 19:08:00,2786.50
2017-08-03 23:08:00,2800.93
2017-08-04 03:08:00,2801.68
2017-08-04 07:08:00,2797.07
2017-08-04 11:08:00,2857.41
2017-08-04 15:08:00,2868.76
2017-08-04 19:08:00,2861.70
2017-08-04 23:08:00,2861.02
2017-08-05 03:08:00,3023.21
2017-08-05 07:08:00,3138.25
2017-08-05 11:08:00,3184.35
2017-08-05 15:08:00,3192.64
2017-08-05 19:08:00,3282.26
2017-08-05 23:08:00,3235.64
2017-08-06 03:08:00,3255.38
2017-08-06 07:08:00,3206.77
2017-08-06 11:08:00,3192.16
2017-08-06 15:08:00,3231.71
2017-08-06 19:08:00,3274.43
2017-08-06 23:08:00,3253.93
2017-08-07 03:08:00,3221.95
2017-08-07 07:08:00,3247.85
2017-08-07 11:08:00,3303.79
2017-08-07 15:08:00,3391.98
2017-08-07 19:08:00,3361.69
2017-08-07 23:08:00,3375.78
2017-08-08 03:08:00,3406.28
2017-08-08 07:08:00,3446.37
2017-08-08 11:08:00,3456.00
2017-08-08 15:08:00,3407.72
2017-08-08 19:08:00,3394.97
2017-08-08 23:08:00,3438.83
2017-08-09 03:08:00,3394.13
2017-08-09 07:08:00,3388.92
2017-08-09 11:08:00,3320.44
2017-08-09 15:08:00,3289.34
2017-08-09 19:08:00,3322.15
2017-08-09 23:08:00,3352.51
2017-08-10 03:08:00,3347.56
2017-08-10 07:08:00,3375.09
2017-08-10 11:08:00,3410.80
2017-08-10 15:08:00,3427.37
2017-08-10 19:08:00,3428.69
2017-08-10 23:08:00,3425.82
2017-08-11 03:08:00,3426.17
2017-08-11 07:08:00,3473.61
2017-08-11 11:08:00,3492.30
2017-08-11 15:08:00,3541.49
2017-08-11 19:08:00,3541.80
2017-08-11 23:08:00,3626.09
2017-08-12 03:08:00,3646.29
2017-08-12 07:08:00,3743.06
2017-08-12 11:08:00,3764.90
2017-08-12 15:08:00,3813.60
2017-08-12 19:08:00,3886.37
2017-08-12 23:08:00,3814.05
2017-08-13 03:08:00,4008.57
2017-08-13 07:08:00,4065.39
2017-08-13 11:08:00,4076.27
2017-08-13 15:08:00,3951.21
2017-08-13 19:08:00,4035.81
2017-08-13 23:08:00,4067.83
2017-08-14 03:08:00,4057.81
2017-08-14 07:08:00,4056.75
2017-08-14 11:08:00,4174.11
2017-08-14 15:08:00,4246.75
2017-08-14 19:08:00,4270.97
2017-08-14 23:08:00,4275.20
2017-08-15 03:08:00,4380.56
2017-08-15 07:08:00,4318.20
2017-08-15 11:08:00,4112.18
2017-08-15 15:08:00,3961.60
2017-08-15 19:08:00,4081.18
2017-08-15 23:08:00,4118.40
2017-08-16 03:08:00,4120.48
2017-08-16 07:08:00,4028.63
2017-08-16 11:08:00,4120.19
2017-08-16 15:08:00,4200.78
2017-08-16 19:08:00,4312.41
2017-08-16 23:08:00,4346.74
2017-08-17 03:08:00,4330.55
2017-08-17 07:08:00,4316.42
2017-08-17 11:08:00,4432.99
2017-08-17 15:08:00,4430.25
2017-08-17 19:08:00,4285.75
2017-08-17 23:08:00,4317.56
2017-08-18 03:08:00,4257.17
2017-08-18 07:08:00,4292.87
2017-08-18 11:08:00,4320.18
2017-08-18 15:08:00,4260.56
2017-08-18 19:08:00,4142.49
2017-08-18 23:08:00,4057.76
2017-08-19 03:08:00,4157.20
2017-08-19 07:08:00,4042.26
2017-08-19 11:08:00,4015.85
2017-08-19 15:08:00,4049.03
2017-08-19 19:08:00,4048.32
2017-08-19 23:08:00,4143.20
2017-08-20 03:08:00,4090.64
2017-08-20 07:08:00,4110.66
2017-08-20 11:08:00,4113.26
2017-08-20 15:08:00,4092.46
2017-08-20 19:08:00,4130.55
2017-08-20 23:08:00,4107.25
2017-08-21 03:08:00,4070.02
2017-08-21 07:08:00,4017.48
2017-08-21 11:08:00,4060.96
2017-08-21 15:08:00,4018.32
2017-08-21 19:08:00,4012.08
2017-08-21 23:08:00,4010.42
2017-08-22 03:08:00,3891.97
2017-08-22 07:08:00,3750.32
2017-08-22 11:08:00,3876.09
2017-08-22 15:08:00,3917.06
2017-08-22 19:08:00,4049.81
2017-08-22 23:08:00,4080.64
2017-08-23 03:08:00,4107.82
2017-08-23 07:08:00,4108.83
2017-08-23 11:08:00,4203.40
2017-08-23 15:08:00,4210.48
2017-08-23 19:08:00,4196.44
2017-08-23 23:08:00,4126.08
2017-08-24 03:08:00,4168.68
2017-08-24 07:08:00,4156.41
2017-08-24 11:08:00,4200.53
2017-08-24 15:08:00,4210.16
2017-08-24 19:08:00,4225.21
2017-08-24 23:08:00,4290.96
2017-08-25 03:08:00,4352.49
2017-08-25 07:08:00,4335.41
2017-08-25 11:08:00,4358.96
2017-08-25 15:08:00,4403.81
2017-08-25 19:08:00,4392.47
2017-08-25 23:08:00,4342.45
2017-08-26 03:08:00,4323.05
2017-08-26 07:08:00,4325.06
2017-08-26 11:08:00,4326.25
2017-08-26 15:08:00,4289.85
2017-08-26 19:08:00,4323.84
2017-08-26 23:08:00,4355.05
2017-08-27 03:08:00,4376.15
2017-08-27 07:08:00,4350.63
2017-08-27 11:08:00,4342.72
2017-08-27 15:08:00,4345.66
2017-08-27 19:08:00,4357.21
2017-08-27 23:08:00,4360.25
2017-08-28 03:08:00,4316.62
2017-08-28 07:08:00,4240.26
2017-08-28 11:08:00,4304.73
2017-08-28 15:08:00,4318.14
2017-08-28 19:08:00,4338.93
2017-08-28 23:08:00,4375.11
2017-08-29 03:08:00,4387.08
2017-08-29 07:08:00,4380.78
2017-08-29 11:08:00,4377.48
2017-08-29 15:08:00,4543.89
2017-08-29 19:08:00,4570.69
2017-08-29 23:08:00,4612.55
2017-08-30 03:08:00,4609.47
2017-08-30 07:08:00,4615.48
2017-08-30 11:08:00,4545.01
2017-08-30 15:08:00,4565.19
2017-08-30 19:08:00,4585.23
2017-08-30 23:08:00,4572.54
2017-08-31 03:08:00,4614.43
2017-08-31 07:08:00,4627.96
2017-08-31 11:08:00,4649.61
2017-08-31 15:08:00,4711.06
2017-08-31 19:08:00,4736.68
2017-08-31 23:08:00,4737.67
2017-09-01 03:09:00,4760.52
2017-09-01 07:09:00,4719.28
2017-09-01 11:09:00,4788.44
2017-09-01 15:09:00,4824.01
2017-09-01 19:09:00,4836.60
2017-09-01 23:09:00,4887.86
2017-09-02 03:09:00,4907.55
2017-09-02 07:09:00,4694.70
2017-09-02 11:09:00,4659.59
2017-09-02 15:09:00,4557.04
2017-09-02 19:09:00,4569.07
2017-09-02 23:09:00,4481.91
2017-09-03 03:09:00,4622.26
2017-09-03 07:09:00,4680.09
2017-09-03 11:09:00,4597.78
2017-09-03 15:09:00,4472.59
2017-09-03 19:09:00,4532.62
2017-09-03 23:09:00,4586.18
2017-09-04 03:09:00,4558.41
2017-09-04 07:09:00,4487.91
2017-09-04 11:09:00,4352.64
2017-09-04 15:09:00,4261.50
2017-09-04 19:09:00,4217.20
2017-09-04 23:09:00,4319.62
2017-09-05 03:09:00,4105.62
2017-09-05 07:09:00,4103.61
2017-09-05 11:09:00,4227.72
2017-09-05 15:09:00,4318.50
2017-09-05 19:09:00,4378.86
2017-09-05 23:09:00,4442.15
2017-09-06 03:09:00,4473.55
2017-09-06 07:09:00,4460.30
2017-09-06 11:09:00,4563.46
2017-09-06 15:09:00,4566.99
2017-09-06 19:09:00,4624.91
2017-09-06 23:09:00,4599.01
2017-09-07 03:09:00,4540.59
2017-09-07 07:09:00,4529.50
2017-09-07 11:09:00,4592.78
2017-09-07 15:09:00,4666.31
2017-09-07 19:09:00,4651.51
2017-09-07 23:09:00,4622.96
2017-09-08 03:09:00,4612.68
2017-09-08 07:09:00,4630.65
2017-09-08 11:09:00,4667.93
2017-09-08 15:09:00,4369.68
2017-09-08 19:09:00,4340.44
2017-09-08 23:09:00,4220.09
2017-09-09 03:09:00,4278.73
2017-09-09 07:09:00,4351.62
2017-09-09 11:09:00,4352.89
2017-09-09 15:09:00,4322.92
2017-09-09 19:09:00,4255.18
2017-09-09 23:09:00,4317.35
2017-09-10 03:09:00,4283.26
2017-09-10 07:09:00,4113.32
2017-09-10 11:09:00,4106.47
2017-09-10 15:09:00,4163.94
2017-09-10 19:09:00,4272.82
2017-09-10 23:09:00,4275.05
2017-09-11 03:09:00,4291.10
2017-09-11 07:09:00,4204.37
2017-09-11 11:09:00,4190.33
2017-09-11 15:09:00,4246.57
2017-09-11 19:09:00,4241.69
2017-09-11 23:09:00,4209.54
2017-09-12 03:09:00,4256.39
2017-09-12 07:09:00,4334.78
2017-09-12 11:09:00,4328.61
2017-09-12 15:09:00,4295.48
2017-09-12 19:09:00,4151.95
2017-09-12 23:09:00,4174.72
2017-09-13 03:09:00,4057.58
2017-09-13 07:09:00,3976.32
2017-09-13 11:09:00,3899.58
2017-09-13 15:09:00,3827.05
2017-09-13 19:09:00,3907.46
2017-09-13 23:09:00,3909.84
2017-09-14 03:09:00,3884.40
2017-09-14 07:09:00,3838.55
2017-09-14 11:09:00,3709.53
2017-09-14 15:09:00,3547.90
2017-09-14 19:09:00,3387.68
2017-09-14 23:09:00,3320.14
2017-09-15 03:09:00,3366.60
2017-09-15 07:09:00,3207.88
2017-09-15 11:09:00,3064.52
2017-09-15 15:09:00,3427.94
2017-09-15 19:09:00,3632.77
2017-09-15 23:09:00,3746.37
2017-09-16 03:09:00,3777.80
2017-09-16 07:09:00,3831.52
2017-09-16 11:09:00,3690.35
2017-09-16 15:09:00,3623.38
2017-09-16 19:09:00,3673.54
2017-09-16 23:09:00,3714.19
2017-09-17 03:09:00,3653.04
2017-09-17 07:09:00,3597.66
2017-09-17 11:09:00,3564.08
2017-09-17 15:09:00,3664.02
2017-09-17 19:09:00,3748.86
2017-09-17 23:09:00,3727.82
2017-09-18 03:09:00,3788.08
2017-09-18 07:09:00,3892.04
2017-09-18 11:09:00,3955.03
2017-09-18 15:09:00,4046.50
2017-09-18 19:09:00,3999.71
2017-09-18 23:09:00,4070.21
2017-09-19 03:09:00,4012.77
2017-09-19 07:09:00,3920.82
2017-09-19 11:09:00,3989.31
2017-09-19 15:09:00,3995.56
2017-09-19 19:09:00,3972.68
2017-09-19 23:09:00,3917.03
2017-09-20 03:09:00,3914.05
2017-09-20 07:09:00,3905.71
2017-09-20 11:09:00,3930.26
2017-09-20 15:09:00,3997.88
2017-09-20 19:09:00,4006.38
2017-09-20 23:09:00,3936.06
2017-09-21 03:09:00,3855.43
2017-09-21 07:09:00,3866.22
2017-09-21 11:09:00,3878.84
2017-09-21 15:09:00,3772.54
2017-09-21 19:09:00,3674.95
2017-09-21 23:09:00,3641.74
2017-09-22 03:09:00,3668.44
2017-09-22 07:09:00,3718.90
2017-09-22 11:09:00,3605.41
2017-09-22 15:09:00,3565.01
2017-09-22 19:09:00,3561.92
2017-09-22 23:09:00,3618.16
2017-09-23 03:09:00,3604.04
2017-09-23 07:09:00,3693.62
2017-09-23 11:09:00,3760.27
2017-09-23 15:09:00,3776.83
2017-09-23 19:09:00,3763.11
2017-09-23 23:09:00,3774.01
2017-09-24 03:09:00,3774.86
2017-09-24 07:09:00,3684.08
2017-09-24 11:09:00,3680.46
2017-09-24 15:09:00,3715.42
2017-09-24 19:09:00,3691.39
2017-09-24 23:09:00,3680.77
2017-09-25 03:09:00,3748.48
2017-09-25 07:09:00,3795.23
2017-09-25 11:09:00,3765.25
2017-09-25 15:09:00,3879.78
2017-09-25 19:09:00,3930.66
2017-09-25 23:09:00,3946.19
2017-09-26 03:09:00,3942.43
2017-09-26 07:09:00,3892.26
2017-09-26 11:09:00,3943.90
2017-09-26 15:09:00,3957.38
2017-09-26 19:09:00,3918.99
2017-09-26 23:09:00,3912.44
2017-09-27 03:09:00,3933.75
2017-09-27 07:09:00,3953.09
2017-09-27 11:09:00,4041.13
2017-09-27 15:09:00,4088.49
2017-09-27 19:09:00,4154.17
2017-09-27 23:09:00,4198.00
2017-09-28 03:09:00,4162.79
2017-09-28 07:09:00,4240.17
2017-09-28 11:09:00,4226.09
2017-09-28 15:09:00,4164.55
2017-09-28 19:09:00,4180.66
2017-09-28 23:09:00,4188.24
2017-09-29 03:09:00,4098.14
2017-09-29 07:09:00,4074.23
2017-09-29 11:09:00,4150.73
2017-09-29 15:09:00,4204.45
2017-09-29 19:09:00,4199.47
2017-09-29 23:09:00,4188.06
2017-09-30 03:09:00,4222.38
2017-09-30 07:09:00,4269.18
2017-09-30 11:09:00,4304.48
2017-09-30 15:09:00,4326.48
2017-09-30 19:09:00,4342.60
2017-09-30 23:09:00,4368.73
2017-10-01 03:10:00,4333.25
2017-10-01 07:10:00,4322.52
2017-10-01 11:10:00,4324.19
2017-10-01 15:10:00,4282.00
2017-10-01 19:10:00,4320.61
2017-10-01 23:10:00,4382.81
2017-10-02 03:10:00,4416.06
2017-10-02 07:10:00,4442.69
2017-10-02 11:10:00,4447.61
2017-10-02 15:10:00,4408.70
2017-10-02 19:10:00,4401.44
2017-10-02 23:10:00,4398.78
2017-10-03 03:10:00,4418.35
2017-10-03 07:10:00,4321.18
2017-10-03 11:10:00,4306.27
2017-10-03 15:10:00,4270.31
2017-10-03 19:10:00,4296.72
2017-10-03 23:10:00,4301.91
2017-10-04 03:10:00,4312.42
2017-10-04 07:10:00,4337.05
2017-10-04 11:10:00,4260.74
2017-10-04 15:10:00,4214.59
2017-10-04 19:10:00,4212.28
2017-10-04 23:10:00,4224.54
2017-10-05 03:10:00,4222.48
2017-10-05 07:10:00,4165.98
2017-10-05 11:10:00,4215.92
2017-10-05 15:10:00,4312.13
2017-10-05 19:10:00,4331.77
2017-10-05 23:10:00,4352.08
2017-10-06 03:10:00,4330.36
2017-10-06 07:10:00,4386.04
2017-10-06 11:10:00,4410.52
2017-10-06 15:10:00,4383.39
2017-10-06 19:10:00,4360.86
2017-10-06 23:10:00,4362.78
2017-10-07 03:10:00,4382.32
2017-10-07 07:10:00,4368.40
2017-10-07 11:10:00,4347.10
2017-10-07 15:10:00,4354.50
2017-10-07 19:10:00,4357.10
2017-10-07 23:10:00,4422.35
2017-10-08 03:10:00,4446.05
2017-10-08 07:10:00,4449.96
2017-10-08 11:10:00,4471.25
2017-10-08 15:10:00,4528.51
2017-10-08 19:10:00,4575.10
2017-10-08 23:10:00,4607.24
2017-10-09 03:10:00,4611.00
2017-10-09 07:10:00,4592.44
2017-10-09 11:10:00,4597.15
2017-10-09 15:10:00,4636.24
2017-10-09 19:10:00,4756.77
2017-10-09 23:10:00,4795.27
2017-10-10 03:10:00,4826.51
2017-10-10 07:10:00,4825.03
2017-10-10 11:10:00,4797.88
2017-10-10 15:10:00,4820.62
2017-10-10 19:10:00,4883.26
2017-10-10 23:10:00,4796.47
2017-10-11 03:10:00,4762.50
2017-10-11 07:10:00,4766.21
2017-10-11 11:10:00,4814.10
2017-10-11 15:10:00,4793.32
2017-10-11 19:10:00,4853.12
2017-10-11 23:10:00,4825.64
2017-10-12 03:10:00,4847.78
2017-10-12 07:10:00,4924.27
2017-10-12 11:10:00,5143.42
2017-10-12 15:10:00,5230.01
2017-10-12 19:10:00,5315.77
2017-10-12 23:10:00,5354.34
2017-10-13 03:10:00,5615.67
2017-10-13 07:10:00,5610.25
2017-10-13 11:10:00,5672.39
2017-10-13 15:10:00,5695.93
2017-10-13 19:10:00,5639.91
2017-10-13 23:10:00,5591.01
2017-10-14 03:10:00,5651.85
2017-10-14 07:10:00,5624.27
2017-10-14 11:10:00,5676.13
2017-10-14 15:10:00,5712.96
2017-10-14 19:10:00,5729.63
2017-10-14 23:10:00,5775.63
2017-10-15 03:10:00,5821.28
2017-10-15 07:10:00,5767.21
2017-10-15 11:10:00,5555.30
2017-10-15 15:10:00,5522.26
2017-10-15 19:10:00,5512.78
2017-10-15 23:10:00,5655.60
2017-10-16 03:10:00,5672.19
2017-10-16 07:10:00,5636.15
2017-10-16 11:10:00,5677.63
2017-10-16 15:10:00,5705.64
2017-10-16 19:10:00,5679.79
2017-10-16 23:10:00,5744.40
2017-10-17 03:10:00,5664.91
2017-10-17 07:10:00,5651.77
2017-10-17 11:10:00,5608.92
2017-10-17 15:10:00,5566.57
2017-10-17 19:10:00,5610.49
2017-10-17 23:10:00,5592.27
2017-10-18 03:10:00,5497.42
2017-10-18 07:10:00,5408.01
2017-10-18 11:10:00,5313.98
2017-10-18 15:10:00,5222.96
2017-10-18 19:10:00,5400.26
2017-10-18 23:10:00,5518.22
2017-10-19 03:10:00,5594.45
2017-10-19 07:10:00,5616.45
2017-10-19 11:10:00,5675.31
2017-10-19 15:10:00,5687.58
2017-10-19 19:10:00,5659.62
2017-10-19 23:10:00,5695.82
2017-10-20 03:10:00,5695.01
2017-10-20 07:10:00,5664.70
2017-10-20 11:10:00,5661.08
2017-10-20 15:10:00,5885.85
2017-10-20 19:10:00,5972.46
2017-10-20 23:10:00,6001.45
2017-10-21 03:10:00,6047.42
2017-10-21 07:10:00,6085.95
2017-10-21 11:10:00,6092.14
2017-10-21 15:10:00,6134.62
2017-10-21 19:10:00,6010.01
2017-10-21 23:10:00,6062.95
2017-10-22 03:10:00,5987.31
2017-10-22 07:10:00,5849.18
2017-10-22 11:10:00,5816.26
2017-10-22 15:10:00,5914.10
2017-10-22 19:10:00,5923.81
2017-10-22 23:10:00,5930.26
2017-10-23 03:10:00,5973.80
2017-10-23 07:10:00,5942.02
2017-10-23 11:10:00,5838.94
2017-10-23 15:10:00,5732.39
2017-10-23 19:10:00,5838.60
2017-10-23 23:10:00,5900.03
2017-10-24 03:10:00,5683.68
2017-10-24 07:10:00,5696.42
2017-10-24 11:10:00,5677.95
2017-10-24 15:10:00,5637.26
2017-10-24 19:10:00,5694.93
2017-10-24 23:10:00,5536.38
2017-10-25 03:10:00,5439.94
2017-10-25 07:10:00,5525.95
2017-10-25 11:10:00,5571.94
2017-10-25 15:10:00,5481.28
2017-10-25 19:10:00,5545.25
2017-10-25 23:10:00,5678.56
2017-10-26 03:10:00,5731.78
2017-10-26 07:10:00,5726.58
2017-10-26 11:10:00,5786.36
2017-10-26 15:10:00,5925.71
2017-10-26 19:10:00,5900.77
2017-10-26 23:10:00,5858.61
2017-10-27 03:10:00,5953.95
2017-10-27 07:10:00,5848.06
2017-10-27 11:10:00,5872.45
2017-10-27 15:10:00,5756.46
2017-10-27 19:10:00,5741.77
2017-10-27 23:10:00,5759.81
2017-10-28 03:10:00,5797.77
2017-10-28 07:10:00,5767.98
2017-10-28 11:10:00,5712.96
2017-10-28 15:10:00,5693.74
2017-10-28 19:10:00,5740.37
2017-10-28 23:10:00,5743.13
2017-10-29 03:10:00,5701.46
2017-10-29 06:10:00,5774.08
2017-10-29 10:10:00,5801.18
2017-10-29 14:10:00,5880.00
2017-10-29 18:10:00,6009.39
2017-10-29 22:10:00,6198.69
2017-10-30 02:10:00,6130.47
2017-10-30 06:10:00,6152.81
2017-10-30 10:10:00,6182.05
2017-10-30 14:10:00,6099.44
2017-10-30 18:10:00,6095.30
2017-10-30 22:10:00,6113.55
2017-10-31 02:10:00,6142.72
2017-10-31 06:10:00,6137.44
2017-10-31 10:10:00,6176.43
2017-10-31 14:10:00,6330.98
2017-10-31 18:10:00,6350.16
2017-10-31 22:10:00,6382.75
2017-11-01 02:11:00,6413.62
2017-11-01 06:11:00,6384.58
2017-11-01 10:11:00,6526.27
2017-11-01 14:11:00,6512.88
2017-11-01 18:11:00,6589.50
2017-11-01 22:11:00,6634.23
2017-11-02 02:11:00,6819.78
2017-11-02 06:11:00,6899.92
2017-11-02 10:11:00,7027.57
2017-11-02 14:11:00,7010.17
2017-11-02 18:11:00,6942.98
2017-11-02 22:11:00,7051.17
2017-11-03 02:11:00,7075.74
2017-11-03 06:11:00,7229.14
2017-11-03 10:11:00,7354.61
2017-11-03 14:11:00,7262.49
2017-11-03 18:11:00,7298.69
2017-11-03 22:11:00,7176.78
2017-11-04 02:11:00,7077.69
2017-11-04 06:11:00,7191.75
2017-11-04 10:11:00,7134.22
2017-11-04 14:11:00,7272.70
2017-11-04 18:11:00,7366.21
2017-11-04 22:11:00,7434.89
2017-11-05 02:11:00,7361.35
2017-11-05 06:11:00,7430.05
2017-11-05 10:11:00,7491.17
2017-11-05 14:11:00,7550.42
2017-11-05 18:11:00,7539.66
2017-11-05 22:11:00,7413.90
2017-11-06 02:11:00,7304.25
2017-11-06 06:11:00,7235.28
2017-11-06 10:11:00,7328.63
2017-11-06 14:11:00,7321.74
2017-11-06 18:11:00,7074.77
2017-11-06 22:11:00,7060.72
2017-11-07 02:11:00,7071.69
2017-11-07 06:11:00,7163.76
2017-11-07 10:11:00,7174.11
2017-11-07 14:11:00,7075.86
2017-11-07 18:11:00,7063.55
2017-11-07 22:11:00,7064.85
2017-11-08 02:11:00,7260.22
2017-11-08 06:11:00,7366.90
2017-11-08 10:11:00,7402.04
2017-11-08 14:11:00,7487.80
2017-11-08 18:11:00,7490.24
2017-11-08 22:11:00,7296.29
2017-11-09 02:11:00,7371.81
2017-11-09 06:11:00,7369.17
2017-11-09 10:11:00,7202.34
2017-11-09 14:11:00,7141.31
2017-11-09 18:11:00,7178.29
2017-11-09 22:11:00,7122.91
2017-11-10 02:11:00,7247.37
2017-11-10 06:11:00,7224.05
2017-11-10 10:11:00,7014.43
2017-11-10 14:11:00,6791.87
2017-11-10 18:11:00,6658.81
2017-11-10 22:11:00,6578.69
2017-11-11 02:11:00,6732.72
2017-11-11 06:11:00,6703.40
2017-11-11 10:11:00,6620.03
2017-11-11 14:11:00,6381.72
2017-11-11 18:11:00,6333.76
2017-11-11 22:11:00,6373.46
2017-11-12 02:11:00,6172.76
2017-11-12 06:11:00,5860.59
2017-11-12 10:11:00,6250.70
2017-11-12 14:11:00,6184.72
2017-11-12 18:11:00,6130.89
2017-11-12 22:11:00,5838.61
2017-11-13 02:11:00,5941.13
2017-11-13 06:11:00,6195.30
2017-11-13 10:11:00,6396.60
2017-11-13 14:11:00,6600.05
2017-11-13 18:11:00,6438.62
2017-11-13 22:11:00,6473.47
2017-11-14 02:11:00,6641.16
2017-11-14 06:11:00,6600.32
2017-11-14 10:11:00,6538.36
2017-11-14 14:11:00,6497.89
2017-11-14 18:11:00,6554.93
2017-11-14 22:11:00,6606.74
2017-11-15 02:11:00,6795.91
2017-11-15 06:11:00,6864.54
2017-11-15 10:11:00,6906.52
2017-11-15 14:11:00,7162.89
2017-11-15 18:11:00,7178.55
2017-11-15 22:11:00,7267.70
2017-11-16 02:11:00,7188.69
2017-11-16 06:11:00,7278.10
2017-11-16 10:11:00,7449.49
2017-11-16 14:11:00,7445.58
2017-11-16 18:11:00,7667.12
2017-11-16 22:11:00,7824.10
2017-11-17 02:11:00,7923.01
2017-11-17 06:11:00,7789.19
2017-11-17 10:11:00,7751.98
2017-11-17 14:11:00,7870.94
2017-11-17 18:11:00,7855.70
2017-11-17 22:11:00,7713.42
2017-11-18 02:11:00,7568.87
2017-11-18 06:11:00,7664.32
2017-11-18 10:11:00,7748.31
2017-11-18 14:11:00,7699.14
2017-11-18 18:11:00,7722.11
2017-11-18 22:11:00,7802.00
2017-11-19 02:11:00,7790.74
2017-11-19 06:11:00,7749.93
2017-11-19 10:11:00,7756.58
2017-11-19 14:11:00,7756.10
2017-11-19 18:11:00,7955.02
2017-11-19 22:11:00,8042.13
2017-11-20 02:11:00,8007.95
2017-11-20 06:11:00,8004.86
2017-11-20 10:11:00,8044.23
2017-11-20 14:11:00,8179.32
2017-11-20 18:11:00,8242.99
2017-11-20 22:11:00,8256.70
2017-11-21 02:11:00,8061.28
2017-11-21 06:11:00,7998.99
2017-11-21 10:11:00,8196.18
2017-11-21 14:11:00,8281.93
2017-11-21 18:11:00,8245.90
2017-11-21 22:11:00,8121.60
2017-11-22 02:11:00,8144.54
2017-11-22 06:11:00,8175.81
2017-11-22 10:11:00,8279.24
2017-11-22 14:11:00,8215.92
2017-11-22 18:11:00,8172.29
2017-11-22 22:11:00,8225.19
2017-11-23 02:11:00,8221.96
2017-11-23 06:11:00,8218.79
2017-11-23 10:11:00,8137.76
2017-11-23 14:11:00,8186.31
2017-11-23 18:11:00,8151.77
2017-11-23 22:11:00,8114.73
2017-11-24 02:11:00,8006.76
2017-11-24 06:11:00,8135.57
2017-11-24 10:11:00,8230.17
2017-11-24 14:11:00,8203.93
2017-11-24 18:11:00,8247.70
2017-11-24 22:11:00,8241.72
2017-11-25 02:11:00,8193.03
2017-11-25 06:11:00,8253.11
2017-11-25 10:11:00,8421.58
2017-11-25 14:11:00,8582.82
2017-11-25 18:11:00,8673.72
2017-11-25 22:11:00,8713.16
2017-11-26 02:11:00,8824.69
2017-11-26 06:11:00,8979.43
2017-11-26 10:11:00,8933.65
2017-11-26 14:11:00,9013.47
2017-11-26 18:11:00,9290.23
2017-11-26 22:11:00,9290.64
2017-11-27 02:11:00,9561.53
2017-11-27 06:11:00,9646.87
2017-11-27 10:11:00,9538.63
2017-11-27 14:11:00,9644.20
2017-11-27 18:11:00,9558.74
2017-11-27 22:11:00,9651.70
2017-11-28 02:11:00,9700.56
2017-11-28 06:11:00,9825.51
2017-11-28 10:11:00,9870.07
2017-11-28 14:11:00,9877.43
2017-11-28 18:11:00,9930.96
2017-11-28 22:11:00,9932.43
2017-11-29 02:11:00,10110.05
2017-11-29 06:11:00,10450.66
2017-11-29 10:11:00,10734.07
2017-11-29 14:11:00,10980.84
2017-11-29 18:11:00,10248.99
2017-11-29 22:11:00,9879.32
2017-11-30 02:11:00,10304.83
2017-11-30 06:11:00,10317.76
2017-11-30 10:11:00,9941.80
2017-11-30 14:11:00,9371.48
2017-11-30 18:11:00,9576.70
2017-11-30 22:11:00,9782.34
2017-12-01 02:12:00,9817.66
2017-12-01 06:12:00,9650.73
2017-12-01 10:12:00,9868.79
2017-12-01 14:12:00,10459.51
2017-12-01 18:12:00,10552.97
2017-12-01 22:12:00,10805.73
2017-12-02 02:12:00,10984.15
2017-12-02 06:12:00,10842.85
2017-12-02 10:12:00,11040.23
2017-12-02 14:12:00,10927.41
2017-12-02 18:12:00,10898.90
2017-12-02 22:12:00,10973.11
2017-12-03 02:12:00,10909.72
2017-12-03 06:12:00,11071.13
2017-12-03 10:12:00,11322.41
2017-12-03 14:12:00,11672.63
2017-12-03 18:12:00,11729.25
2017-12-03 22:12:00,11183.02
2017-12-04 02:12:00,11338.16
2017-12-04 06:12:00,11461.54
2017-12-04 10:12:00,11387.61
2017-12-04 14:12:00,11214.43
2017-12-04 18:12:00,11250.30
2017-12-04 22:12:00,11500.86
2017-12-05 02:12:00,11594.47
2017-12-05 06:12:00,11599.46
2017-12-05 10:12:00,11703.52
2017-12-05 14:12:00,11802.73
2017-12-05 18:12:00,11700.42
2017-12-05 22:12:00,11724.46
2017-12-06 02:12:00,11999.11
2017-12-06 06:12:00,12315.44
2017-12-06 10:12:00,12588.28
2017-12-06 14:12:00,12707.35
2017-12-06 18:12:00,12786.07
2017-12-06 22:12:00,13422.71
2017-12-07 02:12:00,13899.88
2017-12-07 06:12:00,14114.25
2017-12-07 10:12:00,14765.56
2017-12-07 14:12:00,15266.71
2017-12-07 18:12:00,15910.52
2017-12-07 22:12:00,16460.05
2017-12-08 02:12:00,17025.02
2017-12-08 06:12:00,15852.39
2017-12-08 10:12:00,15345.54
2017-12-08 14:12:00,15405.04
2017-12-08 18:12:00,15363.74
2017-12-08 22:12:00,15671.59
2017-12-09 02:12:00,15839.85
2017-12-09 06:12:00,15468.44
2017-12-09 10:12:00,14998.68
2017-12-09 14:12:00,14945.45
2017-12-09 18:12:00,14115.01
2017-12-09 22:12:00,14686.81
2017-12-10 02:12:00,13847.28
2017-12-10 06:12:00,13517.98
2017-12-10 10:12:00,13641.12
2017-12-10 14:12:00,14926.94
2017-12-10 18:12:00,15399.01
2017-12-10 22:12:00,15140.81
2017-12-11 02:12:00,16037.55
2017-12-11 06:12:00,16410.55
2017-12-11 10:12:00,16535.70
2017-12-11 14:12:00,16381.37
2017-12-11 18:12:00,16539.72
2017-12-11 22:12:00,17078.70
2017-12-12 02:12:00,16664.51
2017-12-12 06:12:00,16489.35
2017-12-12 10:12:00,16833.52
2017-12-12 14:12:00,16902.78
2017-12-12 18:12:00,17329.08
2017-12-12 22:12:00,17192.92
2017-12-13 02:12:00,16796.43
2017-12-13 06:12:00,16647.39
2017-12-13 10:12:00,16617.77
2017-12-13 14:12:00,16998.54
2017-12-13 18:12:00,16281.19
2017-12-13 22:12:00,16404.82
2017-12-14 02:12:00,16220.18
2017-12-14 06:12:00,16317.10
2017-12-14 10:12:00,16623.54
2017-12-14 14:12:00,16566.72
2017-12-14 18:12:00,16500.48
2017-12-14 22:12:00,16449.95
2017-12-15 02:12:00,17176.29
2017-12-15 06:12:00,17238.23
2017-12-15 10:12:00,17625.72
2017-12-15 14:12:00,17760.32
2017-12-15 18:12:00,17667.38
2017-12-15 22:12:00,17570.23
2017-12-16 02:12:00,17522.97
2017-12-16 06:12:00,17765.65
2017-12-16 10:12:00,17921.73
2017-12-16 14:12:00,18464.11
2017-12-16 18:12:00,18880.41
2017-12-16 22:12:00,19345.19
2017-12-17 02:12:00,19184.46
2017-12-17 06:12:00,19321.10
2017-12-17 10:12:00,19606.66
2017-12-17 14:12:00,19587.69
2017-12-17 18:12:00,19073.13
2017-12-17 22:12:00,19159.69
2017-12-18 02:12:00,18467.78
2017-12-18 06:12:00,18859.80
2017-12-18 10:12:00,18882.28
2017-12-18 14:12:00,18699.50
2017-12-18 18:12:00,18588.43
2017-12-18 22:12:00,18765.33
2017-12-19 02:12:00,18820.75
2017-12-19 06:12:00,18817.45
2017-12-19 10:12:00,18181.69
2017-12-19 14:12:00,17899.38
2017-12-19 18:12:00,18091.00
2017-12-19 22:12:00,17296.17
2017-12-20 02:12:00,16585.25
2017-12-20 06:12:00,16514.20
2017-12-20 10:12:00,17021.57
2017-12-20 14:12:00,17195.14
2017-12-20 18:12:00,16571.74
2017-12-20 22:12:00,16267.62
2017-12-21 02:12:00,16517.96
2017-12-21 06:12:00,16944.80
2017-12-21 10:12:00,16702.23
2017-12-21 14:12:00,15910.76
2017-12-21 18:12:00,15351.04
2017-12-21 22:12:00,15472.95
2017-12-22 02:12:00,14250.76
2017-12-22 06:12:00,13706.26
2017-12-22 10:12:00,13589.35
2017-12-22 14:12:00,12356.84
2017-12-22 18:12:00,12955.15
2017-12-22 22:12:00,14101.84
2017-12-23 02:12:00,14045.54
2017-12-23 06:12:00,14130.75
2017-12-23 10:12:00,14551.77
2017-12-23 14:12:00,15097.28
2017-12-23 18:12:00,14991.41
2017-12-23 22:12:00,14938.25
2017-12-24 02:12:00,13848.99
2017-12-24 06:12:00,13858.25
2017-12-24 10:12:00,13058.43
2017-12-24 14:12:00,12898.01
2017-12-24 18:12:00,13004.79
2017-12-24 22:12:00,13350.86
2017-12-25 02:12:00,13638.25
2017-12-25 06:12:00,13713.90
2017-12-25 10:12:00,14037.08
2017-12-25 14:12:00,13927.36
2017-12-25 18:12:00,13930.99
2017-12-25 22:12:00,13844.19
2017-12-26 02:12:00,14177.52
2017-12-26 06:12:00,15129.87
2017-12-26 10:12:00,15173.29
2017-12-26 14:12:00,15486.63
2017-12-26 18:12:00,15929.75
2017-12-26 22:12:00,15918.03
2017-12-27 02:12:00,15880.43
2017-12-27 06:12:00,16397.46
2017-12-27 10:12:00,15956.93
2017-12-27 14:12:00,15582.54
2017-12-27 18:12:00,15018.74
2017-12-27 22:12:00,15204.74
2017-12-28 02:12:00,14682.42
2017-12-28 06:12:00,14175.19
2017-12-28 10:12:00,14028.58
2017-12-28 14:12:00,14204.28
2017-12-28 18:12:00,14003.50
2017-12-28 22:12:00,14101.86
2017-12-29 02:12:00,14691.23
2017-12-29 06:12:00,14956.40
2017-12-29 10:12:00,14390.69
2017-12-29 14:12:00,14364.57
2017-12-29 18:12:00,14707.14
2017-12-29 22:12:00,14490.69
2017-12-30 02:12:00,13750.74
2017-12-30 06:12:00,13511.45
2017-12-30 10:12:00,13411.35
2017-12-30 14:12:00,12626.78
2017-12-30 18:12:00,12625.07
2017-12-30 22:12:00,12949.66
2017-12-31 02:12:00,13082.94
2017-12-31 06:12:00,12977.49
2017-12-31 10:12:00,12897.97
2017-12-31 14:12:00,13303.53
2017-12-31 18:12:00,13964.36
2017-12-31 22:12:00,14118.68
2018-01-01 02:01:00,13615.52
2018-01-01 06:01:00,13738.43
2018-01-01 10:01:00,13550.44
2018-01-01 14:01:00,13206.02
2018-01-01 18:01:00,13255.61
2018-01-01 22:01:00,13606.17
2018-01-02 02:01:00,13683.51
2018-01-02 06:01:00,13242.33
2018-01-02 10:01:00,13640.66
2018-01-02 14:01:00,13881.41
2018-01-02 18:01:00,14584.55
2018-01-02 22:01:00,15011.91
2018-01-03 02:01:00,15015.41
2018-01-03 06:01:00,15292.56
2018-01-03 10:01:00,14992.98
2018-01-03 14:01:00,15004.02
2018-01-03 18:01:00,15046.77
2018-01-03 22:01:00,15030.74
2018-01-04 02:01:00,15294.33
2018-01-04 06:01:00,15043.05
2018-01-04 10:01:00,14570.79
2018-01-04 14:01:00,14636.73
2018-01-04 18:01:00,14909.33
2018-01-04 22:01:00,15105.45
2018-01-05 02:01:00,15202.23
2018-01-05 06:01:00,15087.60
2018-01-05 10:01:00,15895.94
2018-01-05 14:01:00,16085.91
2018-01-05 18:01:00,16486.88
2018-01-05 22:01:00,16892.06
2018-01-06 02:01:00,16935.73
2018-01-06 06:01:00,16652.47
2018-01-06 10:01:00,16700.83
2018-01-06 14:01:00,16565.12
2018-01-06 18:01:00,16932.72
2018-01-06 22:01:00,17120.89
2018-01-07 02:01:00,17009.41
2018-01-07 06:01:00,16722.59
2018-01-07 10:01:00,16917.22
2018-01-07 14:01:00,16638.94
2018-01-07 18:01:00,16191.81
2018-01-07 22:01:00,16372.39
2018-01-08 02:01:00,15970.08
2018-01-08 06:01:00,15917.03
2018-01-08 10:01:00,15522.65
2018-01-08 14:01:00,14781.31
2018-01-08 18:01:00,14946.59
2018-01-08 22:01:00,14911.55
2018-01-09 02:01:00,15303.76
2018-01-09 06:01:00,15216.94
2018-01-09 10:01:00,15000.33
2018-01-09 14:01:00,14598.44
2018-01-09 18:01:00,14950.33
2018-01-09 22:01:00,14592.52
2018-01-10 02:01:00,14258.35
2018-01-10 06:01:00,14297.56
2018-01-10 10:01:00,13833.96
2018-01-10 14:01:00,14097.77
2018-01-10 18:01:00,14590.92
2018-01-10 22:01:00,14608.81
2018-01-11 02:01:00,14134.58
2018-01-11 06:01:00,13356.08
2018-01-11 10:01:00,13661.38
2018-01-11 14:01:00,13958.39
2018-01-11 18:01:00,13854.04
2018-01-11 22:01:00,13362.16
2018-01-12 02:01:00,13373.80
2018-01-12 06:01:00,13759.09
2018-01-12 10:01:00,13886.72
2018-01-12 14:01:00,13980.15
2018-01-12 18:01:00,13694.30
2018-01-12 22:01:00,13867.11
2018-01-13 02:01:00,14174.00
2018-01-13 06:01:00,14299.30
2018-01-13 10:01:00,14340.96
2018-01-13 14:01:00,14479.15
2018-01-13 18:01:00,14365.29
2018-01-13 22:01:00,14295.64
2018-01-14 02:01:00,14357.59
2018-01-14 06:01:00,13922.71
2018-01-14 10:01:00,13655.26
2018-01-14 14:01:00,13377.41
2018-01-14 18:01:00,13466.78
2018-01-14 22:01:00,13566.94
2018-01-15 02:01:00,13669.03
2018-01-15 06:01:00,13775.25
2018-01-15 10:01:00,13788.90
2018-01-15 14:01:00,14175.39
2018-01-15 18:01:00,14082.18
2018-01-15 22:01:00,13809.42
2018-01-16 02:01:00,13150.38
2018-01-16 06:01:00,13006.77
2018-01-16 10:01:00,11936.62
2018-01-16 14:01:00,11962.19
2018-01-16 18:01:00,11526.41
2018-01-16 22:01:00,10839.46
2018-01-17 02:01:00,11143.27
2018-01-17 06:01:00,11067.00
2018-01-17 10:01:00,10354.72
2018-01-17 14:01:00,9790.15
2018-01-17 18:01:00,10120.88
2018-01-17 22:01:00,11088.55
2018-01-18 02:01:00,11450.88
2018-01-18 06:01:00,11132.96
2018-01-18 10:01:00,11297.93
2018-01-18 14:01:00,11868.43
2018-01-18 18:01:00,11691.88
2018-01-18 22:01:00,11450.32
2018-01-19 02:01:00,11189.21
2018-01-19 06:01:00,11336.17
2018-01-19 10:01:00,11651.96
2018-01-19 14:01:00,11630.03
2018-01-19 18:01:00,11404.39
2018-01-19 22:01:00,11441.82
2018-01-20 02:01:00,11747.94
2018-01-20 06:01:00,12428.76
2018-01-20 10:01:00,12677.81
2018-01-20 14:01:00,12627.17
2018-01-20 18:01:00,12901.86
2018-01-20 22:01:00,12900.03
2018-01-21 02:01:00,12621.76
2018-01-21 06:01:00,12201.26
2018-01-21 10:01:00,11982.42
2018-01-21 14:01:00,11966.70
2018-01-21 18:01:00,11466.23
2018-01-21 22:01:00,11355.26
2018-01-22 02:01:00,11556.48
2018-01-22 06:01:00,11687.99
2018-01-22 10:01:00,11775.48
2018-01-22 14:01:00,10796.25
2018-01-22 18:01:00,10620.25
2018-01-22 22:01:00,10459.41
2018-01-23 02:01:00,10881.49
2018-01-23 06:01:00,10521.50
2018-01-23 10:01:00,10419.17
2018-01-23 14:01:00,10451.65
2018-01-23 18:01:00,11222.57
2018-01-23 22:01:00,11074.75
2018-01-24 02:01:00,10773.89
2018-01-24 06:01:00,10885.29
2018-01-24 10:01:00,11091.21
2018-01-24 14:01:00,11368.42
2018-01-24 18:01:00,11153.63
2018-01-24 22:01:00,11301.52
2018-01-25 02:01:00,11547.06
2018-01-25 06:01:00,11600.77
2018-01-25 10:01:00,11413.08
2018-01-25 14:01:00,11213.29
2018-01-25 18:01:00,11143.72
2018-01-25 22:01:00,11312.37
2018-01-26 02:01:00,11509.19
2018-01-26 06:01:00,11375.32
2018-01-26 10:01:00,10648.93
2018-01-26 14:01:00,10790.63
2018-01-26 18:01:00,11158.75
2018-01-26 22:01:00,11015.91
2018-01-27 02:01:00,11136.05
2018-01-27 06:01:00,11296.24
2018-01-27 10:01:00,11199.99
2018-01-27 14:01:00,11266.22
2018-01-27 18:01:00,11548.93
2018-01-27 22:01:00,11590.22
2018-01-28 02:01:00,11569.80
2018-01-28 06:01:00,11907.68
2018-01-28 10:01:00,11853.37
2018-01-28 14:01:00,11786.04
2018-01-28 18:01:00,11774.48
2018-01-28 22:01:00,11835.44
2018-01-29 02:01:00,11610.13
2018-01-29 06:01:00,11484.41
2018-01-29 10:01:00,11364.85
2018-01-29 14:01:00,11290.15
2018-01-29 18:01:00,11343.32
2018-01-29 22:01:00,11268.05
2018-01-30 02:01:00,11048.35
2018-01-30 06:01:00,11104.54
2018-01-30 10:01:00,11020.51
2018-01-30 14:01:00,10584.55
2018-01-30 18:01:00,10157.90
2018-01-30 22:01:00,10220.85
2018-01-31 02:01:00,9938.34
2018-01-31 06:01:00,10051.78
2018-01-31 10:01:00,10228.36
2018-01-31 14:01:00,10167.74
2018-01-31 18:01:00,10068.46
2018-01-31 22:01:00,10136.16
2018-02-01 02:02:00,10186.15
2018-02-01 06:02:00,10193.84
2018-02-01 10:02:00,9767.33
2018-02-01 14:02:00,9373.47
2018-02-01 18:02:00,9056.20
2018-02-01 22:02:00,9075.42
2018-02-02 02:02:00,8867.90
2018-02-02 06:02:00,8683.31
2018-02-02 10:02:00,8327.74
2018-02-02 14:02:00,8443.70
2018-02-02 18:02:00,8868.67
2018-02-02 22:02:00,8761.04
2018-02-03 02:02:00,8565.36
2018-02-03 06:02:00,8546.24
2018-02-03 10:02:00,8960.14
2018-02-03 14:02:00,9302.43
2018-02-03 18:02:00,9329.07
2018-02-03 22:02:00,9298.04
2018-02-04 02:02:00,9160.63
2018-02-04 06:02:00,9315.83
2018-02-04 10:02:00,8951.05
2018-02-04 14:02:00,8642.87
2018-02-04 18:02:00,8420.46
2018-02-04 22:02:00,8148.31
2018-02-05 02:02:00,8143.74
2018-02-05 06:02:00,8194.28
2018-02-05 10:02:00,7815.31
2018-02-05 14:02:00,7507.39
2018-02-05 18:02:00,7055.19
2018-02-05 22:02:00,7084.20
2018-02-06 02:02:00,6585.63
2018-02-06 06:02:00,6252.02
2018-02-06 10:02:00,6485.37
2018-02-06 14:02:00,7048.13
2018-02-06 18:02:00,7188.69
2018-02-06 22:02:00,7722.42
2018-02-07 02:02:00,7540.37
2018-02-07 06:02:00,7494.20
2018-02-07 10:02:00,8027.63
2018-02-07 14:02:00,8336.57
2018-02-07 18:02:00,8226.39
2018-02-07 22:02:00,7916.22
2018-02-08 02:02:00,7905.04
2018-02-08 06:02:00,8149.77
2018-02-08 10:02:00,8463.26
2018-02-08 14:02:00,8474.63
2018-02-08 18:02:00,8275.62
2018-02-08 22:02:00,8294.10
2018-02-09 02:02:00,8031.22
2018-02-09 06:02:00,7959.63
2018-02-09 10:02:00,8242.97
2018-02-09 14:02:00,8407.93
2018-02-09 18:02:00,8635.35
2018-02-09 22:02:00,8634.89
2018-02-10 02:02:00,8915.79
2018-02-10 06:02:00,8970.52
2018-02-10 10:02:00,8729.94
2018-02-10 14:02:00,8576.56
2018-02-10 18:02:00,8418.81
2018-02-10 22:02:00,8415.02
2018-02-11 02:02:00,8258.69
2018-02-11 06:02:00,8073.99
2018-02-11 10:02:00,8050.07
2018-02-11 14:02:00,8377.03
2018-02-11 18:02:00,8351.79
2018-02-11 22:02:00,8237.67
2018-02-12 02:02:00,8404.45
2018-02-12 06:02:00,8509.25
2018-02-12 10:02:00,8789.80
2018-02-12 14:02:00,8706.03
2018-02-12 18:02:00,8754.28
2018-02-12 22:02:00,8911.54
2018-02-13 02:02:00,8831.05
2018-02-13 06:02:00,8676.67
2018-02-13 10:02:00,8527.40
2018-02-13 14:02:00,8621.78
2018-02-13 18:02:00,8651.31
2018-02-13 22:02:00,8658.14
2018-02-14 02:02:00,8706.84
2018-02-14 06:02:00,8864.12
2018-02-14 10:02:00,8892.92
2018-02-14 14:02:00,9222.88
2018-02-14 18:02:00,9326.48
2018-02-14 22:02:00,9404.33
2018-02-15 02:02:00,9589.74
2018-02-15 06:02:00,9771.77
2018-02-15 10:02:00,9766.07
2018-02-15 14:02:00,9801.88
2018-02-15 18:02:00,10074.53
2018-02-15 22:02:00,10068.20
2018-02-16 02:02:00,10210.90
2018-02-16 06:02:00,10014.73
2018-02-16 10:02:00,9895.13
2018-02-16 14:02:00,10018.16
2018-02-16 18:02:00,10072.94
2018-02-16 22:02:00,10162.00
2018-02-17 02:02:00,10372.31
2018-02-17 06:02:00,10696.92
2018-02-17 10:02:00,10816.42
2018-02-17 14:02:00,10762.30
2018-02-17 18:02:00,10829.72
2018-02-17 22:02:00,10981.12
2018-02-18 02:02:00,11134.76
2018-02-18 06:02:00,10689.44
2018-02-18 10:02:00,10451.91
2018-02-18 14:02:00,10740.15
2018-02-18 18:02:00,10722.84
2018-02-18 22:02:00,10677.61
2018-02-19 02:02:00,10551.88
2018-02-19 06:02:00,10654.43
2018-02-19 10:02:00,10953.69
2018-02-19 14:02:00,11072.01
2018-02-19 18:02:00,11146.71
2018-02-19 22:02:00,11169.71
2018-02-20 02:02:00,11444.08
2018-02-20 06:02:00,11558.01
2018-02-20 10:02:00,11413.36
2018-02-20 14:02:00,11566.11
2018-02-20 18:02:00,11705.00
2018-02-20 22:02:00,11477.01
2018-02-21 02:02:00,11088.04
2018-02-21 06:02:00,10929.03
2018-02-21 10:02:00,11087.23
2018-02-21 14:02:00,10733.17
2018-02-21 18:02:00,10556.13
2018-02-21 22:02:00,10428.64
2018-02-22 02:02:00,10685.99
2018-02-22 06:02:00,10834.64
2018-02-22 10:02:00,10352.99
2018-02-22 14:02:00,10011.86
2018-02-22 18:02:00,9953.44
2018-02-22 22:02:00,9999.39
2018-02-23 02:02:00,9738.16
2018-02-23 06:02:00,9904.21
2018-02-23 10:02:00,10107.71
2018-02-23 14:02:00,10336.13
2018-02-23 18:02:00,10188.65
2018-02-23 22:02:00,10077.00
2018-02-24 02:02:00,10396.39
2018-02-24 06:02:00,10272.99
2018-02-24 10:02:00,9901.23
2018-02-24 14:02:00,9766.85
2018-02-24 18:02:00,9716.21
2018-02-24 22:02:00,9569.44
2018-02-25 02:02:00,9702.40
2018-02-25 06:02:00,9811.47
2018-02-25 10:02:00,9710.62
2018-02-25 14:02:00,9499.85
2018-02-25 18:02:00,9469.00
2018-02-25 22:02:00,9646.34
2018-02-26 02:02:00,9720.17
2018-02-26 06:02:00,9612.10
2018-02-26 10:02:00,9635.82
2018-02-26 14:02:00,10160.07
2018-02-26 18:02:00,10274.90
2018-02-26 22:02:00,10378.61
2018-02-27 02:02:00,10318.81
2018-02-27 06:02:00,10431.71
2018-02-27 10:02:00,10745.31
2018-02-27 14:02:00,10738.77
2018-02-27 18:02:00,10678.53
2018-02-27 22:02:00,10754.67
2018-02-28 02:02:00,10811.05
2018-02-28 06:02:00,10933.22
2018-02-28 10:02:00,10640.11
2018-02-28 14:02:00,10534.55
2018-02-28 18:02:00,10539.36
2018-02-28 22:02:00,10628.40
2018-03-01 02:03:00,10382.03
2018-03-01 06:03:00,10491.58
2018-03-01 10:03:00,10736.96
2018-03-01 14:03:00,10798.64
2018-03-01 18:03:00,10901.25
2018-03-01 22:03:00,11006.61
2018-03-02 02:03:00,11134.28
2018-03-02 06:03:00,11126.63
2018-03-02 10:03:00,11018.87
2018-03-02 14:03:00,10947.95
2018-03-02 18:03:00,10929.12
2018-03-02 22:03:00,11073.95
2018-03-03 02:03:00,11277.32
2018-03-03 06:03:00,11398.68
2018-03-03 10:03:00,11369.80
2018-03-03 14:03:00,11464.10
2018-03-03 18:03:00,11536.31
2018-03-03 22:03:00,11398.48
2018-03-04 02:03:00,11358.13
2018-03-04 06:03:00,11215.83
2018-03-04 10:03:00,11229.37
2018-03-04 14:03:00,11210.57
2018-03-04 18:03:00,11327.25
2018-03-04 22:03:00,11474.81
2018-03-05 02:03:00,11525.41
2018-03-05 06:03:00,11582.70
2018-03-05 10:03:00,11535.09
2018-03-05 14:03:00,11563.25
2018-03-05 18:03:00,11620.98
2018-03-05 22:03:00,11644.70
2018-03-06 02:03:00,11334.81
2018-03-06 06:03:00,11353.48
2018-03-06 10:03:00,11105.98
2018-03-06 14:03:00,10974.99
2018-03-06 18:03:00,10804.43
2018-03-06 22:03:00,10739.65
2018-03-07 02:03:00,10841.26
2018-03-07 06:03:00,10648.09
2018-03-07 10:03:00,10594.70
2018-03-07 14:03:00,10691.26
2018-03-07 18:03:00,9899.83
2018-03-07 22:03:00,9975.10
2018-03-08 02:03:00,9807.73
2018-03-08 06:03:00,9838.50
2018-03-08 10:03:00,10040.96
2018-03-08 14:03:00,9871.33
2018-03-08 18:03:00,9385.36
2018-03-08 22:03:00,9399.96
2018-03-09 02:03:00,9131.62
2018-03-09 06:03:00,8720.36
2018-03-09 10:03:00,8732.97
2018-03-09 14:03:00,9068.02
2018-03-09 18:03:00,8839.48
2018-03-09 22:03:00,9150.57
2018-03-10 02:03:00,9334.14
2018-03-10 06:03:00,9437.59
2018-03-10 10:03:00,9368.35
2018-03-10 14:03:00,9435.10
2018-03-10 18:03:00,9193.52
2018-03-10 22:03:00,8877.92
2018-03-11 02:03:00,8641.51
2018-03-11 06:03:00,8788.49
2018-03-11 10:03:00,8812.76
2018-03-11 14:03:00,9242.84
2018-03-11 18:03:00,9540.27
2018-03-11 22:03:00,9604.86
2018-03-12 02:03:00,9584.21
2018-03-12 06:03:00,9612.64
2018-03-12 10:03:00,9803.64
2018-03-12 14:03:00,9500.95
2018-03-12 18:03:00,9136.83
2018-03-12 22:03:00,9056.98
2018-03-13 02:03:00,9154.96
2018-03-13 06:03:00,9342.00
2018-03-13 10:03:00,9140.36
2018-03-13 14:03:00,9100.57
2018-03-13 18:03:00,9183.28
2018-03-13 22:03:00,9180.74
2018-03-14 02:03:00,9315.07
2018-03-14 06:03:00,9216.07
2018-03-14 10:03:00,8858.29
2018-03-14 14:03:00,8727.51
2018-03-14 18:03:00,8401.03
2018-03-14 22:03:00,8192.41
2018-03-15 02:03:00,8018.46
2018-03-15 06:03:00,7873.58
2018-03-15 10:03:00,8178.51
2018-03-15 14:03:00,8225.94
2018-03-15 18:03:00,8187.25
2018-03-15 22:03:00,8312.74
2018-03-16 02:03:00,8111.96
2018-03-16 06:03:00,8268.31
2018-03-16 10:03:00,8208.64
2018-03-16 14:03:00,8475.44
2018-03-16 18:03:00,8568.57
2018-03-16 22:03:00,8493.05
2018-03-17 02:03:00,8243.08
2018-03-17 06:03:00,8224.46
2018-03-17 10:03:00,8313.94
2018-03-17 14:03:00,8031.39
2018-03-17 18:03:00,7918.00
2018-03-17 22:03:00,7957.11
2018-03-18 02:03:00,7725.23
2018-03-18 06:03:00,7712.52
2018-03-18 10:03:00,7723.02
2018-03-18 14:03:00,7530.24
2018-03-18 18:03:00,7484.28
2018-03-18 22:03:00,8023.11
2018-03-19 02:03:00,8305.95
2018-03-19 06:03:00,8332.54
2018-03-19 10:03:00,8308.95
2018-03-19 14:03:00,8557.95
2018-03-19 18:03:00,8434.88
2018-03-19 22:03:00,8535.98
2018-03-20 02:03:00,8572.53
2018-03-20 06:03:00,8535.61
2018-03-20 10:03:00,8494.08
2018-03-20 14:03:00,8579.12
2018-03-20 18:03:00,8850.20
2018-03-20 22:03:00,8993.86
2018-03-21 02:03:00,9005.70
2018-03-21 06:03:00,9092.05
2018-03-21 10:03:00,9096.79
2018-03-21 14:03:00,9122.43
2018-03-21 18:03:00,8925.02
2018-03-21 22:03:00,8935.16
2018-03-22 02:03:00,9053.40
2018-03-22 06:03:00,9045.30
2018-03-22 10:03:00,8793.84
2018-03-22 14:03:00,8645.16
2018-03-22 18:03:00,8679.42
2018-03-22 22:03:00,8700.00
2018-03-23 02:03:00,8533.81
2018-03-23 06:03:00,8450.90
2018-03-23 10:03:00,8528.62
2018-03-23 14:03:00,8526.57
2018-03-23 18:03:00,8677.00
2018-03-23 22:03:00,8753.84
2018-03-24 02:03:00,8941.60
2018-03-24 06:03:00,8978.59
2018-03-24 10:03:00,8847.17
2018-03-24 14:03:00,8925.12
2018-03-24 18:03:00,8954.57
2018-03-24 22:03:00,8732.91
2018-03-25 02:03:00,8571.94
2018-03-25 07:03:00,8561.25
2018-03-25 11:03:00,8526.37
2018-03-25 15:03:00,8575.30
2018-03-25 19:03:00,8632.09
2018-03-25 23:03:00,8535.93
2018-03-26 03:03:00,8452.89
2018-03-26 07:03:00,8492.73
2018-03-26 11:03:00,8261.47
2018-03-26 15:03:00,8133.02
2018-03-26 19:03:00,7981.59
2018-03-26 23:03:00,8111.87
2018-03-27 03:03:00,8017.41
2018-03-27 07:03:00,7909.79
2018-03-27 11:03:00,7982.44
2018-03-27 15:03:00,8072.33
2018-03-27 19:03:00,8006.50
2018-03-27 23:03:00,7949.00
2018-03-28 03:03:00,7837.81
2018-03-28 07:03:00,7930.64
2018-03-28 11:03:00,8068.14
2018-03-28 15:03:00,7991.24
2018-03-28 19:03:00,7951.52
2018-03-28 23:03:00,7970.28
2018-03-29 03:03:00,7936.49
2018-03-29 07:03:00,7654.32
2018-03-29 11:03:00,7543.05
2018-03-29 15:03:00,7465.42
2018-03-29 19:03:00,7506.33
2018-03-29 23:03:00,7177.87
2018-03-30 03:03:00,6875.71
2018-03-30 07:03:00,6977.70
2018-03-30 11:03:00,7111.94
2018-03-30 15:03:00,6874.81
2018-03-30 19:03:00,6735.36
2018-03-30 23:03:00,6886.42
2018-03-31 03:03:00,7056.13
2018-03-31 07:03:00,6953.99
2018-03-31 11:03:00,7074.92
2018-03-31 15:03:00,7139.14
2018-03-31 19:03:00,7140.73
2018-03-31 23:03:00,6965.79
2018-04-01 03:04:00,7033.25
2018-04-01 07:04:00,6850.72
2018-04-01 11:04:00,6740.65
2018-04-01 15:04:00,6570.71
2018-04-01 19:04:00,6822.41
2018-04-01 23:04:00,6892.11
2018-04-02 03:04:00,6985.76
2018-04-02 07:04:00,7013.74
2018-04-02 11:04:00,7112.16
2018-04-02 15:04:00,7026.00
2018-04-02 19:04:00,7037.42
2018-04-02 23:04:00,7026.92
2018-04-03 03:04:00,7144.69
2018-04-03 07:04:00,7354.95
2018-04-03 11:04:00,7388.17
2018-04-03 15:04:00,7398.10
2018-04-03 19:04:00,7478.97
2018-04-03 23:04:00,7473.88
2018-04-04 03:04:00,7375.16
2018-04-04 07:04:00,7393.52
2018-04-04 11:04:00,7180.66
2018-04-04 15:04:00,6968.29
2018-04-04 19:04:00,6870.63
2018-04-04 23:04:00,6849.11
2018-04-05 03:04:00,6694.77
2018-04-05 07:04:00,6852.26
2018-04-05 11:04:00,6887.52
2018-04-05 15:04:00,6796.62
2018-04-05 19:04:00,6770.29
2018-04-05 23:04:00,6815.28
2018-04-06 03:04:00,6830.13
2018-04-06 07:04:00,6671.91
2018-04-06 11:04:00,6628.31
2018-04-06 15:04:00,6640.91
2018-04-06 19:04:00,6643.75
2018-04-06 23:04:00,6640.48
2018-04-07 03:04:00,6840.59
2018-04-07 07:04:00,6930.64
2018-04-07 11:04:00,6934.94
2018-04-07 15:04:00,6958.96
2018-04-07 19:04:00,7058.46
2018-04-07 23:04:00,7000.29
2018-04-08 03:04:00,7013.44
2018-04-08 07:04:00,7020.99
2018-04-08 11:04:00,7071.08
2018-04-08 15:04:00,7119.69
2018-04-08 19:04:00,7032.19
2018-04-08 23:04:00,7035.37
2018-04-09 03:04:00,7127.25
2018-04-09 07:04:00,7172.91
2018-04-09 11:04:00,6915.97
2018-04-09 15:04:00,6768.48
2018-04-09 19:04:00,6752.42
2018-04-09 23:04:00,6711.12
2018-04-10 03:04:00,6824.28
2018-04-10 07:04:00,6811.66
2018-04-10 11:04:00,6793.78
2018-04-10 15:04:00,6846.61
2018-04-10 19:04:00,6888.02
2018-04-10 23:04:00,6875.29
2018-04-11 03:04:00,6888.32
2018-04-11 07:04:00,6895.04
2018-04-11 11:04:00,6924.31
2018-04-11 15:04:00,6968.98
2018-04-11 19:04:00,6962.29
2018-04-11 23:04:00,6980.42
2018-04-12 03:04:00,6976.57
2018-04-12 07:04:00,6905.54
2018-04-12 11:04:00,7526.64
2018-04-12 15:04:00,7735.08
2018-04-12 19:04:00,7711.53
2018-04-12 23:04:00,7876.28
2018-04-13 03:04:00,7914.14
2018-04-13 07:04:00,7967.41
2018-04-13 11:04:00,8139.41
2018-04-13 15:04:00,8152.84
2018-04-13 19:04:00,8157.37
2018-04-13 23:04:00,7940.44
2018-04-14 03:04:00,8030.62
2018-04-14 07:04:00,8102.90
2018-04-14 11:04:00,8077.47
2018-04-14 15:04:00,7981.68
2018-04-14 19:04:00,8057.21
2018-04-14 23:04:00,8099.34
2018-04-15 03:04:00,8130.09
2018-04-15 07:04:00,8159.51
2018-04-15 11:04:00,8305.61
2018-04-15 15:04:00,8385.38
2018-04-15 19:04:00,8359.11
2018-04-15 23:04:00,8387.86
2018-04-16 03:04:00,8274.45
2018-04-16 07:04:00,8133.21
2018-04-16 11:04:00,8144.32
2018-04-16 15:04:00,8018.67
2018-04-16 19:04:00,8057.66
2018-04-16 23:04:00,8076.14
2018-04-17 03:04:00,8087.78
2018-04-17 07:04:00,8130.75
2018-04-17 11:04:00,8182.94
2018-04-17 15:04:00,8179.93
2018-04-17 19:04:00,8008.82
2018-04-17 23:04:00,7948.95
2018-04-18 03:04:00,8001.08
2018-04-18 07:04:00,8083.83
2018-04-18 11:04:00,8157.29
2018-04-18 15:04:00,8082.83
2018-04-18 19:04:00,8157.35
2018-04-18 23:04:00,8223.87
2018-04-19 03:04:00,8229.41
2018-04-19 07:04:00,8245.15
2018-04-19 11:04:00,8268.36
2018-04-19 15:04:00,8279.12
2018-04-19 19:04:00,8301.48
2018-04-19 23:04:00,8314.98
2018-04-20 03:04:00,8386.85
2018-04-20 07:04:00,8340.06
2018-04-20 11:04:00,8474.04
2018-04-20 15:04:00,8548.85
2018-04-20 19:04:00,8554.92
2018-04-20 23:04:00,8774.86
2018-04-21 03:04:00,8881.92
2018-04-21 07:04:00,8967.79
2018-04-21 11:04:00,8785.86
2018-04-21 15:04:00,8815.09
2018-04-21 19:04:00,8843.84
2018-04-21 23:04:00,8880.45
2018-04-22 03:04:00,8893.42
2018-04-22 07:04:00,8934.01
2018-04-22 11:04:00,9002.75
2018-04-22 15:04:00,8949.32
2018-04-22 19:04:00,8971.13
2018-04-22 23:04:00,8884.60
2018-04-23 03:04:00,8898.57
2018-04-23 07:04:00,8949.99
2018-04-23 11:04:00,8962.06
2018-04-23 15:04:00,8973.58
2018-04-23 19:04:00,8933.31
2018-04-23 23:04:00,8963.75
2018-04-24 03:04:00,9178.85
2018-04-24 07:04:00,9287.62
2018-04-24 11:04:00,9336.68
2018-04-24 15:04:00,9346.82
2018-04-24 19:04:00,9409.07
2018-04-24 23:04:00,9578.38
2018-04-25 03:04:00,9631.84
2018-04-25 07:04:00,9416.95
2018-04-25 11:04:00,9239.64
2018-04-25 15:04:00,8989.36
2018-04-25 19:04:00,9004.00
2018-04-25 23:04:00,9031.81
2018-04-26 03:04:00,8809.40
2018-04-26 07:04:00,8930.28
2018-04-26 11:04:00,8818.40
2018-04-26 15:04:00,8877.53
2018-04-26 19:04:00,8902.02
2018-04-26 23:04:00,9170.67
2018-04-27 03:04:00,9276.05
2018-04-27 07:04:00,9253.16
2018-04-27 11:04:00,9357.64
2018-04-27 15:04:00,9283.73
2018-04-27 19:04:00,9262.72
2018-04-27 23:04:00,9062.84
2018-04-28 03:04:00,9075.22
2018-04-28 07:04:00,9185.36
2018-04-28 11:04:00,9275.19
2018-04-28 15:04:00,9362.02
2018-04-28 19:04:00,9381.26
2018-04-28 23:04:00,9376.68
2018-04-29 03:04:00,9480.82
2018-04-29 07:04:00,9486.84
2018-04-29 11:04:00,9316.39
2018-04-29 15:04:00,9319.48
2018-04-29 19:04:00,9355.00
2018-04-29 23:04:00,9400.52
2018-04-30 03:04:00,9408.25
2018-04-30 07:04:00,9310.56
2018-04-30 11:04:00,9232.01
2018-04-30 15:04:00,9312.42
2018-04-30 19:04:00,9355.40
2018-04-30 23:04:00,9304.50
2018-05-01 03:05:00,9039.74
2018-05-01 07:05:00,9022.77
2018-05-01 11:05:00,9080.86
2018-05-01 15:05:00,8952.24
2018-05-01 19:05:00,9023.57
2018-05-01 23:05:00,9086.92
2018-05-02 03:05:00,9061.91
2018-05-02 07:05:00,9149.45
2018-05-02 11:05:00,9185.52
2018-05-02 15:05:00,9113.14
2018-05-02 19:05:00,9151.03
2018-05-02 23:05:00,9236.54
2018-05-03 03:05:00,9244.68
2018-05-03 07:05:00,9240.50
2018-05-03 11:05:00,9217.75
2018-05-03 15:05:00,9380.92
2018-05-03 19:05:00,9621.10
2018-05-03 23:05:00,9717.94
2018-05-04 03:05:00,9615.02
2018-05-04 07:05:00,9649.63
2018-05-04 11:05:00,9721.86
2018-05-04 15:05:00,9670.35
2018-05-04 19:05:00,9648.16
2018-05-04 23:05:00,9713.06
2018-05-05 03:05:00,9793.62
2018-05-05 07:05:00,9835.18
2018-05-05 11:05:00,9904.38
2018-05-05 15:05:00,9944.95
2018-05-05 19:05:00,9899.53
2018-05-05 23:05:00,9822.39
2018-05-06 03:05:00,9913.57
2018-05-06 07:05:00,9752.05
2018-05-06 11:05:00,9608.30
2018-05-06 15:05:00,9566.63
2018-05-06 19:05:00,9601.70
2018-05-06 23:05:00,9618.43
2018-05-07 03:05:00,9402.02
2018-05-07 07:05:00,9373.17
2018-05-07 11:05:00,9357.63
2018-05-07 15:05:00,9310.43
2018-05-07 19:05:00,9430.19
2018-05-07 23:05:00,9405.97
2018-05-08 03:05:00,9454.47
2018-05-08 07:05:00,9403.34
2018-05-08 11:05:00,9316.51
2018-05-08 15:05:00,9152.54
2018-05-08 19:05:00,9201.61
2018-05-08 23:05:00,9252.82
2018-05-09 03:05:00,9118.07
2018-05-09 07:05:00,9068.48
2018-05-09 11:05:00,9184.72
2018-05-09 15:05:00,9313.13
2018-05-09 19:05:00,9337.93
2018-05-09 23:05:00,9315.20
2018-05-10 03:05:00,9360.79
2018-05-10 07:05:00,9377.17
2018-05-10 11:05:00,9394.23
2018-05-10 15:05:00,9374.81
2018-05-10 19:05:00,9214.89
2018-05-10 23:05:00,9111.89
2018-05-11 03:05:00,8966.40
2018-05-11 07:05:00,8879.64
2018-05-11 11:05:00,8778.51
2018-05-11 15:05:00,8604.60
2018-05-11 19:05:00,8662.38
2018-05-11 23:05:00,8482.88
2018-05-12 03:05:00,8464.83
2018-05-12 07:05:00,8361.05
2018-05-12 11:05:00,8468.62
2018-05-12 15:05:00,8547.73
2018-05-12 19:05:00,8403.69
2018-05-12 23:05:00,8481.75
2018-05-13 03:05:00,8469.00
2018-05-13 07:05:00,8451.50
2018-05-13 11:05:00,8571.34
2018-05-13 15:05:00,8635.51
2018-05-13 19:05:00,8674.59
2018-05-13 23:05:00,8740.05
2018-05-14 03:05:00,8587.06
2018-05-14 07:05:00,8391.15
2018-05-14 11:05:00,8437.82
2018-05-14 15:05:00,8666.74
2018-05-14 19:05:00,8771.46
2018-05-14 23:05:00,8765.27
2018-05-15 03:05:00,8714.05
2018-05-15 07:05:00,8751.71
2018-05-15 11:05:00,8770.49
2018-05-15 15:05:00,8631.85
2018-05-15 19:05:00,8536.83
2018-05-15 23:05:00,8540.28
2018-05-16 03:05:00,8269.82
2018-05-16 07:05:00,8249.13
2018-05-16 11:05:00,8355.52
2018-05-16 15:05:00,8286.94
2018-05-16 19:05:00,8305.54
2018-05-16 23:05:00,8316.59
2018-05-17 03:05:00,8399.50
2018-05-17 07:05:00,8321.69
2018-05-17 11:05:00,8299.40
2018-05-17 15:05:00,8319.78
2018-05-17 19:05:00,8250.48
2018-05-17 23:05:00,8117.43
2018-05-18 03:05:00,8021.40
2018-05-18 07:05:00,8082.26
2018-05-18 11:05:00,8136.15
2018-05-18 15:05:00,8128.86
2018-05-18 19:05:00,8210.43
2018-05-18 23:05:00,8278.21
2018-05-19 03:05:00,8258.45
2018-05-19 07:05:00,8241.58
2018-05-19 11:05:00,8281.87
2018-05-19 15:05:00,8362.05
2018-05-19 19:05:00,8341.10
2018-05-19 23:05:00,8279.49
2018-05-20 03:05:00,8266.90
2018-05-20 07:05:00,8318.12
2018-05-20 11:05:00,8364.25
2018-05-20 15:05:00,8363.23
2018-05-20 19:05:00,8529.33
2018-05-20 23:05:00,8566.81
2018-05-21 03:05:00,8535.86
2018-05-21 07:05:00,8569.71
2018-05-21 11:05:00,8535.95
2018-05-21 15:05:00,8470.27
2018-05-21 19:05:00,8414.73
2018-05-21 23:05:00,8431.99
2018-05-22 03:05:00,8358.36
2018-05-22 07:05:00,8346.83
2018-05-22 11:05:00,8289.68
2018-05-22 15:05:00,8226.48
2018-05-22 19:05:00,8250.69
2018-05-22 23:05:00,8076.05
2018-05-23 03:05:00,7956.20
2018-05-23 07:05:00,7917.96
2018-05-23 11:05:00,7881.26
2018-05-23 15:05:00,7852.07
2018-05-23 19:05:00,7581.00
2018-05-23 23:05:00,7593.88
2018-05-24 03:05:00,7620.50
2018-05-24 07:05:00,7680.72
2018-05-24 11:05:00,7402.72
2018-05-24 15:05:00,7490.83
2018-05-24 19:05:00,7567.63
2018-05-24 23:05:00,7579.52
2018-05-25 03:05:00,7607.34
2018-05-25 07:05:00,7531.67
2018-05-25 11:05:00,7438.69
2018-05-25 15:05:00,7523.20
2018-05-25 19:05:00,7457.54
2018-05-25 23:05:00,7455.89
2018-05-26 03:05:00,7490.26
2018-05-26 07:05:00,7514.23
2018-05-26 11:05:00,7569.45
2018-05-26 15:05:00,7558.17
2018-05-26 19:05:00,7575.97
2018-05-26 23:05:00,7462.59
2018-05-27 03:05:00,7309.03
2018-05-27 07:05:00,7349.58
2018-05-27 11:05:00,7345.24
2018-05-27 15:05:00,7371.31
2018-05-27 19:05:00,7364.02
2018-05-27 23:05:00,7383.24
2018-05-28 03:05:00,7393.05
2018-05-28 07:05:00,7264.37
2018-05-28 11:05:00,7276.64
2018-05-28 15:05:00,7285.06
2018-05-28 19:05:00,7267.13
2018-05-28 23:05:00,7170.17
2018-05-29 03:05:00,7138.52
2018-05-29 07:05:00,7133.13
2018-05-29 11:05:00,7291.70
2018-05-29 15:05:00,7469.21
2018-05-29 19:05:00,7497.12
2018-05-29 23:05:00,7507.65
2018-05-30 03:05:00,7547.49
2018-05-30 07:05:00,7526.04
2018-05-30 11:05:00,7524.55
2018-05-30 15:05:00,7450.62
2018-05-30 19:05:00,7344.00
2018-05-30 23:05:00,7393.59
2018-05-31 03:05:00,7410.81
2018-05-31 07:05:00,7538.03
2018-05-31 11:05:00,7567.67
2018-05-31 15:05:00,7577.16
2018-05-31 19:05:00,7593.80
2018-05-31 23:05:00,7567.64
2018-06-01 03:06:00,7537.04
2018-06-01 07:06:00,7575.72
2018-06-01 11:06:00,7528.63
2018-06-01 15:06:00,7441.80
2018-06-01 19:06:00,7464.56
2018-06-01 23:06:00,7504.07
2018-06-02 03:06:00,7524.06
2018-06-02 07:06:00,7608.31
2018-06-02 11:06:00,7685.90
2018-06-02 15:06:00,7672.01
2018-06-02 19:06:00,7672.40
2018-06-02 23:06:00,7676.69
2018-06-03 03:06:00,7668.43
2018-06-03 07:06:00,7731.72
2018-06-03 11:06:00,7759.31
2018-06-03 15:06:00,7749.96
2018-06-03 19:06:00,7723.92
2018-06-03 23:06:00,7741.85
2018-06-04 03:06:00,7746.49
2018-06-04 07:06:00,7658.02
2018-06-04 11:06:00,7596.78
2018-06-04 15:06:00,7541.37
2018-06-04 19:06:00,7526.43
2018-06-04 23:06:00,7542.77
2018-06-05 03:06:00,7481.60
2018-06-05 07:06:00,7453.06
2018-06-05 11:06:00,7483.24
2018-06-05 15:06:00,7481.76
2018-06-05 19:06:00,7628.69
2018-06-05 23:06:00,7638.20
2018-06-06 03:06:00,7653.42
2018-06-06 07:06:00,7644.35
2018-06-06 11:06:00,7642.11
2018-06-06 15:06:00,7679.79
2018-06-06 19:06:00,7560.34
2018-06-06 23:06:00,7645.27
2018-06-07 03:06:00,7740.28
2018-06-07 07:06:00,7741.40
2018-06-07 11:06:00,7731.51
2018-06-07 15:06:00,7719.13
2018-06-07 19:06:00,7721.50
2018-06-07 23:06:00,7704.71
2018-06-08 03:06:00,7711.41
2018-06-08 07:06:00,7673.51
2018-06-08 11:06:00,7624.56
2018-06-08 15:06:00,7618.67
2018-06-08 19:06:00,7698.99
2018-06-08 23:06:00,7676.16
2018-06-09 03:06:00,7693.05
2018-06-09 07:06:00,7720.98
2018-06-09 11:06:00,7695.73
2018-06-09 15:06:00,7636.25
2018-06-09 19:06:00,7642.73
2018-06-09 23:06:00,7575.62
2018-06-10 03:06:00,7370.42
2018-06-10 07:06:00,7307.12
2018-06-10 11:06:00,7257.96
2018-06-10 15:06:00,7274.52
2018-06-10 19:06:00,6866.26
2018-06-10 23:06:00,6762.75
2018-06-11 03:06:00,6782.70
2018-06-11 07:06:00,6777.20
2018-06-11 11:06:00,6792.20
2018-06-11 15:06:00,6756.12
2018-06-11 19:06:00,6763.13
2018-06-11 23:06:00,6841.39
2018-06-12 03:06:00,6884.51
2018-06-12 07:06:00,6878.82
2018-06-12 11:06:00,6878.91
2018-06-12 15:06:00,6778.66
2018-06-12 19:06:00,6620.27
2018-06-12 23:06:00,6557.26
2018-06-13 03:06:00,6598.28
2018-06-13 07:06:00,6609.06
2018-06-13 11:06:00,6500.49
2018-06-13 15:06:00,6474.66
2018-06-13 19:06:00,6297.05
2018-06-13 23:06:00,6328.28
2018-06-14 03:06:00,6432.98
2018-06-14 07:06:00,6519.72
2018-06-14 11:06:00,6536.40
2018-06-14 15:06:00,6437.80
2018-06-14 19:06:00,6594.76
2018-06-14 23:06:00,6679.04
2018-06-15 03:06:00,6643.93
2018-06-15 07:06:00,6624.87
2018-06-15 11:06:00,6589.89
2018-06-15 15:06:00,6549.62
2018-06-15 19:06:00,6588.78
2018-06-15 23:06:00,6463.43
2018-06-16 03:06:00,6459.62
2018-06-16 07:06:00,6497.47
2018-06-16 11:06:00,6512.15
2018-06-16 15:06:00,6437.75
2018-06-16 19:06:00,6518.46
2018-06-16 23:06:00,6567.40
2018-06-17 03:06:00,6569.95
2018-06-17 07:06:00,6555.36
2018-06-17 11:06:00,6554.82
2018-06-17 15:06:00,6515.54
2018-06-17 19:06:00,6540.24
2018-06-17 23:06:00,6510.84
2018-06-18 03:06:00,6447.80
2018-06-18 07:06:00,6452.14
2018-06-18 11:06:00,6464.99
2018-06-18 15:06:00,6466.59
2018-06-18 19:06:00,6701.50
2018-06-18 23:06:00,6740.38
2018-06-19 03:06:00,6742.32
2018-06-19 07:06:00,6721.40
2018-06-19 11:06:00,6746.06
2018-06-19 15:06:00,6779.30
2018-06-19 19:06:00,6732.29
2018-06-19 23:06:00,6737.01
2018-06-20 03:06:00,6658.78
2018-06-20 07:06:00,6636.32
2018-06-20 11:06:00,6666.83
2018-06-20 15:06:00,6740.01
2018-06-20 19:06:00,6785.94
2018-06-20 23:06:00,6773.29
2018-06-21 03:06:00,6792.76
2018-06-21 07:06:00,6783.49
2018-06-21 11:06:00,6750.14
2018-06-21 15:06:00,6745.77
2018-06-21 19:06:00,6735.17
2018-06-21 23:06:00,6742.31
2018-06-22 03:06:00,6687.66
2018-06-22 07:06:00,6586.87
2018-06-22 11:06:00,6396.17
2018-06-22 15:06:00,6201.55
2018-06-22 19:06:00,6195.34
2018-06-22 23:06:00,6043.99
2018-06-23 03:06:00,6145.74
2018-06-23 07:06:00,6113.84
2018-06-23 11:06:00,6149.48
2018-06-23 15:06:00,6143.81
2018-06-23 19:06:00,6156.47
2018-06-23 23:06:00,6201.25
2018-06-24 03:06:00,6129.94
2018-06-24 07:06:00,5936.10
2018-06-24 11:06:00,5940.31
2018-06-24 15:06:00,5882.53
2018-06-24 19:06:00,6125.82
2018-06-24 23:06:00,6188.37
2018-06-25 03:06:00,6186.41
2018-06-25 07:06:00,6197.68
2018-06-25 11:06:00,6216.18
2018-06-25 15:06:00,6220.76
2018-06-25 19:06:00,6297.38
2018-06-25 23:06:00,6292.26
2018-06-26 03:06:00,6252.83
2018-06-26 07:06:00,6285.17
2018-06-26 11:06:00,6250.52
2018-06-26 15:06:00,6209.95
2018-06-26 19:06:00,6214.78
2018-06-26 23:06:00,6166.65
2018-06-27 03:06:00,6093.83
2018-06-27 07:06:00,6109.44
2018-06-27 11:06:00,6132.17
2018-06-27 15:06:00,6103.06
2018-06-27 19:06:00,6148.18
2018-06-27 23:06:00,6170.08
2018-06-28 03:06:00,6152.66
2018-06-28 07:06:00,6144.68
2018-06-28 11:06:00,6150.61
2018-06-28 15:06:00,6146.77
2018-06-28 19:06:00,6134.70
2018-06-28 23:06:00,5963.10
2018-06-29 03:06:00,5905.87
2018-06-29 07:06:00,5899.83
2018-06-29 11:06:00,5927.76
2018-06-29 15:06:00,5901.94
2018-06-29 19:06:00,5907.88
2018-06-29 23:06:00,6133.69
2018-06-30 03:06:00,6397.01
2018-06-30 07:06:00,6419.33
2018-06-30 11:06:00,6414.83
2018-06-30 15:06:00,6393.82
2018-06-30 19:06:00,6359.33
2018-06-30 23:06:00,6359.17
2018-07-01 03:07:00,6381.22
2018-07-01 07:07:00,6382.13
2018-07-01 11:07:00,6374.26
2018-07-01 15:07:00,6341.77
2018-07-01 19:07:00,6334.80
2018-07-01 23:07:00,6370.80
2018-07-02 03:07:00,6350.15
2018-07-02 07:07:00,6322.90
2018-07-02 11:07:00,6346.98
2018-07-02 15:07:00,6489.43
2018-07-02 19:07:00,6293.45
2018-07-02 23:07:00,6114.47
2018-07-03 03:07:00,6019.52
2018-07-03 07:07:00,6577.12
2018-07-03 11:07:00,6609.02
2018-07-03 15:07:00,6611.26
2018-07-03 19:07:00,6614.86
2018-07-03 23:07:00,6566.32
2018-07-04 03:07:00,6479.11
2018-07-04 07:07:00,6501.20
2018-07-04 11:07:00,6540.91
2018-07-04 15:07:00,6702.86
2018-07-04 19:07:00,6706.19
2018-07-04 23:07:00,6655.52
2018-07-05 03:07:00,6622.48
2018-07-05 07:07:00,6633.27
2018-07-05 11:07:00,6645.68
2018-07-05 15:07:00,6622.54
2018-07-05 19:07:00,6557.44
2018-07-05 23:07:00,6545.14
2018-07-06 03:07:00,6567.63
2018-07-06 07:07:00,6510.32
2018-07-06 11:07:00,6544.61
2018-07-06 15:07:00,6604.06
2018-07-06 19:07:00,6605.49
2018-07-06 23:07:00,6621.41
2018-07-07 03:07:00,6615.62
2018-07-07 07:07:00,6622.52
2018-07-07 11:07:00,6612.03
2018-07-07 15:07:00,6578.18
2018-07-07 19:07:00,6583.47
2018-07-07 23:07:00,6685.38
2018-07-08 03:07:00,6763.54
2018-07-08 07:07:00,6760.10
2018-07-08 11:07:00,6756.81
2018-07-08 15:07:00,6772.74
2018-07-08 19:07:00,6789.15
2018-07-08 23:07:00,6763.57
2018-07-09 03:07:00,6730.89
2018-07-09 07:07:00,6734.10
2018-07-09 11:07:00,6724.24
2018-07-09 15:07:00,6758.98
2018-07-09 19:07:00,6732.28
2018-07-09 23:07:00,6727.62
2018-07-10 03:07:00,6680.08
2018-07-10 07:07:00,6641.68
2018-07-10 11:07:00,6485.40
2018-07-10 15:07:00,6406.84
2018-07-10 19:07:00,6402.87
2018-07-10 23:07:00,6373.13
2018-07-11 03:07:00,6399.82
2018-07-11 07:07:00,6375.75
2018-07-11 11:07:00,6429.53
2018-07-11 15:07:00,6478.89
2018-07-11 19:07:00,6408.34
2018-07-11 23:07:00,6417.11
2018-07-12 03:07:00,6393.60
2018-07-12 07:07:00,6254.70
2018-07-12 11:07:00,6198.43
2018-07-12 15:07:00,6216.85
2018-07-12 19:07:00,6235.77
2018-07-12 23:07:00,6197.27
2018-07-13 03:07:00,6290.12
2018-07-13 07:07:00,6305.02
2018-07-13 11:07:00,6302.54
2018-07-13 15:07:00,6295.07
2018-07-13 19:07:00,6270.77
2018-07-13 23:07:00,6223.34
2018-07-14 03:07:00,6302.48
2018-07-14 07:07:00,6294.65
2018-07-14 11:07:00,6258.40
2018-07-14 15:07:00,6295.04
2018-07-14 19:07:00,6302.16
2018-07-14 23:07:00,6304.33
2018-07-15 03:07:00,6298.72
2018-07-15 07:07:00,6326.77
2018-07-15 11:07:00,6376.13
2018-07-15 15:07:00,6409.36
2018-07-15 19:07:00,6424.04
2018-07-15 23:07:00,6429.95
2018-07-16 03:07:00,6430.80
2018-07-16 07:07:00,6443.56
2018-07-16 11:07:00,6543.64
2018-07-16 15:07:00,6665.97
2018-07-16 19:07:00,6702.97
2018-07-16 23:07:00,6732.58
2018-07-17 03:07:00,6778.66
2018-07-17 07:07:00,6764.66
2018-07-17 11:07:00,6763.07
2018-07-17 15:07:00,6755.37
2018-07-17 19:07:00,7224.73
2018-07-17 23:07:00,7388.37
2018-07-18 03:07:00,7468.31
2018-07-18 07:07:00,7510.42
2018-07-18 11:07:00,7430.74
2018-07-18 15:07:00,7469.10
2018-07-18 19:07:00,7484.83
2018-07-18 23:07:00,7344.76
2018-07-19 03:07:00,7380.08
2018-07-19 07:07:00,7393.35
2018-07-19 11:07:00,7422.73
2018-07-19 15:07:00,7471.96
2018-07-19 19:07:00,7440.37
2018-07-19 23:07:00,7505.04
2018-07-20 03:07:00,7466.09
2018-07-20 07:07:00,7449.15
2018-07-20 11:07:00,7502.28
2018-07-20 15:07:00,7503.36
2018-07-20 19:07:00,7454.70
2018-07-20 23:07:00,7366.33
2018-07-21 03:07:00,7305.94
2018-07-21 07:07:00,7359.22
2018-07-21 11:07:00,7355.91
2018-07-21 15:07:00,7406.03
2018-07-21 19:07:00,7452.56
2018-07-21 23:07:00,7468.88
2018-07-22 03:07:00,7451.15
2018-07-22 07:07:00,7445.25
2018-07-22 11:07:00,7485.45
2018-07-22 15:07:00,7538.78
2018-07-22 19:07:00,7571.60
2018-07-22 23:07:00,7457.56
2018-07-23 03:07:00,7585.02
2018-07-23 07:07:00,7719.76
2018-07-23 11:07:00,7723.33
2018-07-23 15:07:00,7746.41
2018-07-23 19:07:00,7758.19
2018-07-23 23:07:00,7762.48
2018-07-24 03:07:00,7765.68
2018-07-24 07:07:00,7938.40
2018-07-24 11:07:00,8101.89
2018-07-24 15:07:00,8216.48
2018-07-24 19:07:00,8245.13
2018-07-24 23:07:00,8315.29
2018-07-25 03:07:00,8225.60
2018-07-25 07:07:00,8161.24
2018-07-25 11:07:00,8163.66
2018-07-25 15:07:00,8164.72
2018-07-25 19:07:00,8150.17
2018-07-25 23:07:00,8247.46
2018-07-26 03:07:00,8221.59
2018-07-26 07:07:00,8259.32
2018-07-26 11:07:00,8283.89
2018-07-26 15:07:00,8232.47
2018-07-26 19:07:00,8237.78
2018-07-26 23:07:00,8047.93
2018-07-27 03:07:00,7917.08
2018-07-27 07:07:00,7946.48
2018-07-27 11:07:00,7972.17
2018-07-27 15:07:00,7983.79
2018-07-27 19:07:00,8219.43
2018-07-27 23:07:00,8222.72
2018-07-28 03:07:00,8204.97
2018-07-28 07:07:00,8199.49
2018-07-28 11:07:00,8189.88
2018-07-28 15:07:00,8153.15
2018-07-28 19:07:00,8190.64
2018-07-28 23:07:00,8201.07
2018-07-29 03:07:00,8264.36
2018-07-29 07:07:00,8216.94
2018-07-29 11:07:00,8174.74
2018-07-29 15:07:00,8219.80
2018-07-29 19:07:00,8216.60
2018-07-29 23:07:00,8232.09
2018-07-30 03:07:00,8178.19
2018-07-30 07:07:00,8155.67
2018-07-30 11:07:00,8159.57
2018-07-30 15:07:00,8165.25
2018-07-30 19:07:00,8032.80
2018-07-30 23:07:00,8161.88
2018-07-31 03:07:00,8158.82
2018-07-31 07:07:00,8141.97
2018-07-31 11:07:00,8035.63
2018-07-31 15:07:00,7802.54
2018-07-31 19:07:00,7774.26
2018-07-31 23:07:00,7728.07
2018-08-01 03:08:00,7604.59
2018-08-01 07:08:00,7556.29
2018-08-01 11:08:00,7627.75
2018-08-01 15:08:00,7624.76
2018-08-01 19:08:00,7582.77
2018-08-01 23:08:00,7554.41
2018-08-02 03:08:00,7685.52
2018-08-02 07:08:00,7690.51
2018-08-02 11:08:00,7629.68
2018-08-02 15:08:00,7563.28
2018-08-02 19:08:00,7553.42
2018-08-02 23:08:00,7581.39
2018-08-03 03:08:00,7399.78
2018-08-03 07:08:00,7358.04
2018-08-03 11:08:00,7388.86
2018-08-03 15:08:00,7446.97
2018-08-03 19:08:00,7487.91
2018-08-03 23:08:00,7430.20
2018-08-04 03:08:00,7476.97
2018-08-04 07:08:00,7475.92
2018-08-04 11:08:00,7455.43
2018-08-04 15:08:00,7138.95
2018-08-04 19:08:00,7015.56
2018-08-04 23:08:00,7045.10
2018-08-05 03:08:00,6977.46
2018-08-05 07:08:00,7005.37
2018-08-05 11:08:00,7056.23
2018-08-05 15:08:00,7002.37
2018-08-05 19:08:00,7030.59
2018-08-05 23:08:00,7073.95
2018-08-06 03:08:00,7124.56
2018-08-06 07:08:00,7109.70
2018-08-06 11:08:00,7004.58
2018-08-06 15:08:00,6964.83
2018-08-06 19:08:00,6962.27
2018-08-06 23:08:00,6916.18
2018-08-07 03:08:00,6975.64
2018-08-07 07:08:00,7023.12
2018-08-07 11:08:00,7084.41
2018-08-07 15:08:00,7117.50
2018-08-07 19:08:00,7107.01
2018-08-07 23:08:00,6806.85
2018-08-08 03:08:00,6621.24
2018-08-08 07:08:00,6512.47
2018-08-08 11:08:00,6515.71
2018-08-08 15:08:00,6503.80
2018-08-08 19:08:00,6289.24
2018-08-08 23:08:00,6308.95
2018-08-09 03:08:00,6327.69
2018-08-09 07:08:00,6360.96
2018-08-09 11:08:00,6349.76
2018-08-09 15:08:00,6401.74
2018-08-09 19:08:00,6493.56
2018-08-09 23:08:00,6594.69
2018-08-10 03:08:00,6539.42
2018-08-10 07:08:00,6462.67
2018-08-10 11:08:00,6399.07
2018-08-10 15:08:00,6477.70
2018-08-10 19:08:00,6421.98
2018-08-10 23:08:00,6151.97
2018-08-11 03:08:00,6136.74
2018-08-11 07:08:00,6102.16
2018-08-11 11:08:00,6145.79
2018-08-11 15:08:00,6134.10
2018-08-11 19:08:00,6349.50
2018-08-11 23:08:00,6369.51
2018-08-12 03:08:00,6269.94
2018-08-12 07:08:00,6357.11
2018-08-12 11:08:00,6363.06
2018-08-12 15:08:00,6311.81
2018-08-12 19:08:00,6343.18
2018-08-12 23:08:00,6361.98
2018-08-13 03:08:00,6373.32
2018-08-13 07:08:00,6419.42
2018-08-13 11:08:00,6507.70
2018-08-13 15:08:00,6389.79
2018-08-13 19:08:00,6252.64
2018-08-13 23:08:00,6299.03
2018-08-14 03:08:00,6041.88
2018-08-14 07:08:00,6013.75
2018-08-14 11:08:00,6043.87
2018-08-14 15:08:00,6094.11
2018-08-14 19:08:00,6081.92
2018-08-14 23:08:00,6178.04
2018-08-15 03:08:00,6269.29
2018-08-15 07:08:00,6370.45
2018-08-15 11:08:00,6404.71
2018-08-15 15:08:00,6426.44
2018-08-15 19:08:00,6545.24
2018-08-15 23:08:00,6355.60
2018-08-16 03:08:00,6303.87
2018-08-16 07:08:00,6363.01
2018-08-16 11:08:00,6436.32
2018-08-16 15:08:00,6376.66
2018-08-16 19:08:00,6431.13
2018-08-16 23:08:00,6321.41
2018-08-17 03:08:00,6400.73
2018-08-17 07:08:00,6500.64
2018-08-17 11:08:00,6494.61
2018-08-17 15:08:00,6499.06
2018-08-17 19:08:00,6532.60
2018-08-17 23:08:00,6550.86
2018-08-18 03:08:00,6584.19
2018-08-18 07:08:00,6530.18
2018-08-18 11:08:00,6538.19
2018-08-18 15:08:00,6403.25
2018-08-18 19:08:00,6368.65
2018-08-18 23:08:00,6411.76
2018-08-19 03:08:00,6380.35
2018-08-19 07:08:00,6396.51
2018-08-19 11:08:00,6423.27
2018-08-19 15:08:00,6458.23
2018-08-19 19:08:00,6392.42
2018-08-19 23:08:00,6506.73
2018-08-20 03:08:00,6523.69
2018-08-20 07:08:00,6488.83
2018-08-20 11:08:00,6463.17
2018-08-20 15:08:00,6472.24
2018-08-20 19:08:00,6496.49
2018-08-20 23:08:00,6342.64
2018-08-21 03:08:00,6324.09
2018-08-21 07:08:00,6390.63
2018-08-21 11:08:00,6479.01
2018-08-21 15:08:00,6437.91
2018-08-21 19:08:00,6445.41
2018-08-21 23:08:00,6489.82
2018-08-22 03:08:00,6752.14
2018-08-22 07:08:00,6720.01
2018-08-22 11:08:00,6700.77
2018-08-22 15:08:00,6648.86
2018-08-22 19:08:00,6447.36
2018-08-22 23:08:00,6358.18
2018-08-23 03:08:00,6433.54
2018-08-23 07:08:00,6446.88
2018-08-23 11:08:00,6447.23
2018-08-23 15:08:00,6462.22
2018-08-23 19:08:00,6462.46
2018-08-23 23:08:00,6514.81
2018-08-24 03:08:00,6530.74
2018-08-24 07:08:00,6541.87
2018-08-24 11:08:00,6567.87
2018-08-24 15:08:00,6538.72
2018-08-24 19:08:00,6613.27
2018-08-24 23:08:00,6697.89
2018-08-25 03:08:00,6757.20
2018-08-25 07:08:00,6794.00
2018-08-25 11:08:00,6750.83
2018-08-25 15:08:00,6749.42
2018-08-25 19:08:00,6753.58
2018-08-25 23:08:00,6764.22
2018-08-26 03:08:00,6711.15
2018-08-26 07:08:00,6643.75
2018-08-26 11:08:00,6692.66
2018-08-26 15:08:00,6725.53
2018-08-26 19:08:00,6693.75
2018-08-26 23:08:00,6715.33
2018-08-27 03:08:00,6713.36
2018-08-27 07:08:00,6747.31
2018-08-27 11:08:00,6730.39
2018-08-27 15:08:00,6730.67
2018-08-27 19:08:00,6764.35
2018-08-27 23:08:00,6835.83
2018-08-28 03:08:00,6918.05
2018-08-28 07:08:00,6943.35
2018-08-28 11:08:00,7005.37
2018-08-28 15:08:00,7075.97
2018-08-28 19:08:00,7078.67
2018-08-28 23:08:00,7121.63
2018-08-29 03:08:00,7080.88
2018-08-29 07:08:00,7090.14
2018-08-29 11:08:00,7114.36
2018-08-29 15:08:00,7060.28
2018-08-29 19:08:00,7028.82
2018-08-29 23:08:00,7065.52
2018-08-30 03:08:00,7045.09
2018-08-30 07:08:00,7017.78
2018-08-30 11:08:00,6948.15
2018-08-30 15:08:00,6887.70
2018-08-30 19:08:00,6866.85
2018-08-30 23:08:00,6952.43
2018-08-31 03:08:00,6988.96
2018-08-31 07:08:00,7020.27
2018-08-31 11:08:00,7005.30
2018-08-31 15:08:00,6963.63
2018-08-31 19:08:00,7049.34
2018-08-31 23:08:00,7052.70
2018-09-01 03:09:00,7073.45
2018-09-01 07:09:00,7092.46
2018-09-01 11:09:00,7123.12
2018-09-01 15:09:00,7158.69
2018-09-01 19:09:00,7239.30
2018-09-01 23:09:00,7220.78
2018-09-02 03:09:00,7183.56
2018-09-02 07:09:00,7244.10
2018-09-02 11:09:00,7311.26
2018-09-02 15:09:00,7248.73
2018-09-02 19:09:00,7313.59
2018-09-02 23:09:00,7307.50
2018-09-03 03:09:00,7288.11
2018-09-03 07:09:00,7258.36
2018-09-03 11:09:00,7265.92
2018-09-03 15:09:00,7306.91
2018-09-03 19:09:00,7307.47
2018-09-03 23:09:00,7306.93
2018-09-04 03:09:00,7291.06
2018-09-04 07:09:00,7303.65
2018-09-04 11:09:00,7352.34
2018-09-04 15:09:00,7389.24
2018-09-04 19:09:00,7384.31
2018-09-04 23:09:00,7391.14
2018-09-05 03:09:00,7392.49
2018-09-05 07:09:00,7390.30
2018-09-05 11:09:00,7136.70
2018-09-05 15:09:00,7025.91
2018-09-05 19:09:00,6940.33
2018-09-05 23:09:00,6844.99
2018-09-06 03:09:00,6454.51
2018-09-06 07:09:00,6448.49
2018-09-06 11:09:00,6421.62
2018-09-06 15:09:00,6472.43
2018-09-06 19:09:00,6451.21
2018-09-06 23:09:00,6481.24
2018-09-07 03:09:00,6527.42
2018-09-07 07:09:00,6532.24
2018-09-07 11:09:00,6415.69
2018-09-07 15:09:00,6450.49
2018-09-07 19:09:00,6451.33
2018-09-07 23:09:00,6591.73
2018-09-08 03:09:00,6665.85
2018-09-08 07:09:00,6673.09
2018-09-08 11:09:00,6733.81
2018-09-08 15:09:00,6505.05
2018-09-08 19:09:00,6253.08
2018-09-08 23:09:00,6195.99
2018-09-09 03:09:00,6205.13
2018-09-09 07:09:00,6211.71
2018-09-09 11:09:00,6360.56
2018-09-09 15:09:00,6417.23
2018-09-09 19:09:00,6418.62
2018-09-09 23:09:00,6303.33
2018-09-10 03:09:00,6324.13
2018-09-10 07:09:00,6336.78
2018-09-10 11:09:00,6320.78
2018-09-10 15:09:00,6326.55
2018-09-10 19:09:00,6296.70
2018-09-10 23:09:00,6332.21
2018-09-11 03:09:00,6370.39
2018-09-11 07:09:00,6360.22
2018-09-11 11:09:00,6338.21
2018-09-11 15:09:00,6268.74
2018-09-11 19:09:00,6267.18
2018-09-11 23:09:00,6303.45
2018-09-12 03:09:00,6281.26
2018-09-12 07:09:00,6289.83
2018-09-12 11:09:00,6265.27
2018-09-12 15:09:00,6294.17
2018-09-12 19:09:00,6318.22
2018-09-12 23:09:00,6332.00
2018-09-13 03:09:00,6407.68
2018-09-13 07:09:00,6417.55
2018-09-13 11:09:00,6464.43
2018-09-13 15:09:00,6506.15
2018-09-13 19:09:00,6508.56
2018-09-13 23:09:00,6488.67
2018-09-14 03:09:00,6541.46
2018-09-14 07:09:00,6576.10
2018-09-14 11:09:00,6492.61
2018-09-14 15:09:00,6465.35
2018-09-14 19:09:00,6502.43
2018-09-14 23:09:00,6532.13
2018-09-15 03:09:00,6510.72
2018-09-15 07:09:00,6504.56
2018-09-15 11:09:00,6528.88
2018-09-15 15:09:00,6545.83
2018-09-15 19:09:00,6554.97
2018-09-15 23:09:00,6528.75
2018-09-16 03:09:00,6510.91
2018-09-16 07:09:00,6446.71
2018-09-16 11:09:00,6505.64
2018-09-16 15:09:00,6498.45
2018-09-16 19:09:00,6495.01
2018-09-16 23:09:00,6518.30
2018-09-17 03:09:00,6532.87
2018-09-17 07:09:00,6498.84
2018-09-17 11:09:00,6494.26
2018-09-17 15:09:00,6346.95
2018-09-17 19:09:00,6302.71
2018-09-17 23:09:00,6263.54
2018-09-18 03:09:00,6275.10
2018-09-18 07:09:00,6300.78
2018-09-18 11:09:00,6290.33
2018-09-18 15:09:00,6358.22
2018-09-18 19:09:00,6346.55
2018-09-18 23:09:00,6352.22
2018-09-19 03:09:00,6359.19
2018-09-19 07:09:00,6367.80
2018-09-19 11:09:00,6338.33
2018-09-19 15:09:00,6324.96
2018-09-19 19:09:00,6320.93
2018-09-19 23:09:00,6430.77
2018-09-20 03:09:00,6435.69
2018-09-20 07:09:00,6427.31
2018-09-20 11:09:00,6425.64
2018-09-20 15:09:00,6445.32
2018-09-20 19:09:00,6434.06
2018-09-20 23:09:00,6463.23
2018-09-21 03:09:00,6547.76
2018-09-21 07:09:00,6596.93
2018-09-21 11:09:00,6720.95
2018-09-21 15:09:00,6729.06
2018-09-21 19:09:00,6736.04
2018-09-21 23:09:00,6746.14
2018-09-22 03:09:00,6781.64
2018-09-22 07:09:00,6741.82
2018-09-22 11:09:00,6681.49
2018-09-22 15:09:00,6688.82
2018-09-22 19:09:00,6701.13
2018-09-22 23:09:00,6723.46
2018-09-23 03:09:00,6717.98
2018-09-23 07:09:00,6731.18
2018-09-23 11:09:00,6759.18
2018-09-23 15:09:00,6717.43
2018-09-23 19:09:00,6702.55
2018-09-23 23:09:00,6705.33
2018-09-24 03:09:00,6723.36
2018-09-24 07:09:00,6673.63
2018-09-24 11:09:00,6615.22
2018-09-24 15:09:00,6617.89
2018-09-24 19:09:00,6639.54
2018-09-24 23:09:00,6609.49
2018-09-25 03:09:00,6475.09
2018-09-25 07:09:00,6440.81
2018-09-25 11:09:00,6411.07
2018-09-25 15:09:00,6420.87
2018-09-25 19:09:00,6383.10
2018-09-25 23:09:00,6404.93
2018-09-26 03:09:00,6416.25
2018-09-26 07:09:00,6450.39
2018-09-26 11:09:00,6490.90
2018-09-26 15:09:00,6523.56
2018-09-26 19:09:00,6531.41
2018-09-26 23:09:00,6484.93
2018-09-27 03:09:00,6507.14
2018-09-27 07:09:00,6482.13
2018-09-27 11:09:00,6483.53
2018-09-27 15:09:00,6519.75
2018-09-27 19:09:00,6578.16
2018-09-27 23:09:00,6704.73
2018-09-28 03:09:00,6718.80
2018-09-28 07:09:00,6763.74
2018-09-28 11:09:00,6686.96
2018-09-28 15:09:00,6650.07
2018-09-28 19:09:00,6638.02
2018-09-28 23:09:00,6662.91
2018-09-29 03:09:00,6539.42
2018-09-29 07:09:00,6528.39
2018-09-29 11:09:00,6583.78
2018-09-29 15:09:00,6587.26
2018-09-29 19:09:00,6600.43
2018-09-29 23:09:00,6628.52
2018-09-30 03:09:00,6603.31
2018-09-30 07:09:00,6605.57
2018-09-30 11:09:00,6631.43
2018-09-30 15:09:00,6637.18
2018-09-30 19:09:00,6636.71
2018-09-30 23:09:00,6577.94
2018-10-01 03:10:00,6660.23
2018-10-01 07:10:00,6639.77
2018-10-01 11:10:00,6595.98
2018-10-01 15:10:00,6570.43
2018-10-01 19:10:00,6589.60
2018-10-01 23:10:00,6599.00
2018-10-02 03:10:00,6615.64
2018-10-02 07:10:00,6615.15
2018-10-02 11:10:00,6601.60
2018-10-02 15:10:00,6570.07
2018-10-02 19:10:00,6537.78
2018-10-02 23:10:00,6558.67
2018-10-03 03:10:00,6492.22
2018-10-03 07:10:00,6474.63
2018-10-03 11:10:00,6492.57
2018-10-03 15:10:00,6508.10
2018-10-03 19:10:00,6494.44
2018-10-03 23:10:00,6488.59
2018-10-04 03:10:00,6588.93
2018-10-04 07:10:00,6596.77
2018-10-04 11:10:00,6592.05
2018-10-04 15:10:00,6574.20
2018-10-04 19:10:00,6591.59
2018-10-04 23:10:00,6576.88
2018-10-05 03:10:00,6575.90
2018-10-05 07:10:00,6605.06
2018-10-05 11:10:00,6610.08
2018-10-05 15:10:00,6596.34
2018-10-05 19:10:00,6596.57
2018-10-05 23:10:00,6637.70
2018-10-06 03:10:00,6612.18
2018-10-06 07:10:00,6309.23
2018-10-06 11:10:00,6600.24
2018-10-06 15:10:00,6582.91
2018-10-06 19:10:00,6591.50
2018-10-06 23:10:00,6590.94
2018-10-07 03:10:00,6600.50
2018-10-07 07:10:00,6584.54
2018-10-07 11:10:00,6551.52
2018-10-07 15:10:00,6563.31
2018-10-07 19:10:00,6576.74
2018-10-07 23:10:00,6589.98
2018-10-08 03:10:00,6603.21
2018-10-08 07:10:00,6598.12
2018-10-08 11:10:00,6626.47
2018-10-08 15:10:00,6665.97
2018-10-08 19:10:00,6667.86
2018-10-08 23:10:00,6652.91
2018-10-09 03:10:00,6647.37
2018-10-09 07:10:00,6667.33
2018-10-09 11:10:00,6664.01
2018-10-09 15:10:00,6620.18
2018-10-09 19:10:00,6633.68
2018-10-09 23:10:00,6642.94
2018-10-10 03:10:00,6607.56
2018-10-10 07:10:00,6537.61
2018-10-10 11:10:00,6577.93
2018-10-10 15:10:00,6573.46
2018-10-10 19:10:00,6572.88
2018-10-10 23:10:00,6583.62
2018-10-11 03:10:00,6296.51
2018-10-11 07:10:00,6280.46
2018-10-11 11:10:00,6286.09
2018-10-11 15:10:00,6264.80
2018-10-11 19:10:00,6274.19
2018-10-11 23:10:00,6236.15
2018-10-12 03:10:00,6228.43
2018-10-12 07:10:00,6278.77
2018-10-12 11:10:00,6294.93
2018-10-12 15:10:00,6303.67
2018-10-12 19:10:00,6273.15
2018-10-12 23:10:00,6257.81
2018-10-13 03:10:00,6263.77
2018-10-13 07:10:00,6278.55
2018-10-13 11:10:00,6297.49
2018-10-13 15:10:00,6298.29
2018-10-13 19:10:00,6284.10
2018-10-13 23:10:00,6292.10
2018-10-14 03:10:00,6296.29
2018-10-14 07:10:00,6330.26
2018-10-14 11:10:00,6311.65
2018-10-14 15:10:00,6308.69
2018-10-14 19:10:00,6334.05
2018-10-14 23:10:00,6293.00
2018-10-15 03:10:00,6270.64
2018-10-15 07:10:00,6796.61
2018-10-15 11:10:00,6705.79
2018-10-15 15:10:00,6694.64
2018-10-15 19:10:00,6657.03
2018-10-15 23:10:00,6581.32
2018-10-16 03:10:00,6575.64
2018-10-16 07:10:00,6669.38
2018-10-16 11:10:00,6590.87
2018-10-16 15:10:00,6608.07
2018-10-16 19:10:00,6546.51
2018-10-16 23:10:00,6528.81
2018-10-17 03:10:00,6581.78
2018-10-17 07:10:00,6568.68
2018-10-17 11:10:00,6563.32
2018-10-17 15:10:00,6557.55
2018-10-17 19:10:00,6609.34
2018-10-17 23:10:00,6564.73
2018-10-18 03:10:00,6606.16
2018-10-18 07:10:00,6574.51
2018-10-18 11:10:00,6532.28
2018-10-18 15:10:00,6547.03
2018-10-18 19:10:00,6511.50
2018-10-18 23:10:00,6505.31
2018-10-19 03:10:00,6512.90
2018-10-19 07:10:00,6509.80
2018-10-19 11:10:00,6489.65
2018-10-19 15:10:00,6502.71
2018-10-19 19:10:00,6480.74
2018-10-19 23:10:00,6489.92
2018-10-20 03:10:00,6485.90
2018-10-20 07:10:00,6504.68
2018-10-20 11:10:00,6473.21
2018-10-20 15:10:00,6532.33
2018-10-20 19:10:00,6537.10
2018-10-20 23:10:00,6549.67
2018-10-21 03:10:00,6552.85
2018-10-21 07:10:00,6589.73
2018-10-21 11:10:00,6596.98
2018-10-21 15:10:00,6578.27
2018-10-21 19:10:00,6575.45
2018-10-21 23:10:00,6553.77
2018-10-22 03:10:00,6527.19
2018-10-22 07:10:00,6476.62
2018-10-22 11:10:00,6467.83
2018-10-22 15:10:00,6523.74
2018-10-22 19:10:00,6476.49
2018-10-22 23:10:00,6485.91
2018-10-23 03:10:00,6481.76
2018-10-23 07:10:00,6474.04
2018-10-23 11:10:00,6470.17
2018-10-23 15:10:00,6499.10
2018-10-23 19:10:00,6490.91
2018-10-23 23:10:00,6496.55
2018-10-24 03:10:00,6493.98
2018-10-24 07:10:00,6507.49
2018-10-24 11:10:00,6524.23
2018-10-24 15:10:00,6509.03
2018-10-24 19:10:00,6514.44
2018-10-24 23:10:00,6507.62
2018-10-25 03:10:00,6475.80
2018-10-25 07:10:00,6470.87
2018-10-25 11:10:00,6473.87
2018-10-25 15:10:00,6473.10
2018-10-25 19:10:00,6471.05
2018-10-25 23:10:00,6487.41
2018-10-26 03:10:00,6477.26
2018-10-26 07:10:00,6445.69
2018-10-26 11:10:00,6490.16
2018-10-26 15:10:00,6454.55
2018-10-26 19:10:00,6489.62
2018-10-26 23:10:00,6488.07
2018-10-27 03:10:00,6516.94
2018-10-27 07:10:00,6534.23
2018-10-27 11:10:00,6517.41
2018-10-27 15:10:00,6480.08
2018-10-27 19:10:00,6487.28
2018-10-27 23:10:00,6491.51
2018-10-28 03:10:00,6500.61
2018-10-28 06:10:00,6500.28
2018-10-28 10:10:00,6500.63
2018-10-28 14:10:00,6495.35
2018-10-28 18:10:00,6489.46
2018-10-28 22:10:00,6474.75
2018-10-29 02:10:00,6484.91
2018-10-29 06:10:00,6473.10
2018-10-29 10:10:00,6401.40
2018-10-29 14:10:00,6325.28
2018-10-29 18:10:00,6322.55
2018-10-29 22:10:00,6319.87
2018-10-30 02:10:00,6341.77
2018-10-30 06:10:00,6327.87
2018-10-30 10:10:00,6300.38
2018-10-30 14:10:00,6313.30
2018-10-30 18:10:00,6308.72
2018-10-30 22:10:00,6307.67
2018-10-31 02:10:00,6306.99
2018-10-31 06:10:00,6302.66
2018-10-31 10:10:00,6313.68
2018-10-31 14:10:00,6301.94
2018-10-31 18:10:00,6358.08
2018-10-31 22:10:00,6363.30
2018-11-01 02:11:00,6359.77
2018-11-01 06:11:00,6360.59
2018-11-01 10:11:00,6354.43
2018-11-01 14:11:00,6349.15
2018-11-01 18:11:00,6374.20
2018-11-01 22:11:00,6392.82
2018-11-02 02:11:00,6422.82
2018-11-02 06:11:00,6402.03
2018-11-02 10:11:00,6390.81
2018-11-02 14:11:00,6412.16
2018-11-02 18:11:00,6419.05
2018-11-02 22:11:00,6414.36
2018-11-03 02:11:00,6429.82
2018-11-03 06:11:00,6382.70
2018-11-03 10:11:00,6362.14
2018-11-03 14:11:00,6354.45
2018-11-03 18:11:00,6373.65
2018-11-03 22:11:00,6386.18
2018-11-04 02:11:00,6373.37
2018-11-04 06:11:00,6392.16
2018-11-04 10:11:00,6416.72
2018-11-04 14:11:00,6428.29
2018-11-04 18:11:00,6472.51
2018-11-04 22:11:00,6479.84
2018-11-05 02:11:00,6467.37
2018-11-05 06:11:00,6469.99
2018-11-05 10:11:00,6446.74
2018-11-05 14:11:00,6446.39
2018-11-05 18:11:00,6439.82
2018-11-05 22:11:00,6449.61
2018-11-06 02:11:00,6449.97
2018-11-06 06:11:00,6434.57
2018-11-06 10:11:00,6448.64
2018-11-06 14:11:00,6448.83
2018-11-06 18:11:00,6458.64
2018-11-06 22:11:00,6467.81
2018-11-07 02:11:00,6540.71
2018-11-07 06:11:00,6536.16
2018-11-07 10:11:00,6537.40
2018-11-07 14:11:00,6527.09
2018-11-07 18:11:00,6530.11
2018-11-07 22:11:00,6531.44
2018-11-08 02:11:00,6508.72
2018-11-08 06:11:00,6500.51
2018-11-08 10:11:00,6494.75
2018-11-08 14:11:00,6524.58
2018-11-08 18:11:00,6463.20
2018-11-08 22:11:00,6479.08
2018-11-09 02:11:00,6460.56
2018-11-09 06:11:00,6457.82
2018-11-09 10:11:00,6405.91
2018-11-09 14:11:00,6386.10
2018-11-09 18:11:00,6400.27
2018-11-09 22:11:00,6393.04
2018-11-10 02:11:00,6423.05
2018-11-10 06:11:00,6429.02
2018-11-10 10:11:00,6436.37
2018-11-10 14:11:00,6436.72
2018-11-10 18:11:00,6438.43
2018-11-10 22:11:00,6442.59
2018-11-11 02:11:00,6435.86
2018-11-11 06:11:00,6436.98
2018-11-11 10:11:00,6426.95
2018-11-11 14:11:00,6365.28
2018-11-11 18:11:00,6388.89
2018-11-11 22:11:00,6405.03
2018-11-12 02:11:00,6429.43
2018-11-12 06:11:00,6438.98
2018-11-12 10:11:00,6399.55
2018-11-12 14:11:00,6414.54
2018-11-12 18:11:00,6381.74
2018-11-12 22:11:00,6392.40
2018-11-13 02:11:00,6372.74
2018-11-13 06:11:00,6372.97
2018-11-13 10:11:00,6363.04
2018-11-13 14:11:00,6361.94
2018-11-13 18:11:00,6375.21
2018-11-13 22:11:00,6351.68
2018-11-14 02:11:00,6363.94
2018-11-14 06:11:00,6377.49
2018-11-14 10:11:00,6306.44
2018-11-14 14:11:00,6223.44
2018-11-14 18:11:00,5794.31
2018-11-14 22:11:00,5620.82
2018-11-15 02:11:00,5680.51
2018-11-15 06:11:00,5620.80
2018-11-15 10:11:00,5533.32
2018-11-15 14:11:00,5450.53
2018-11-15 18:11:00,5557.81
2018-11-15 22:11:00,5538.14
2018-11-16 02:11:00,5606.97
2018-11-16 06:11:00,5598.16
2018-11-16 10:11:00,5589.25
2018-11-16 14:11:00,5615.93
2018-11-16 18:11:00,5601.20
2018-11-16 22:11:00,5539.14
2018-11-17 02:11:00,5543.18
2018-11-17 06:11:00,5540.66
2018-11-17 10:11:00,5573.15
2018-11-17 14:11:00,5576.64
2018-11-17 18:11:00,5569.92
2018-11-17 22:11:00,5585.17
2018-11-18 02:11:00,5613.94
2018-11-18 06:11:00,5590.42
2018-11-18 10:11:00,5587.14
2018-11-18 14:11:00,5576.85
2018-11-18 18:11:00,5617.92
2018-11-18 22:11:00,5595.43
2018-11-19 02:11:00,5562.94
2018-11-19 06:11:00,5456.06
2018-11-19 10:11:00,5305.89
2018-11-19 14:11:00,5174.76
2018-11-19 18:11:00,5044.11
2018-11-19 22:11:00,4896.11
2018-11-20 02:11:00,4873.44
2018-11-20 06:11:00,4675.74
2018-11-20 10:11:00,4470.51
2018-11-20 14:11:00,4623.73
2018-11-20 18:11:00,4653.84
2018-11-20 22:11:00,4345.53
2018-11-21 02:11:00,4431.41
2018-11-21 06:11:00,4467.22
2018-11-21 10:11:00,4609.58
2018-11-21 14:11:00,4529.75
2018-11-21 18:11:00,4485.65
2018-11-21 22:11:00,4505.46
2018-11-22 02:11:00,4582.21
2018-11-22 06:11:00,4572.10
2018-11-22 10:11:00,4512.17
2018-11-22 14:11:00,4496.75
2018-11-22 18:11:00,4499.87
2018-11-22 22:11:00,4423.47
2018-11-23 02:11:00,4272.58
2018-11-23 06:11:00,4240.75
2018-11-23 10:11:00,4337.93
2018-11-23 14:11:00,4307.44
2018-11-23 18:11:00,4279.51
2018-11-23 22:11:00,4323.68
2018-11-24 02:11:00,4400.30
2018-11-24 06:11:00,4347.66
2018-11-24 10:11:00,4361.62
2018-11-24 14:11:00,4305.83
2018-11-24 18:11:00,4253.87
2018-11-24 22:11:00,3918.81
2018-11-25 02:11:00,3778.21
2018-11-25 06:11:00,3718.80
2018-11-25 10:11:00,3748.26
2018-11-25 14:11:00,3854.90
2018-11-25 18:11:00,3814.65
2018-11-25 22:11:00,4038.07
2018-11-26 02:11:00,4036.87
2018-11-26 06:11:00,4046.35
2018-11-26 10:11:00,3977.26
2018-11-26 14:11:00,3849.60
2018-11-26 18:11:00,3772.68
2018-11-26 22:11:00,3709.61
2018-11-27 02:11:00,3749.51
2018-11-27 06:11:00,3788.55
2018-11-27 10:11:00,3714.23
2018-11-27 14:11:00,3730.79
2018-11-27 18:11:00,3745.76
2018-11-27 22:11:00,3797.91
2018-11-28 02:11:00,3854.45
2018-11-28 06:11:00,4023.48
2018-11-28 10:11:00,4054.32
2018-11-28 14:11:00,4187.25
2018-11-28 18:11:00,4278.74
2018-11-28 22:11:00,4303.52
2018-11-29 02:11:00,4194.48
2018-11-29 06:11:00,4204.93
2018-11-29 10:11:00,4352.01
2018-11-29 14:11:00,4305.11
2018-11-29 18:11:00,4291.13
2018-11-29 22:11:00,4239.09
2018-11-30 02:11:00,4270.56
2018-11-30 06:11:00,4269.20
2018-11-30 10:11:00,4096.58
2018-11-30 14:11:00,3985.05
2018-11-30 18:11:00,4022.06
2018-11-30 22:11:00,3965.97
2018-12-01 02:12:00,4000.70
2018-12-01 06:12:00,3980.27
2018-12-01 10:12:00,4121.58
2018-12-01 14:12:00,4206.68
2018-12-01 18:12:00,4272.90
2018-12-01 22:12:00,4213.27
2018-12-02 02:12:00,4241.11
2018-12-02 06:12:00,4147.31
2018-12-02 10:12:00,4158.34
2018-12-02 14:12:00,4165.67
2018-12-02 18:12:00,4157.64
2018-12-02 22:12:00,4179.65
2018-12-03 02:12:00,4034.02
2018-12-03 06:12:00,3989.91
2018-12-03 10:12:00,4009.61
2018-12-03 14:12:00,3928.27
2018-12-03 18:12:00,3854.95
2018-12-03 22:12:00,3876.50
2018-12-04 02:12:00,3867.91
2018-12-04 06:12:00,3905.24
2018-12-04 10:12:00,4009.15
2018-12-04 14:12:00,4032.00
2018-12-04 18:12:00,3965.29
2018-12-04 22:12:00,3931.09
2018-12-05 02:12:00,3906.13
2018-12-05 06:12:00,3868.13
2018-12-05 10:12:00,3868.91
2018-12-05 14:12:00,3881.60
2018-12-05 18:12:00,3765.06
2018-12-05 22:12:00,3759.95
2018-12-06 02:12:00,3767.46
2018-12-06 06:12:00,3806.24
2018-12-06 10:12:00,3836.82
2018-12-06 14:12:00,3701.46
2018-12-06 18:12:00,3630.73
2018-12-06 22:12:00,3585.46
2018-12-07 02:12:00,3409.26
2018-12-07 06:12:00,3407.76
2018-12-07 10:12:00,3406.28
2018-12-07 14:12:00,3406.90
2018-12-07 18:12:00,3366.48
2018-12-07 22:12:00,3418.14
2018-12-08 02:12:00,3468.27
2018-12-08 06:12:00,3476.19
2018-12-08 10:12:00,3429.07
2018-12-08 14:12:00,3389.22
2018-12-08 18:12:00,3402.60
2018-12-08 22:12:00,3437.78
2018-12-09 02:12:00,3466.38
2018-12-09 06:12:00,3468.83
2018-12-09 10:12:00,3455.16
2018-12-09 14:12:00,3553.55
2018-12-09 18:12:00,3628.58
2018-12-09 22:12:00,3592.71
2018-12-10 02:12:00,3596.30
2018-12-10 06:12:00,3549.38
2018-12-10 10:12:00,3519.94
2018-12-10 14:12:00,3500.92
2018-12-10 18:12:00,3473.60
2018-12-10 22:12:00,3460.86
2018-12-11 02:12:00,3443.72
2018-12-11 06:12:00,3461.76
2018-12-11 10:12:00,3426.35
2018-12-11 14:12:00,3397.64
2018-12-11 18:12:00,3387.64
2018-12-11 22:12:00,3405.50
2018-12-12 02:12:00,3387.23
2018-12-12 06:12:00,3407.62
2018-12-12 10:12:00,3452.65
2018-12-12 14:12:00,3475.46
2018-12-12 18:12:00,3496.63
2018-12-12 22:12:00,3468.04
2018-12-13 02:12:00,3433.83
2018-12-13 06:12:00,3410.51
2018-12-13 10:12:00,3432.62
2018-12-13 14:12:00,3446.76
2018-12-13 18:12:00,3397.91
2018-12-13 22:12:00,3302.56
2018-12-14 02:12:00,3293.53
2018-12-14 06:12:00,3324.11
2018-12-14 10:12:00,3316.98
2018-12-14 14:12:00,3292.95
2018-12-14 18:12:00,3227.70
2018-12-14 22:12:00,3219.78
2018-12-15 02:12:00,3258.87
2018-12-15 06:12:00,3267.49
2018-12-15 10:12:00,3216.78
2018-12-15 14:12:00,3187.11
2018-12-15 18:12:00,3206.68
2018-12-15 22:12:00,3236.49
2018-12-16 02:12:00,3285.04
2018-12-16 06:12:00,3300.46
2018-12-16 10:12:00,3296.57
2018-12-16 14:12:00,3286.06
2018-12-16 18:12:00,3283.39
2018-12-16 22:12:00,3256.88
2018-12-17 02:12:00,3254.87
2018-12-17 06:12:00,3268.18
2018-12-17 10:12:00,3290.71
2018-12-17 14:12:00,3419.74
2018-12-17 18:12:00,3530.12
2018-12-17 22:12:00,3570.76
2018-12-18 02:12:00,3559.01
2018-12-18 06:12:00,3570.77
2018-12-18 10:12:00,3501.49
2018-12-18 14:12:00,3566.20
2018-12-18 18:12:00,3555.97
2018-12-18 22:12:00,3644.36
2018-12-19 02:12:00,3762.10
2018-12-19 06:12:00,3767.48
2018-12-19 10:12:00,3812.05
2018-12-19 14:12:00,3881.64
2018-12-19 18:12:00,3839.34
2018-12-19 22:12:00,3754.37
2018-12-20 02:12:00,3782.96
2018-12-20 06:12:00,3778.52
2018-12-20 10:12:00,4043.79
2018-12-20 14:12:00,4082.79
2018-12-20 18:12:00,4135.08
2018-12-20 22:12:00,4043.97
2018-12-21 02:12:00,4110.24
2018-12-21 06:12:00,4028.73
2018-12-21 10:12:00,4069.68
2018-12-21 14:12:00,4074.19
2018-12-21 18:12:00,3973.25
2018-12-21 22:12:00,3874.39
2018-12-22 02:12:00,3889.60
2018-12-22 06:12:00,3870.22
2018-12-22 10:12:00,3961.44
2018-12-22 14:12:00,3899.39
2018-12-22 18:12:00,3904.77
2018-12-22 22:12:00,3978.12
2018-12-23 02:12:00,4065.17
2018-12-23 06:12:00,4068.07
2018-12-23 10:12:00,4086.73
2018-12-23 14:12:00,4050.37
2018-12-23 18:12:00,4013.76
2018-12-23 22:12:00,3986.54
2018-12-24 02:12:00,4196.05
2018-12-24 06:12:00,4247.22
2018-12-24 10:12:00,4211.43
2018-12-24 14:12:00,4203.27
2018-12-24 18:12:00,4100.59
2018-12-24 22:12:00,4092.95
2018-12-25 02:12:00,3894.11
2018-12-25 06:12:00,3826.35
2018-12-25 10:12:00,3803.39
2018-12-25 14:12:00,3798.22
2018-12-25 18:12:00,3786.53
2018-12-25 22:12:00,3845.28
2018-12-26 02:12:00,3879.96
2018-12-26 06:12:00,3838.16
2018-12-26 10:12:00,3796.94
2018-12-26 14:12:00,3780.98
2018-12-26 18:12:00,3812.69
2018-12-26 22:12:00,3823.53
2018-12-27 02:12:00,3828.34
2018-12-27 06:12:00,3781.85
2018-12-27 10:12:00,3772.34
2018-12-27 14:12:00,3790.29
2018-12-27 18:12:00,3724.23
2018-12-27 22:12:00,3639.32
2018-12-28 02:12:00,3659.87
2018-12-28 06:12:00,3655.15
2018-12-28 10:12:00,3662.98
2018-12-28 14:12:00,3778.56
2018-12-28 18:12:00,3931.39
2018-12-28 22:12:00,3940.27
2018-12-29 02:12:00,3955.45
2018-12-29 06:12:00,3947.78
2018-12-29 10:12:00,3950.43
2018-12-29 14:12:00,3925.19
2018-12-29 18:12:00,3881.34
2018-12-29 22:12:00,3923.08
2018-12-30 02:12:00,3802.60
2018-12-30 06:12:00,3841.87
2018-12-30 10:12:00,3876.25
2018-12-30 14:12:00,3866.99
2018-12-30 18:12:00,3857.88
2018-12-30 22:12:00,3880.73
2018-12-31 02:12:00,3875.86
2018-12-31 06:12:00,3850.29
2018-12-31 10:12:00,3812.39
2018-12-31 14:12:00,3807.41
2018-12-31 18:12:00,3766.15
2018-12-31 22:12:00,3709.55
2019-01-01 02:01:00,3726.08
2019-01-01 06:01:00,3752.70
2019-01-01 10:01:00,3766.41
2019-01-01 14:01:00,3757.53
2019-01-01 18:01:00,3734.37
2019-01-01 22:01:00,3845.02
2019-01-02 02:01:00,3866.44
2019-01-02 06:01:00,3853.31
2019-01-02 10:01:00,3882.71
2019-01-02 14:01:00,3905.92
2019-01-02 18:01:00,3913.29
2019-01-02 22:01:00,3945.97
2019-01-03 02:01:00,3915.46
2019-01-03 06:01:00,3897.73
2019-01-03 10:01:00,3884.09
2019-01-03 14:01:00,3887.51
2019-01-03 18:01:00,3824.69
2019-01-03 22:01:00,3839.15
2019-01-04 02:01:00,3826.66
2019-01-04 06:01:00,3858.44
2019-01-04 10:01:00,3853.09
2019-01-04 14:01:00,3832.41
2019-01-04 18:01:00,3828.87
2019-01-04 22:01:00,3844.84
2019-01-05 02:01:00,3910.59
2019-01-05 06:01:00,3916.44
2019-01-05 10:01:00,3888.38
2019-01-05 14:01:00,3904.37
2019-01-05 18:01:00,3898.31
2019-01-05 22:01:00,3875.88
2019-01-06 02:01:00,3847.38
2019-01-06 06:01:00,3854.60
2019-01-06 10:01:00,3880.13
2019-01-06 14:01:00,3897.42
2019-01-06 18:01:00,4075.55
2019-01-06 22:01:00,4099.91
2019-01-07 02:01:00,4088.33
2019-01-07 06:01:00,4072.30
2019-01-07 10:01:00,4054.99
2019-01-07 14:01:00,4037.75
2019-01-07 18:01:00,4054.60
2019-01-07 22:01:00,4055.51
2019-01-08 02:01:00,4032.68
2019-01-08 06:01:00,4035.19
2019-01-08 10:01:00,4068.75
2019-01-08 14:01:00,4096.57
2019-01-08 18:01:00,4048.34
2019-01-08 22:01:00,4053.99
2019-01-09 02:01:00,4059.55
2019-01-09 06:01:00,4077.35
2019-01-09 10:01:00,4079.51
2019-01-09 14:01:00,4049.74
2019-01-09 18:01:00,4044.01
2019-01-09 22:01:00,4045.76
2019-01-10 02:01:00,4057.46
2019-01-10 06:01:00,3920.59
2019-01-10 10:01:00,3831.29
2019-01-10 14:01:00,3817.91
2019-01-10 18:01:00,3668.56
2019-01-10 22:01:00,3666.98
2019-01-11 02:01:00,3661.77
2019-01-11 06:01:00,3652.61
2019-01-11 10:01:00,3681.96
2019-01-11 14:01:00,3679.65
2019-01-11 18:01:00,3685.17
2019-01-11 22:01:00,3666.05
2019-01-12 02:01:00,3679.95
2019-01-12 06:01:00,3668.06
2019-01-12 10:01:00,3671.56
2019-01-12 14:01:00,3650.83
2019-01-12 18:01:00,3668.07
2019-01-12 22:01:00,3666.99
2019-01-13 02:01:00,3652.03
2019-01-13 06:01:00,3637.59
2019-01-13 10:01:00,3657.54
2019-01-13 14:01:00,3653.88
2019-01-13 18:01:00,3562.56
2019-01-13 22:01:00,3545.85
2019-01-14 02:01:00,3559.69
2019-01-14 06:01:00,3574.56
2019-01-14 10:01:00,3589.16
2019-01-14 14:01:00,3643.69
2019-01-14 18:01:00,3710.25
2019-01-14 22:01:00,3709.66
2019-01-15 02:01:00,3707.24
2019-01-15 06:01:00,3694.48
2019-01-15 10:01:00,3686.61
2019-01-15 14:01:00,3680.20
2019-01-15 18:01:00,3674.67
2019-01-15 22:01:00,3619.75
2019-01-16 02:01:00,3628.35
2019-01-16 06:01:00,3638.03
2019-01-16 10:01:00,3648.31
2019-01-16 14:01:00,3664.54
2019-01-16 18:01:00,3639.33
2019-01-16 22:01:00,3634.90
2019-01-17 02:01:00,3630.44
2019-01-17 06:01:00,3631.56
2019-01-17 10:01:00,3624.05
2019-01-17 14:01:00,3628.34
2019-01-17 18:01:00,3660.60
2019-01-17 22:01:00,3673.62
2019-01-18 02:01:00,3671.06
2019-01-18 06:01:00,3662.50
2019-01-18 10:01:00,3654.11
2019-01-18 14:01:00,3647.24
2019-01-18 18:01:00,3633.43
2019-01-18 22:01:00,3641.05
2019-01-19 02:01:00,3664.55
2019-01-19 06:01:00,3646.52
2019-01-19 10:01:00,3755.74
2019-01-19 14:01:00,3761.80
2019-01-19 18:01:00,3743.23
2019-01-19 22:01:00,3738.47
2019-01-20 02:01:00,3755.72
2019-01-20 06:01:00,3728.99
2019-01-20 10:01:00,3671.23
2019-01-20 14:01:00,3563.53
2019-01-20 18:01:00,3558.26
2019-01-20 22:01:00,3564.41
2019-01-21 02:01:00,3567.45
2019-01-21 06:01:00,3569.02
2019-01-21 10:01:00,3584.72
2019-01-21 14:01:00,3577.33
2019-01-21 18:01:00,3586.07
2019-01-21 22:01:00,3554.19
2019-01-22 02:01:00,3568.36
2019-01-22 06:01:00,3555.32
2019-01-22 10:01:00,3518.25
2019-01-22 14:01:00,3591.38
2019-01-22 18:01:00,3609.51
2019-01-22 22:01:00,3604.91
2019-01-23 02:01:00,3609.72
2019-01-23 06:01:00,3591.02
2019-01-23 10:01:00,3584.78
2019-01-23 14:01:00,3593.53
2019-01-23 18:01:00,3575.79
2019-01-23 22:01:00,3558.98
2019-01-24 02:01:00,3565.61
2019-01-24 06:01:00,3554.34
2019-01-24 10:01:00,3579.79
2019-01-24 14:01:00,3579.62
2019-01-24 18:01:00,3587.36
2019-01-24 22:01:00,3590.17
2019-01-25 02:01:00,3590.95
2019-01-25 06:01:00,3589.35
2019-01-25 10:01:00,3563.12
2019-01-25 14:01:00,3564.93
2019-01-25 18:01:00,3564.56
2019-01-25 22:01:00,3569.70
2019-01-26 02:01:00,3591.15
2019-01-26 06:01:00,3646.87
2019-01-26 10:01:00,3661.48
2019-01-26 14:01:00,3609.37
2019-01-26 18:01:00,3601.44
2019-01-26 22:01:00,3590.28
2019-01-27 02:01:00,3580.91
2019-01-27 06:01:00,3588.91
2019-01-27 10:01:00,3571.48
2019-01-27 14:01:00,3557.65
2019-01-27 18:01:00,3570.52
2019-01-27 22:01:00,3577.86
2019-01-28 02:01:00,3516.95
2019-01-28 06:01:00,3461.34
2019-01-28 10:01:00,3446.93
2019-01-28 14:01:00,3430.17
2019-01-28 18:01:00,3438.63
2019-01-28 22:01:00,3438.49
2019-01-29 02:01:00,3436.60
2019-01-29 06:01:00,3400.93
2019-01-29 10:01:00,3397.35
2019-01-29 14:01:00,3413.15
2019-01-29 18:01:00,3425.65
2019-01-29 22:01:00,3421.31
2019-01-30 02:01:00,3434.53
2019-01-30 06:01:00,3446.61
2019-01-30 10:01:00,3443.10
2019-01-30 14:01:00,3468.82
2019-01-30 18:01:00,3462.21
2019-01-30 22:01:00,3458.95
2019-01-31 02:01:00,3482.91
2019-01-31 06:01:00,3475.58
2019-01-31 10:01:00,3443.69
2019-01-31 14:01:00,3432.43
2019-01-31 18:01:00,3424.32
2019-01-31 22:01:00,3434.86
2019-02-01 02:02:00,3425.10
2019-02-01 06:02:00,3410.76
2019-02-01 10:02:00,3433.56
2019-02-01 14:02:00,3451.73
2019-02-01 18:02:00,3464.51
2019-02-01 22:02:00,3463.86
2019-02-02 02:02:00,3453.67
2019-02-02 06:02:00,3472.08
2019-02-02 10:02:00,3450.30
2019-02-02 14:02:00,3470.89
2019-02-02 18:02:00,3477.49
2019-02-02 22:02:00,3492.12
2019-02-03 02:02:00,3482.94
2019-02-03 06:02:00,3456.38
2019-02-03 10:02:00,3457.45
2019-02-03 14:02:00,3461.13
2019-02-03 18:02:00,3438.96
2019-02-03 22:02:00,3438.60
2019-02-04 02:02:00,3458.55
2019-02-04 06:02:00,3435.46
2019-02-04 10:02:00,3442.72
2019-02-04 14:02:00,3420.90
2019-02-04 18:02:00,3426.87
2019-02-04 22:02:00,3425.30
2019-02-05 02:02:00,3426.19
2019-02-05 06:02:00,3430.45
2019-02-05 10:02:00,3436.81
2019-02-05 14:02:00,3439.35
2019-02-05 18:02:00,3434.90
2019-02-05 22:02:00,3445.84
2019-02-06 02:02:00,3413.16
2019-02-06 06:02:00,3392.51
2019-02-06 10:02:00,3387.74
2019-02-06 14:02:00,3375.27
2019-02-06 18:02:00,3401.43
2019-02-06 22:02:00,3379.59
2019-02-07 02:02:00,3377.04
2019-02-07 06:02:00,3385.00
2019-02-07 10:02:00,3389.16
2019-02-07 14:02:00,3375.62
2019-02-07 18:02:00,3382.63
2019-02-07 22:02:00,3372.76
2019-02-08 02:02:00,3377.40
2019-02-08 06:02:00,3390.37
2019-02-08 10:02:00,3433.46
2019-02-08 14:02:00,3474.51
2019-02-08 18:02:00,3630.78
2019-02-08 22:02:00,3639.67
2019-02-09 02:02:00,3628.37
2019-02-09 06:02:00,3625.72
2019-02-09 10:02:00,3642.27
2019-02-09 14:02:00,3653.89
2019-02-09 18:02:00,3635.84
2019-02-09 22:02:00,3644.13
2019-02-10 02:02:00,3644.62
2019-02-10 06:02:00,3632.84
2019-02-10 10:02:00,3619.90
2019-02-10 14:02:00,3634.87
2019-02-10 18:02:00,3630.34
2019-02-10 22:02:00,3661.12
2019-02-11 02:02:00,3632.35
2019-02-11 06:02:00,3618.46
2019-02-11 10:02:00,3605.81
2019-02-11 14:02:00,3611.70
2019-02-11 18:02:00,3614.63
2019-02-11 22:02:00,3613.11
2019-02-12 02:02:00,3593.47
2019-02-12 06:02:00,3590.10
2019-02-12 10:02:00,3599.76
2019-02-12 14:02:00,3607.10
2019-02-12 18:02:00,3624.51
2019-02-12 22:02:00,3606.10
2019-02-13 02:02:00,3615.21
2019-02-13 06:02:00,3628.87
2019-02-13 10:02:00,3619.39
2019-02-13 14:02:00,3598.21
2019-02-13 18:02:00,3597.92
2019-02-13 22:02:00,3590.06
2019-02-14 02:02:00,3603.18
2019-02-14 06:02:00,3600.68
2019-02-14 10:02:00,3583.27
2019-02-14 14:02:00,3584.74
2019-02-14 18:02:00,3599.16
2019-02-14 22:02:00,3597.62
2019-02-15 02:02:00,3585.84
2019-02-15 06:02:00,3608.13
2019-02-15 10:02:00,3605.81
2019-02-15 14:02:00,3599.19
2019-02-15 18:02:00,3581.03
2019-02-15 22:02:00,3591.34
2019-02-16 02:02:00,3627.45
2019-02-16 06:02:00,3609.18
2019-02-16 10:02:00,3616.78
2019-02-16 14:02:00,3623.97
2019-02-16 18:02:00,3622.75
2019-02-16 22:02:00,3632.14
2019-02-17 02:02:00,3619.20
2019-02-17 06:02:00,3643.25
2019-02-17 10:02:00,3671.87
2019-02-17 14:02:00,3615.88
2019-02-17 18:02:00,3623.67
2019-02-17 22:02:00,3632.55
2019-02-18 02:02:00,3719.27
2019-02-18 06:02:00,3723.60
2019-02-18 10:02:00,3740.44
2019-02-18 14:02:00,3813.82
2019-02-18 18:02:00,3911.65
2019-02-18 22:02:00,3892.07
2019-02-19 02:02:00,3937.56
2019-02-19 06:02:00,3901.10
2019-02-19 10:02:00,3900.42
2019-02-19 14:02:00,3961.74
2019-02-19 18:02:00,3962.54
2019-02-19 22:02:00,3944.54
2019-02-20 02:02:00,3926.07
2019-02-20 06:02:00,3914.27
2019-02-20 10:02:00,3950.39
2019-02-20 14:02:00,3956.59
2019-02-20 18:02:00,3938.69
2019-02-20 22:02:00,3966.25
2019-02-21 02:02:00,3957.39
2019-02-21 06:02:00,3998.03
2019-02-21 10:02:00,3934.33
2019-02-21 14:02:00,3918.70
2019-02-21 18:02:00,3911.14
2019-02-21 22:02:00,3918.32
2019-02-22 02:02:00,3950.51
2019-02-22 06:02:00,3928.14
2019-02-22 10:02:00,3971.07
2019-02-22 14:02:00,3976.52
2019-02-22 18:02:00,3964.09
2019-02-22 22:02:00,3962.35
2019-02-23 02:02:00,3964.19
2019-02-23 06:02:00,3963.74
2019-02-23 10:02:00,3969.26
2019-02-23 14:02:00,3997.50
2019-02-23 18:02:00,4073.99
2019-02-23 22:02:00,4146.32
2019-02-24 02:02:00,4184.46
2019-02-24 06:02:00,4197.79
2019-02-24 10:02:00,4175.48
2019-02-24 14:02:00,3951.67
2019-02-24 18:02:00,3790.96
2019-02-24 22:02:00,3794.17
2019-02-25 02:02:00,3792.31
2019-02-25 06:02:00,3799.03
2019-02-25 10:02:00,3794.25
2019-02-25 14:02:00,3810.37
2019-02-25 18:02:00,3856.29
2019-02-25 22:02:00,3841.75
2019-02-26 02:02:00,3838.59
2019-02-26 06:02:00,3805.24
2019-02-26 10:02:00,3811.95
2019-02-26 14:02:00,3820.14
2019-02-26 18:02:00,3817.73
2019-02-26 22:02:00,3813.11
2019-02-27 02:02:00,3820.74
2019-02-27 06:02:00,3825.42
2019-02-27 10:02:00,3854.81
2019-02-27 14:02:00,3832.59
2019-02-27 18:02:00,3819.36
2019-02-27 22:02:00,3770.09
2019-02-28 02:02:00,3832.97
2019-02-28 06:02:00,3833.12
2019-02-28 10:02:00,3858.42
2019-02-28 14:02:00,3850.18
2019-02-28 18:02:00,3855.78
2019-02-28 22:02:00,3824.17
2019-03-01 02:03:00,3817.68
2019-03-01 06:03:00,3820.25
2019-03-01 10:03:00,3844.06
2019-03-01 14:03:00,3829.84
2019-03-01 18:03:00,3857.19
2019-03-01 22:03:00,3838.04
2019-03-02 02:03:00,3826.67
2019-03-02 06:03:00,3846.24
2019-03-02 10:03:00,3830.41
2019-03-02 14:03:00,3830.84
2019-03-02 18:03:00,3823.66
2019-03-02 22:03:00,3823.46
2019-03-03 02:03:00,3832.61
2019-03-03 06:03:00,3826.41
2019-03-03 10:03:00,3825.13
2019-03-03 14:03:00,3823.60
2019-03-03 18:03:00,3817.10
2019-03-03 22:03:00,3805.86
2019-03-04 02:03:00,3828.32
2019-03-04 06:03:00,3758.48
2019-03-04 10:03:00,3733.09
2019-03-04 14:03:00,3733.92
2019-03-04 18:03:00,3738.00
2019-03-04 22:03:00,3722.56
2019-03-05 02:03:00,3718.43
2019-03-05 06:03:00,3734.84
2019-03-05 10:03:00,3751.23
2019-03-05 14:03:00,3823.90
2019-03-05 18:03:00,3871.13
2019-03-05 22:03:00,3848.46
2019-03-06 02:03:00,3855.17
2019-03-06 06:03:00,3850.74
2019-03-06 10:03:00,3876.06
2019-03-06 14:03:00,3856.28
2019-03-06 18:03:00,3862.46
2019-03-06 22:03:00,3867.88
2019-03-07 02:03:00,3893.84
2019-03-07 06:03:00,3887.94
2019-03-07 10:03:00,3867.19
2019-03-07 14:03:00,3877.47
2019-03-07 18:03:00,3885.74
2019-03-07 22:03:00,3903.92
2019-03-08 02:03:00,3879.46
2019-03-08 06:03:00,3902.14
2019-03-08 10:03:00,3906.21
2019-03-08 14:03:00,3905.49
2019-03-08 18:03:00,3910.30
2019-03-08 22:03:00,3869.08
2019-03-09 02:03:00,3885.60
2019-03-09 06:03:00,3917.74
2019-03-09 10:03:00,3916.94
2019-03-09 14:03:00,3953.96
2019-03-09 18:03:00,3938.44
2019-03-09 22:03:00,3917.69
2019-03-10 02:03:00,3941.34
2019-03-10 06:03:00,3914.73
2019-03-10 10:03:00,3918.88
2019-03-10 14:03:00,3914.33
2019-03-10 18:03:00,3913.00
2019-03-10 22:03:00,3928.73
2019-03-11 02:03:00,3922.29
2019-03-11 06:03:00,3902.64
2019-03-11 10:03:00,3882.54
2019-03-11 14:03:00,3865.20
2019-03-11 18:03:00,3866.83
2019-03-11 22:03:00,3870.05
2019-03-12 02:03:00,3855.35
2019-03-12 06:03:00,3842.35
2019-03-12 10:03:00,3880.33
2019-03-12 14:03:00,3893.59
2019-03-12 18:03:00,3872.78
2019-03-12 22:03:00,3883.72
2019-03-13 02:03:00,3895.88
2019-03-13 06:03:00,3876.80
2019-03-13 10:03:00,3871.72
2019-03-13 14:03:00,3884.00
2019-03-13 18:03:00,3868.90
2019-03-13 22:03:00,3873.51
2019-03-14 02:03:00,3903.91
2019-03-14 06:03:00,3883.58
2019-03-14 10:03:00,3869.58
2019-03-14 14:03:00,3868.01
2019-03-14 18:03:00,3873.84
2019-03-14 22:03:00,3873.98
2019-03-15 02:03:00,3888.29
2019-03-15 06:03:00,3898.01
2019-03-15 10:03:00,3894.51
2019-03-15 14:03:00,3916.08
2019-03-15 18:03:00,3929.66
2019-03-15 22:03:00,3915.19
2019-03-16 02:03:00,3967.18
2019-03-16 06:03:00,4053.08
2019-03-16 10:03:00,4029.11
2019-03-16 14:03:00,4005.95
2019-03-16 18:03:00,4003.51
2019-03-16 22:03:00,4017.81
2019-03-17 02:03:00,3997.78
2019-03-17 06:03:00,3979.67
2019-03-17 10:03:00,4000.37
2019-03-17 14:03:00,4018.84
2019-03-17 18:03:00,4009.00
2019-03-17 22:03:00,3998.41
2019-03-18 02:03:00,4020.20
2019-03-18 06:03:00,3985.54
2019-03-18 10:03:00,3978.57
2019-03-18 14:03:00,3980.88
2019-03-18 18:03:00,3980.90
2019-03-18 22:03:00,3992.08
2019-03-19 02:03:00,4006.07
2019-03-19 06:03:00,3988.58
2019-03-19 10:03:00,3995.38
2019-03-19 14:03:00,3997.44
2019-03-19 18:03:00,4023.16
2019-03-19 22:03:00,4015.97
2019-03-20 02:03:00,4009.53
2019-03-20 06:03:00,4014.33
2019-03-20 10:03:00,4016.92
2019-03-20 14:03:00,4031.46
2019-03-20 18:03:00,4037.86
2019-03-20 22:03:00,4049.50
2019-03-21 02:03:00,4061.49
2019-03-21 06:03:00,4062.29
2019-03-21 10:03:00,4067.50
2019-03-21 14:03:00,4012.83
2019-03-21 18:03:00,3980.19
2019-03-21 22:03:00,3995.78
2019-03-22 02:03:00,3998.21
2019-03-22 06:03:00,3990.30
2019-03-22 10:03:00,4003.00
2019-03-22 14:03:00,4008.40
2019-03-22 18:03:00,4003.18
2019-03-22 22:03:00,4005.19
2019-03-23 02:03:00,4004.65
2019-03-23 06:03:00,4013.54
2019-03-23 10:03:00,4011.18
2019-03-23 14:03:00,4007.93
2019-03-23 18:03:00,4003.68
2019-03-23 22:03:00,4005.57
2019-03-24 02:03:00,3995.31
2019-03-24 06:03:00,3999.46
2019-03-24 10:03:00,4007.74
2019-03-24 14:03:00,3998.23
2019-03-24 18:03:00,3988.43
2019-03-24 22:03:00,3991.12
2019-03-25 02:03:00,3995.10
2019-03-25 06:03:00,3993.27
2019-03-25 10:03:00,3986.06
2019-03-25 14:03:00,3983.08
2019-03-25 18:03:00,4023.48
2019-03-25 22:03:00,3915.94
2019-03-26 02:03:00,3927.80
2019-03-26 06:03:00,3935.42
2019-03-26 10:03:00,3926.99
2019-03-26 14:03:00,3921.31
2019-03-26 18:03:00,3938.83
2019-03-26 22:03:00,3930.37
2019-03-27 02:03:00,3976.38
2019-03-27 06:03:00,4005.98
2019-03-27 10:03:00,4018.76
2019-03-27 14:03:00,4030.46
2019-03-27 18:03:00,4021.08
2019-03-27 22:03:00,4035.61
2019-03-28 02:03:00,4043.60
2019-03-28 06:03:00,4031.50
2019-03-28 10:03:00,4029.79
2019-03-28 14:03:00,4040.58
2019-03-28 18:03:00,4039.01
2019-03-28 22:03:00,4028.56
2019-03-29 02:03:00,4044.59
2019-03-29 06:03:00,4044.92
2019-03-29 10:03:00,4095.16
2019-03-29 14:03:00,4093.14
2019-03-29 18:03:00,4100.94
2019-03-29 22:03:00,4113.05
2019-03-30 02:03:00,4131.78
2019-03-30 06:03:00,4096.69
2019-03-30 10:03:00,4106.65
2019-03-30 14:03:00,4103.03
2019-03-30 18:03:00,4107.83
2019-03-30 22:03:00,4104.83
2019-03-31 02:03:00,4117.08
2019-03-31 07:03:00,4093.79
2019-03-31 11:03:00,4119.69
2019-03-31 15:03:00,4114.86
2019-03-31 19:03:00,4115.53
2019-03-31 23:03:00,4111.18
2019-04-01 03:04:00,4123.95
2019-04-01 07:04:00,4140.45
2019-04-01 11:04:00,4133.87
2019-04-01 15:04:00,4151.30
2019-04-01 19:04:00,4146.60
2019-04-01 23:04:00,4148.24
2019-04-02 03:04:00,4174.54
2019-04-02 07:04:00,4710.66
2019-04-02 11:04:00,4784.22
2019-04-02 15:04:00,4776.98
2019-04-02 19:04:00,4753.74
2019-04-02 23:04:00,4845.90
2019-04-03 03:04:00,4999.35
2019-04-03 07:04:00,4958.34
2019-04-03 11:04:00,4964.68
2019-04-03 15:04:00,5022.09
2019-04-03 19:04:00,5128.19
2019-04-03 23:04:00,5108.00
2019-04-04 03:04:00,5004.96
2019-04-04 07:04:00,5023.67
2019-04-04 11:04:00,4996.33
2019-04-04 15:04:00,5004.56
2019-04-04 19:04:00,4910.25
2019-04-04 23:04:00,4883.95
2019-04-05 03:04:00,4935.82
2019-04-05 07:04:00,4963.23
2019-04-05 11:04:00,4984.41
2019-04-05 15:04:00,5013.28
2019-04-05 19:04:00,5032.88
2019-04-05 23:04:00,5042.83
2019-04-06 03:04:00,5014.75
2019-04-06 07:04:00,5022.62
2019-04-06 11:04:00,5002.85
2019-04-06 15:04:00,5067.63
2019-04-06 19:04:00,5178.87
2019-04-06 23:04:00,5042.15
2019-04-07 03:04:00,5104.30
2019-04-07 07:04:00,5137.68
2019-04-07 11:04:00,5147.74
2019-04-07 15:04:00,5149.33
2019-04-07 19:04:00,5121.71
2019-04-07 23:04:00,5196.92
2019-04-08 03:04:00,5287.52
2019-04-08 07:04:00,5265.30
2019-04-08 11:04:00,5213.37
2019-04-08 15:04:00,5209.26
2019-04-08 19:04:00,5230.06
2019-04-08 23:04:00,5271.15
2019-04-09 03:04:00,5261.00
2019-04-09 07:04:00,5218.17
2019-04-09 11:04:00,5205.33
2019-04-09 15:04:00,5216.29
2019-04-09 19:04:00,5229.11
2019-04-09 23:04:00,5214.00
2019-04-10 03:04:00,5228.58
2019-04-10 07:04:00,5257.58
2019-04-10 11:04:00,5256.22
2019-04-10 15:04:00,5275.49
2019-04-10 19:04:00,5386.96
2019-04-10 23:04:00,5301.71
2019-04-11 03:04:00,5228.89
2019-04-11 07:04:00,5208.96
2019-04-11 11:04:00,5086.98
2019-04-11 15:04:00,5052.44
2019-04-11 19:04:00,5057.94
2019-04-11 23:04:00,5050.17
2019-04-12 03:04:00,4987.25
2019-04-12 07:04:00,5039.75
2019-04-12 11:04:00,5054.57
2019-04-12 15:04:00,5071.57
2019-04-12 19:04:00,5086.49
2019-04-12 23:04:00,5071.26
2019-04-13 03:04:00,5098.42
2019-04-13 07:04:00,5127.15
2019-04-13 11:04:00,5072.95
2019-04-13 15:04:00,5090.22
2019-04-13 19:04:00,5097.13
2019-04-13 23:04:00,5081.09
2019-04-14 03:04:00,5084.55
2019-04-14 07:04:00,5053.30
2019-04-14 11:04:00,5067.90
2019-04-14 15:04:00,5090.58
2019-04-14 19:04:00,5105.75
2019-04-14 23:04:00,5155.75
2019-04-15 03:04:00,5174.31
2019-04-15 07:04:00,5171.94
2019-04-15 11:04:00,5154.12
2019-04-15 15:04:00,5158.98
2019-04-15 19:04:00,5064.64
2019-04-15 23:04:00,5021.66
2019-04-16 03:04:00,5054.35
2019-04-16 07:04:00,5075.07
2019-04-16 11:04:00,5085.60
2019-04-16 15:04:00,5062.12
2019-04-16 19:04:00,5187.82
2019-04-16 23:04:00,5211.71
2019-04-17 03:04:00,5241.87
2019-04-17 07:04:00,5231.99
2019-04-17 11:04:00,5224.61
2019-04-17 15:04:00,5219.09
2019-04-17 19:04:00,5222.90
2019-04-17 23:04:00,5237.81
2019-04-18 03:04:00,5268.13
2019-04-18 07:04:00,5280.61
2019-04-18 11:04:00,5253.19
2019-04-18 15:04:00,5262.26
2019-04-18 19:04:00,5283.33
2019-04-18 23:04:00,5298.84
2019-04-19 03:04:00,5237.10
2019-04-19 07:04:00,5244.51
2019-04-19 11:04:00,5255.14
2019-04-19 15:04:00,5265.59
2019-04-19 19:04:00,5304.81
2019-04-19 23:04:00,5289.30
2019-04-20 03:04:00,5323.96
2019-04-20 07:04:00,5329.02
2019-04-20 11:04:00,5336.71
2019-04-20 15:04:00,5326.14
2019-04-20 19:04:00,5325.01
2019-04-20 23:04:00,5304.36
2019-04-21 03:04:00,5340.01
2019-04-21 07:04:00,5333.72
2019-04-21 11:04:00,5279.61
2019-04-21 15:04:00,5267.98
2019-04-21 19:04:00,5270.69
2019-04-21 23:04:00,5291.23
2019-04-22 03:04:00,5286.63
2019-04-22 07:04:00,5288.54
2019-04-22 11:04:00,5312.53
2019-04-22 15:04:00,5345.06
2019-04-22 19:04:00,5368.77
2019-04-22 23:04:00,5387.00
2019-04-23 03:04:00,5412.04
2019-04-23 07:04:00,5539.38
2019-04-23 11:04:00,5556.92
2019-04-23 15:04:00,5581.03
2019-04-23 19:04:00,5594.18
2019-04-23 23:04:00,5555.58
2019-04-24 03:04:00,5555.11
2019-04-24 07:04:00,5556.79
2019-04-24 11:04:00,5466.23
2019-04-24 15:04:00,5469.06
2019-04-24 19:04:00,5428.56
2019-04-24 23:04:00,5444.50
2019-04-25 03:04:00,5452.49
2019-04-25 07:04:00,5428.93
2019-04-25 11:04:00,5438.06
2019-04-25 15:04:00,5469.41
2019-04-25 19:04:00,5410.59
2019-04-25 23:04:00,5194.37
2019-04-26 03:04:00,5231.98
2019-04-26 07:04:00,5265.51
2019-04-26 11:04:00,5254.72
2019-04-26 15:04:00,5222.34
2019-04-26 19:04:00,5162.84
2019-04-26 23:04:00,5214.83
2019-04-27 03:04:00,5204.76
2019-04-27 07:04:00,5198.77
2019-04-27 11:04:00,5261.38
2019-04-27 15:04:00,5209.24
2019-04-27 19:04:00,5248.32
2019-04-27 23:04:00,5253.23
2019-04-28 03:04:00,5238.22
2019-04-28 07:04:00,5276.89
2019-04-28 11:04:00,5338.66
2019-04-28 15:04:00,5313.12
2019-04-28 19:04:00,5256.65
2019-04-28 23:04:00,5215.31
2019-04-29 03:04:00,5227.21
2019-04-29 07:04:00,5276.85
2019-04-29 11:04:00,5245.55
2019-04-29 15:04:00,5200.70
2019-04-29 19:04:00,5228.90
2019-04-29 23:04:00,5251.17
2019-04-30 03:04:00,5270.96
2019-04-30 07:04:00,5211.13
2019-04-30 11:04:00,5260.87
2019-04-30 15:04:00,5331.71
2019-04-30 19:04:00,5305.10
2019-04-30 23:04:00,5300.06
2019-05-01 03:05:00,5386.03
2019-05-01 07:05:00,5408.05
2019-05-01 11:05:00,5389.77
2019-05-01 15:05:00,5361.60
2019-05-01 19:05:00,5365.30
2019-05-01 23:05:00,5356.60
2019-05-02 03:05:00,5470.56
2019-05-02 07:05:00,5485.71
2019-05-02 11:05:00,5463.14
2019-05-02 15:05:00,5497.79
2019-05-02 19:05:00,5435.55
2019-05-02 23:05:00,5516.15
2019-05-03 03:05:00,5596.26
2019-05-03 07:05:00,5613.67
2019-05-03 11:05:00,5774.17
2019-05-03 15:05:00,5818.50
2019-05-03 19:05:00,5749.92
2019-05-03 23:05:00,5742.11
2019-05-04 03:05:00,5816.57
2019-05-04 07:05:00,5796.91
2019-05-04 11:05:00,5822.30
2019-05-04 15:05:00,5671.49
2019-05-04 19:05:00,5640.40
2019-05-04 23:05:00,5838.10
2019-05-05 03:05:00,5806.97
2019-05-05 07:05:00,5803.43
2019-05-05 11:05:00,5798.49
2019-05-05 15:05:00,5795.91
2019-05-05 19:05:00,5755.59
2019-05-05 23:05:00,5814.21
2019-05-06 03:05:00,5697.97
2019-05-06 07:05:00,5701.05
2019-05-06 11:05:00,5698.83
2019-05-06 15:05:00,5726.08
2019-05-06 19:05:00,5773.20
2019-05-06 23:05:00,5742.50
2019-05-07 03:05:00,5926.67
2019-05-07 07:05:00,5951.09
2019-05-07 11:05:00,5949.93
2019-05-07 15:05:00,5938.50
2019-05-07 19:05:00,5930.33
2019-05-07 23:05:00,5881.11
2019-05-08 03:05:00,5820.31
2019-05-08 07:05:00,5929.30
2019-05-08 11:05:00,5897.88
2019-05-08 15:05:00,5921.23
2019-05-08 19:05:00,5923.95
2019-05-08 23:05:00,5955.17
2019-05-09 03:05:00,6067.95
2019-05-09 07:05:00,6110.08
2019-05-09 11:05:00,6110.37
2019-05-09 15:05:00,6026.79
2019-05-09 19:05:00,6079.81
2019-05-09 23:05:00,6143.85
2019-05-10 03:05:00,6239.40
2019-05-10 07:05:00,6299.17
2019-05-10 11:05:00,6309.48
2019-05-10 15:05:00,6283.51
2019-05-10 19:05:00,6401.44
2019-05-10 23:05:00,6333.55
2019-05-11 03:05:00,6496.04
2019-05-11 07:05:00,6767.41
2019-05-11 11:05:00,6777.65
2019-05-11 15:05:00,6806.75
2019-05-11 19:05:00,6945.02
2019-05-11 23:05:00,7203.08
2019-05-12 03:05:00,7141.93
2019-05-12 07:05:00,7371.07
2019-05-12 11:05:00,7293.03
2019-05-12 15:05:00,6995.80
2019-05-12 19:05:00,6957.14
2019-05-12 23:05:00,7021.51
2019-05-13 03:05:00,6996.00
2019-05-13 07:05:00,7055.32
2019-05-13 11:05:00,7160.11
2019-05-13 15:05:00,7579.87
2019-05-13 19:05:00,7843.21
2019-05-13 23:05:00,7900.72
2019-05-14 03:05:00,7928.37
2019-05-14 07:05:00,8075.31
2019-05-14 11:05:00,8067.21
2019-05-14 15:05:00,8088.75
2019-05-14 19:05:00,7866.96
2019-05-14 23:05:00,7826.89
2019-05-15 03:05:00,8041.65
2019-05-15 07:05:00,7962.41
2019-05-15 11:05:00,8029.65
2019-05-15 15:05:00,7965.16
2019-05-15 19:05:00,8108.95
2019-05-15 23:05:00,8179.26
2019-05-16 03:05:00,8276.99
2019-05-16 07:05:00,8010.79
2019-05-16 11:05:00,7899.35
2019-05-16 15:05:00,7907.45
2019-05-16 19:05:00,7909.72
2019-05-16 23:05:00,7843.98
2019-05-17 03:05:00,7312.68
2019-05-17 07:05:00,7277.39
2019-05-17 11:05:00,7230.50
2019-05-17 15:05:00,7109.30
2019-05-17 19:05:00,7089.85
2019-05-17 23:05:00,7249.61
2019-05-18 03:05:00,7343.74
2019-05-18 07:05:00,7399.19
2019-05-18 11:05:00,7312.21
2019-05-18 15:05:00,7356.50
2019-05-18 19:05:00,7291.52
2019-05-18 23:05:00,7303.69
2019-05-19 03:05:00,7683.47
2019-05-19 07:05:00,7942.16
2019-05-19 11:05:00,8034.26
2019-05-19 15:05:00,7921.74
2019-05-19 19:05:00,7985.90
2019-05-19 23:05:00,8156.65
2019-05-20 03:05:00,7991.79
2019-05-20 07:05:00,7968.85
2019-05-20 11:05:00,7874.46
2019-05-20 15:05:00,7743.14
2019-05-20 19:05:00,7801.77
2019-05-20 23:05:00,7992.79
2019-05-21 03:05:00,7934.68
2019-05-21 07:05:00,7908.65
2019-05-21 11:05:00,7911.87
2019-05-21 15:05:00,7917.30
2019-05-21 19:05:00,7991.15
2019-05-21 23:05:00,8005.33
2019-05-22 03:05:00,7964.88
2019-05-22 07:05:00,7919.45
2019-05-22 11:05:00,7854.46
2019-05-22 15:05:00,7902.70
2019-05-22 19:05:00,7919.25
2019-05-22 23:05:00,7721.47
2019-05-23 03:05:00,7627.27
2019-05-23 07:05:00,7623.66
2019-05-23 11:05:00,7567.32
2019-05-23 15:05:00,7714.51
2019-05-23 19:05:00,7801.56
2019-05-23 23:05:00,7884.18
2019-05-24 03:05:00,7868.58
2019-05-24 07:05:00,7858.87
2019-05-24 11:05:00,7991.36
2019-05-24 15:05:00,8060.72
2019-05-24 19:05:00,8090.24
2019-05-24 23:05:00,8035.87
2019-05-25 03:05:00,8013.53
2019-05-25 07:05:00,7981.68
2019-05-25 11:05:00,8071.13
2019-05-25 15:05:00,8063.11
2019-05-25 19:05:00,8039.12
2019-05-25 23:05:00,8039.53
2019-05-26 03:05:00,8019.85
2019-05-26 07:05:00,7991.89
2019-05-26 11:05:00,7953.98
2019-05-26 15:05:00,7975.79
2019-05-26 19:05:00,8304.20
2019-05-26 23:05:00,8662.54
2019-05-27 03:05:00,8824.33
2019-05-27 07:05:00,8744.67
2019-05-27 11:05:00,8730.88
2019-05-27 15:05:00,8818.01
2019-05-27 19:05:00,8763.50
2019-05-27 23:05:00,8788.45
2019-05-28 03:05:00,8778.83
2019-05-28 07:05:00,8699.66
2019-05-28 11:05:00,8712.63
2019-05-28 15:05:00,8675.55
2019-05-28 19:05:00,8707.79
2019-05-28 23:05:00,8694.96
2019-05-29 03:05:00,8654.45
2019-05-29 07:05:00,8539.27
2019-05-29 11:05:00,8620.27
2019-05-29 15:05:00,8704.63
2019-05-29 19:05:00,8694.73
2019-05-29 23:05:00,8669.32
2019-05-30 03:05:00,8639.08
2019-05-30 07:05:00,8710.27
2019-05-30 11:05:00,8726.76
2019-05-30 15:05:00,8793.98
2019-05-30 19:05:00,8730.45
2019-05-30 23:05:00,8299.78
2019-05-31 03:05:00,8300.33
2019-05-31 07:05:00,8221.54
2019-05-31 11:05:00,8277.99
2019-05-31 15:05:00,8362.76
2019-05-31 19:05:00,8409.99
2019-05-31 23:05:00,8509.87
2019-06-01 03:06:00,8539.61
2019-06-01 07:06:00,8520.37
2019-06-01 11:06:00,8571.98
2019-06-01 15:06:00,8527.30
2019-06-01 19:06:00,8540.51
2019-06-01 23:06:00,8570.37
2019-06-02 03:06:00,8577.66
2019-06-02 07:06:00,8641.28
2019-06-02 11:06:00,8716.36
2019-06-02 15:06:00,8732.95
2019-06-02 19:06:00,8682.71
2019-06-02 23:06:00,8717.83
2019-06-03 03:06:00,8677.72
2019-06-03 07:06:00,8505.51
2019-06-03 11:06:00,8486.91
2019-06-03 15:06:00,8435.48
2019-06-03 19:06:00,8516.20
2019-06-03 23:06:00,8262.98
2019-06-04 03:06:00,7933.18
2019-06-04 07:06:00,7884.50
2019-06-04 11:06:00,7931.86
2019-06-04 15:06:00,7961.20
2019-06-04 19:06:00,7693.39
2019-06-04 23:06:00,7604.95
2019-06-05 03:06:00,7789.92
2019-06-05 07:06:00,7783.63
2019-06-05 11:06:00,7835.13
2019-06-05 15:06:00,7718.98
2019-06-05 19:06:00,7781.18
2019-06-05 23:06:00,7766.20
2019-06-06 03:06:00,7826.28
2019-06-06 07:06:00,7809.29
2019-06-06 11:06:00,7810.74
2019-06-06 15:06:00,7713.08
2019-06-06 19:06:00,7589.78
2019-06-06 23:06:00,7731.82
2019-06-07 03:06:00,7807.92
2019-06-07 07:06:00,7911.55
2019-06-07 11:06:00,7982.69
2019-06-07 15:06:00,7953.92
2019-06-07 19:06:00,8058.62
2019-06-07 23:06:00,7972.72
2019-06-08 03:06:00,8011.91
2019-06-08 07:06:00,7956.64
2019-06-08 11:06:00,7992.01
2019-06-08 15:06:00,7942.37
2019-06-08 19:06:00,7850.51
2019-06-08 23:06:00,7914.10
2019-06-09 03:06:00,7921.55
2019-06-09 07:06:00,7923.61
2019-06-09 11:06:00,7927.44
2019-06-09 15:06:00,7777.64
2019-06-09 19:06:00,7678.42
2019-06-09 23:06:00,7629.23
2019-06-10 03:06:00,7625.81
2019-06-10 07:06:00,7698.00
2019-06-10 11:06:00,7833.57
2019-06-10 15:06:00,7979.70
2019-06-10 19:06:00,7960.18
2019-06-10 23:06:00,7961.47
2019-06-11 03:06:00,7989.72
2019-06-11 07:06:00,7946.01
2019-06-11 11:06:00,7840.32
2019-06-11 15:06:00,7810.94
2019-06-11 19:06:00,7849.91
2019-06-11 23:06:00,7927.74
2019-06-12 03:06:00,7970.16
2019-06-12 07:06:00,7973.59
2019-06-12 11:06:00,7984.62
2019-06-12 15:06:00,8113.80
2019-06-12 19:06:00,8167.89
2019-06-12 23:06:00,8138.90
2019-06-13 03:06:00,8137.99
2019-06-13 07:06:00,8126.16
2019-06-13 11:06:00,8113.06
2019-06-13 15:06:00,8160.27
2019-06-13 19:06:00,8232.27
2019-06-13 23:06:00,8279.49
2019-06-14 03:06:00,8219.42
2019-06-14 07:06:00,8230.53
2019-06-14 11:06:00,8289.20
2019-06-14 15:06:00,8390.06
2019-06-14 19:06:00,8405.01
2019-06-14 23:06:00,8603.74
2019-06-15 03:06:00,8653.38
2019-06-15 07:06:00,8693.46
2019-06-15 11:06:00,8671.61
2019-06-15 15:06:00,8724.47
2019-06-15 19:06:00,8836.60
2019-06-15 23:06:00,8814.34
2019-06-16 03:06:00,8950.34
2019-06-16 07:06:00,9218.35
2019-06-16 11:06:00,9124.57
2019-06-16 15:06:00,9193.70
2019-06-16 19:06:00,9024.86
2019-06-16 23:06:00,8964.95
2019-06-17 03:06:00,9128.01
2019-06-17 07:06:00,9176.27
2019-06-17 11:06:00,9239.47
2019-06-17 15:06:00,9289.65
2019-06-17 19:06:00,9263.19
2019-06-17 23:06:00,9330.21
2019-06-18 03:06:00,9276.39
2019-06-18 07:06:00,9162.79
2019-06-18 11:06:00,9198.07
2019-06-18 15:06:00,9107.13
2019-06-18 19:06:00,9047.59
2019-06-18 23:06:00,9043.75
2019-06-19 03:06:00,9131.46
2019-06-19 07:06:00,9165.03
2019-06-19 11:06:00,9131.85
2019-06-19 15:06:00,9098.27
2019-06-19 19:06:00,9124.43
2019-06-19 23:06:00,9223.08
2019-06-20 03:06:00,9304.36
2019-06-20 07:06:00,9302.73
2019-06-20 11:06:00,9244.50
2019-06-20 15:06:00,9338.01
2019-06-20 19:06:00,9422.78
2019-06-20 23:06:00,9553.37
2019-06-21 03:06:00,9699.37
2019-06-21 07:06:00,9716.54
2019-06-21 11:06:00,9779.14
2019-06-21 15:06:00,9800.57
2019-06-21 19:06:00,9895.29
2019-06-21 23:06:00,9992.56
2019-06-22 03:06:00,10532.10
2019-06-22 07:06:00,10668.63
2019-06-22 11:06:00,10847.63
2019-06-22 15:06:00,10891.69
2019-06-22 19:06:00,10768.94
2019-06-22 23:06:00,10568.57
2019-06-23 03:06:00,10779.56
2019-06-23 07:06:00,10691.70
2019-06-23 11:06:00,10590.53
2019-06-23 15:06:00,10690.28
2019-06-23 19:06:00,10865.77
2019-06-23 23:06:00,10999.56
2019-06-24 03:06:00,10648.17
2019-06-24 07:06:00,10740.22
2019-06-24 11:06:00,10892.46
2019-06-24 15:06:00,10888.58
2019-06-24 19:06:00,10985.49
2019-06-24 23:06:00,10947.79
2019-06-25 03:06:00,11111.04
2019-06-25 07:06:00,11275.83
2019-06-25 11:06:00,11373.20
2019-06-25 15:06:00,11236.47
2019-06-25 19:06:00,11343.89
2019-06-25 23:06:00,11580.09
2019-06-26 03:06:00,11942.46
2019-06-26 07:06:00,12545.66
2019-06-26 11:06:00,12487.51
2019-06-26 15:06:00,12778.30
2019-06-26 19:06:00,13411.23
2019-06-26 23:06:00,12545.25
2019-06-27 03:06:00,12859.78
2019-06-27 07:06:00,12524.25
2019-06-27 11:06:00,11801.51
2019-06-27 15:06:00,11709.76
2019-06-27 19:06:00,10890.04
2019-06-27 23:06:00,10838.58
2019-06-28 03:06:00,11220.52
2019-06-28 07:06:00,11205.95
2019-06-28 11:06:00,11775.63
2019-06-28 15:06:00,11783.60
2019-06-28 19:06:00,12010.91
2019-06-28 23:06:00,12269.94
2019-06-29 03:06:00,11802.81
2019-06-29 07:06:00,11597.28
2019-06-29 11:06:00,11726.37
2019-06-29 15:06:00,11983.08
2019-06-29 19:06:00,11849.14
2019-06-29 23:06:00,12041.74
2019-06-30 03:06:00,12068.16
2019-06-30 07:06:00,11864.97
2019-06-30 11:06:00,11598.19
2019-06-30 15:06:00,11199.98
2019-06-30 19:06:00,11146.55
2019-06-30 23:06:00,11324.45
2019-07-01 03:07:00,10941.42
2019-07-01 07:07:00,11004.66
2019-07-01 11:07:00,10979.29
2019-07-01 15:07:00,10405.34
2019-07-01 19:07:00,10232.81
2019-07-01 23:07:00,10480.79
2019-07-02 03:07:00,10381.69
2019-07-02 07:07:00,9898.23
2019-07-02 11:07:00,10004.56
2019-07-02 15:07:00,10238.65
2019-07-02 19:07:00,10665.25
2019-07-02 23:07:00,10778.63
2019-07-03 03:07:00,11219.41
2019-07-03 07:07:00,11413.99
2019-07-03 11:07:00,11202.38
2019-07-03 15:07:00,11371.63
2019-07-03 19:07:00,11244.74
2019-07-03 23:07:00,11731.64
2019-07-04 03:07:00,11912.14
2019-07-04 07:07:00,11741.94
2019-07-04 11:07:00,11657.98
2019-07-04 15:07:00,11836.43
2019-07-04 19:07:00,11809.20
2019-07-04 23:07:00,11412.59
2019-07-05 03:07:00,11151.52
2019-07-05 07:07:00,10976.35
2019-07-05 11:07:00,11140.56
2019-07-05 15:07:00,11284.13
2019-07-05 19:07:00,11207.28
2019-07-05 23:07:00,10991.29
2019-07-06 03:07:00,11348.75
2019-07-06 07:07:00,11480.13
2019-07-06 11:07:00,11404.26
2019-07-06 15:07:00,11497.45
2019-07-06 19:07:00,11560.59
2019-07-06 23:07:00,11247.38
2019-07-07 03:07:00,11185.19
2019-07-07 07:07:00,11238.93
2019-07-07 11:07:00,11253.90
2019-07-07 15:07:00,11358.96
2019-07-07 19:07:00,11422.01
2019-07-07 23:07:00,11494.45
2019-07-08 03:07:00,11432.37
2019-07-08 07:07:00,11461.73
2019-07-08 11:07:00,11828.58
2019-07-08 15:07:00,11889.01
2019-07-08 19:07:00,12007.52
2019-07-08 23:07:00,12267.63
2019-07-09 03:07:00,12563.83
2019-07-09 07:07:00,12635.37
2019-07-09 11:07:00,12332.30
2019-07-09 15:07:00,12355.03
2019-07-09 19:07:00,12514.30
2019-07-09 23:07:00,12519.20
2019-07-10 03:07:00,12936.67
2019-07-10 07:07:00,12950.72
2019-07-10 11:07:00,13007.14
2019-07-10 15:07:00,12654.40
2019-07-10 19:07:00,12172.60
2019-07-10 23:07:00,11854.58
2019-07-11 03:07:00,11862.74
2019-07-11 07:07:00,11434.98
2019-07-11 11:07:00,11480.97
2019-07-11 15:07:00,11675.01
2019-07-11 19:07:00,11651.31
2019-07-11 23:07:00,11252.53
2019-07-12 03:07:00,11335.56
2019-07-12 07:07:00,11443.86
2019-07-12 11:07:00,11672.04
2019-07-12 15:07:00,11635.56
2019-07-12 19:07:00,11591.90
2019-07-12 23:07:00,11817.45
2019-07-13 03:07:00,11712.84
2019-07-13 07:07:00,11585.06
2019-07-13 11:07:00,11368.82
2019-07-13 15:07:00,11363.47
2019-07-13 19:07:00,11201.75
2019-07-13 23:07:00,11087.88
2019-07-14 03:07:00,11365.76
2019-07-14 07:07:00,11215.50
2019-07-14 11:07:00,10796.61
2019-07-14 15:07:00,10581.03
2019-07-14 19:07:00,10489.05
2019-07-14 23:07:00,10445.53
2019-07-15 03:07:00,10068.54
2019-07-15 07:07:00,10215.47
2019-07-15 11:07:00,10295.60
2019-07-15 15:07:00,10383.99
2019-07-15 19:07:00,10682.70
2019-07-15 23:07:00,10934.67
2019-07-16 03:07:00,10844.35
2019-07-16 07:07:00,10689.30
2019-07-16 11:07:00,10738.82
2019-07-16 15:07:00,10490.74
2019-07-16 19:07:00,9788.80
2019-07-16 23:07:00,9550.83
2019-07-17 03:07:00,9402.09
2019-07-17 07:07:00,9510.36
2019-07-17 11:07:00,9309.56
2019-07-17 15:07:00,9543.06
2019-07-17 19:07:00,9811.42
2019-07-17 23:07:00,9768.26
2019-07-18 03:07:00,9699.41
2019-07-18 07:07:00,9878.39
2019-07-18 11:07:00,9788.30
2019-07-18 15:07:00,9891.33
2019-07-18 19:07:00,10563.67
2019-07-18 23:07:00,10635.92
2019-07-19 03:07:00,10627.76
2019-07-19 07:07:00,10520.23
2019-07-19 11:07:00,10404.18
2019-07-19 15:07:00,10375.57
2019-07-19 19:07:00,10407.51
2019-07-19 23:07:00,10516.64
2019-07-20 03:07:00,10508.18
2019-07-20 07:07:00,10613.97
2019-07-20 11:07:00,10564.43
2019-07-20 15:07:00,10618.00
2019-07-20 19:07:00,10851.75
2019-07-20 23:07:00,10911.86
2019-07-21 03:07:00,10710.52
2019-07-21 07:07:00,10629.70
2019-07-21 11:07:00,10605.34
2019-07-21 15:07:00,10449.17
2019-07-21 19:07:00,10424.15
2019-07-21 23:07:00,10559.17
2019-07-22 03:07:00,10625.34
2019-07-22 07:07:00,10589.12
2019-07-22 11:07:00,10508.29
2019-07-22 15:07:00,10315.42
2019-07-22 19:07:00,10237.11
2019-07-22 23:07:00,10287.60
2019-07-23 03:07:00,10258.40
2019-07-23 07:07:00,10088.63
2019-07-23 11:07:00,9974.27
2019-07-23 15:07:00,9968.87
2019-07-23 19:07:00,10048.93
2019-07-23 23:07:00,9995.89
2019-07-24 03:07:00,9692.06
2019-07-24 07:07:00,9677.65
2019-07-24 11:07:00,9721.58
2019-07-24 15:07:00,9801.71
2019-07-24 19:07:00,9643.39
2019-07-24 23:07:00,9739.20
2019-07-25 03:07:00,10057.85
2019-07-25 07:07:00,10100.74
2019-07-25 11:07:00,10107.85
2019-07-25 15:07:00,10021.76
2019-07-25 19:07:00,9958.01
2019-07-25 23:07:00,9882.03
2019-07-26 03:07:00,9728.32
2019-07-26 07:07:00,9745.16
2019-07-26 11:07:00,9801.73
2019-07-26 15:07:00,9785.89
2019-07-26 19:07:00,9835.10
2019-07-26 23:07:00,9834.42
2019-07-27 03:07:00,10115.23
2019-07-27 07:07:00,10097.45
2019-07-27 11:07:00,9603.14
2019-07-27 15:07:00,9417.88
2019-07-27 19:07:00,9430.98
2019-07-27 23:07:00,9457.28
2019-07-28 03:07:00,9450.28
2019-07-28 07:07:00,9523.09
2019-07-28 11:07:00,9498.85
2019-07-28 15:07:00,9510.84
2019-07-28 19:07:00,9541.68
2019-07-28 23:07:00,9389.55
2019-07-29 03:07:00,9619.28
2019-07-29 07:07:00,9620.10
2019-07-29 11:07:00,9498.92
2019-07-29 15:07:00,9520.95
2019-07-29 19:07:00,9506.29
2019-07-29 23:07:00,9507.49
2019-07-30 03:07:00,9456.89
2019-07-30 07:07:00,9471.31
2019-07-30 11:07:00,9522.97
2019-07-30 15:07:00,9634.80
2019-07-30 19:07:00,9635.81
2019-07-30 23:07:00,9592.46
2019-07-31 03:07:00,9689.91
2019-07-31 07:07:00,9749.04
2019-07-31 11:07:00,9768.99
2019-07-31 15:07:00,9945.92
2019-07-31 19:07:00,10020.30
2019-07-31 23:07:00,10044.74
2019-08-01 03:08:00,10065.16
2019-08-01 07:08:00,9953.18
2019-08-01 11:08:00,9962.88
2019-08-01 15:08:00,10021.80
2019-08-01 19:08:00,10180.32
2019-08-01 23:08:00,10405.62
2019-08-02 03:08:00,10409.39
2019-08-02 07:08:00,10471.37
2019-08-02 11:08:00,10513.80
2019-08-02 15:08:00,10565.81
2019-08-02 19:08:00,10489.61
2019-08-02 23:08:00,10437.66
2019-08-03 03:08:00,10699.20
2019-08-03 07:08:00,10799.57
2019-08-03 11:08:00,10797.98
2019-08-03 15:08:00,10779.81
2019-08-03 19:08:00,10841.96
2019-08-03 23:08:00,10844.56
2019-08-04 03:08:00,10824.19
2019-08-04 07:08:00,10662.91
2019-08-04 11:08:00,10715.50
2019-08-04 15:08:00,10845.59
2019-08-04 19:08:00,10954.14
2019-08-04 23:08:00,10966.40
2019-08-05 03:08:00,11379.39
2019-08-05 07:08:00,11668.25
2019-08-05 11:08:00,11717.58
2019-08-05 15:08:00,11770.99
2019-08-05 19:08:00,11838.79
2019-08-05 23:08:00,11768.23
2019-08-06 03:08:00,11672.37
2019-08-06 07:08:00,12022.31
2019-08-06 11:08:00,11970.67
2019-08-06 15:08:00,11697.61
2019-08-06 19:08:00,11718.69
2019-08-06 23:08:00,11416.35
2019-08-07 03:08:00,11529.50
2019-08-07 07:08:00,11619.74
2019-08-07 11:08:00,11613.34
2019-08-07 15:08:00,11900.06
2019-08-07 19:08:00,11672.57
2019-08-07 23:08:00,11899.31
2019-08-08 03:08:00,11935.52
2019-08-08 07:08:00,11894.86
2019-08-08 11:08:00,11911.55
2019-08-08 15:08:00,11754.14
2019-08-08 19:08:00,11607.72
2019-08-08 23:08:00,11825.15
2019-08-09 03:08:00,11919.53
2019-08-09 07:08:00,11851.69
2019-08-09 11:08:00,11801.94
2019-08-09 15:08:00,11772.35
2019-08-09 19:08:00,11802.80
2019-08-09 23:08:00,11887.46
2019-08-10 03:08:00,11869.98
2019-08-10 07:08:00,11828.42
2019-08-10 11:08:00,11502.97
2019-08-10 15:08:00,11377.58
2019-08-10 19:08:00,11345.81
2019-08-10 23:08:00,11304.65
2019-08-11 03:08:00,11365.26
2019-08-11 07:08:00,11368.71
2019-08-11 11:08:00,11276.21
2019-08-11 15:08:00,11415.39
2019-08-11 19:08:00,11390.29
2019-08-11 23:08:00,11484.72
2019-08-12 03:08:00,11481.10
2019-08-12 07:08:00,11397.35
2019-08-12 11:08:00,11352.20
2019-08-12 15:08:00,11342.59
2019-08-12 19:08:00,11397.75
2019-08-12 23:08:00,11404.24
2019-08-13 03:08:00,11389.56
2019-08-13 07:08:00,11345.44
2019-08-13 11:08:00,11258.97
2019-08-13 15:08:00,11034.39
2019-08-13 19:08:00,10857.35
2019-08-13 23:08:00,10885.09
2019-08-14 03:08:00,10651.16
2019-08-14 07:08:00,10586.75
2019-08-14 11:08:00,10479.58
2019-08-14 15:08:00,10548.26
2019-08-14 19:08:00,10244.23
2019-08-14 23:08:00,10104.87
2019-08-15 03:08:00,10008.21
2019-08-15 07:08:00,9701.79
2019-08-15 11:08:00,10004.32
2019-08-15 15:08:00,10028.25
2019-08-15 19:08:00,10068.46
2019-08-15 23:08:00,10332.64
2019-08-16 03:08:00,10341.61
2019-08-16 07:08:00,9971.55
2019-08-16 11:08:00,10033.05
2019-08-16 15:08:00,10240.85
2019-08-16 19:08:00,10455.95
2019-08-16 23:08:00,10400.24
2019-08-17 03:08:00,10323.11
2019-08-17 07:08:00,10372.43
2019-08-17 11:08:00,10415.10
2019-08-17 15:08:00,10339.11
2019-08-17 19:08:00,10161.85
2019-08-17 23:08:00,10158.22
2019-08-18 03:08:00,10193.51
2019-08-18 07:08:00,10137.23
2019-08-18 11:08:00,10312.17
2019-08-18 15:08:00,10443.14
2019-08-18 19:08:00,10412.39
2019-08-18 23:08:00,10370.03
2019-08-19 03:08:00,10371.29
2019-08-19 07:08:00,10594.98
2019-08-19 11:08:00,10718.53
2019-08-19 15:08:00,10706.09
2019-08-19 19:08:00,10732.13
2019-08-19 23:08:00,10802.19
2019-08-20 03:08:00,10882.23
2019-08-20 07:08:00,10801.08
2019-08-20 11:08:00,10678.16
2019-08-20 15:08:00,10657.45
2019-08-20 19:08:00,10752.88
2019-08-20 23:08:00,10770.21
2019-08-21 03:08:00,10487.96
2019-08-21 07:08:00,10192.30
2019-08-21 11:08:00,10147.47
2019-08-21 15:08:00,9991.43
2019-08-21 19:08:00,10054.91
2019-08-21 23:08:00,10111.48
2019-08-22 03:08:00,9893.74
2019-08-22 07:08:00,9951.39
2019-08-22 11:08:00,9972.85
2019-08-22 15:08:00,10094.08
2019-08-22 19:08:00,10172.62
2019-08-22 23:08:00,10157.92
2019-08-23 03:08:00,10115.56
2019-08-23 07:08:00,10196.05
2019-08-23 11:08:00,10156.77
2019-08-23 15:08:00,10354.88
2019-08-23 19:08:00,10420.61
2019-08-23 23:08:00,10397.01
2019-08-24 03:08:00,10383.28
2019-08-24 07:08:00,10333.41
2019-08-24 11:08:00,10046.45
2019-08-24 15:08:00,10002.70
2019-08-24 19:08:00,10077.65
2019-08-24 23:08:00,10113.63
2019-08-25 03:08:00,10129.68
2019-08-25 07:08:00,10109.43
2019-08-25 11:08:00,10141.40
2019-08-25 15:08:00,10157.70
2019-08-25 19:08:00,10068.75
2019-08-25 23:08:00,10020.83
2019-08-26 03:08:00,10456.79
2019-08-26 07:08:00,10344.66
2019-08-26 11:08:00,10355.78
2019-08-26 15:08:00,10354.20
2019-08-26 19:08:00,10315.48
2019-08-26 23:08:00,10286.68
2019-08-27 03:08:00,10232.95
2019-08-27 07:08:00,10194.72
2019-08-27 11:08:00,10150.02
2019-08-27 15:08:00,10122.30
2019-08-27 19:08:00,10191.33
2019-08-27 23:08:00,10171.92
2019-08-28 03:08:00,10141.68
2019-08-28 07:08:00,10153.33
2019-08-28 11:08:00,10147.36
2019-08-28 15:08:00,10224.28
2019-08-28 19:08:00,9795.35
2019-08-28 23:08:00,9709.26
2019-08-29 03:08:00,9650.86
2019-08-29 07:08:00,9493.63
2019-08-29 11:08:00,9453.21
2019-08-29 15:08:00,9475.28
2019-08-29 19:08:00,9521.61
2019-08-29 23:08:00,9497.76
2019-08-30 03:08:00,9454.58
2019-08-30 07:08:00,9507.59
2019-08-30 11:08:00,9576.95
2019-08-30 15:08:00,9596.27
2019-08-30 19:08:00,9551.35
2019-08-30 23:08:00,9638.82
2019-08-31 03:08:00,9654.03
2019-08-31 07:08:00,9660.58
2019-08-31 11:08:00,9603.40
2019-08-31 15:08:00,9616.45
2019-08-31 19:08:00,9617.61
2019-08-31 23:08:00,9551.86
2019-09-01 03:09:00,9670.65
2019-09-01 07:09:00,9674.55
2019-09-01 11:09:00,9636.73
2019-09-01 15:09:00,9634.03
2019-09-01 19:09:00,9619.67
2019-09-01 23:09:00,9752.80
2019-09-02 03:09:00,9792.93
2019-09-02 07:09:00,9793.68
2019-09-02 11:09:00,9825.07
2019-09-02 15:09:00,9914.46
2019-09-02 19:09:00,10080.76
2019-09-02 23:09:00,10373.96
2019-09-03 03:09:00,10407.48
2019-09-03 07:09:00,10415.88
2019-09-03 11:09:00,10391.73
2019-09-03 15:09:00,10644.42
2019-09-03 19:09:00,10664.70
2019-09-03 23:09:00,10648.28
2019-09-04 03:09:00,10541.85
2019-09-04 07:09:00,10600.46
2019-09-04 11:09:00,10534.40
2019-09-04 15:09:00,10445.74
2019-09-04 19:09:00,10626.90
2019-09-04 23:09:00,10671.45
2019-09-05 03:09:00,10561.55
2019-09-05 07:09:00,10603.43
2019-09-05 11:09:00,10571.15
2019-09-05 15:09:00,10583.43
2019-09-05 19:09:00,10539.28
2019-09-05 23:09:00,10576.51
2019-09-06 03:09:00,10651.89
2019-09-06 07:09:00,10747.98
2019-09-06 11:09:00,10815.37
2019-09-06 15:09:00,10887.77
2019-09-06 19:09:00,10514.52
2019-09-06 23:09:00,10321.51
2019-09-07 03:09:00,10383.62
2019-09-07 07:09:00,10388.40
2019-09-07 11:09:00,10423.34
2019-09-07 15:09:00,10453.68
2019-09-07 19:09:00,10507.96
2019-09-07 23:09:00,10529.70
2019-09-08 03:09:00,10542.17
2019-09-08 07:09:00,10583.72
2019-09-08 11:09:00,10420.44
2019-09-08 15:09:00,10437.73
2019-09-08 19:09:00,10393.01
2019-09-08 23:09:00,10401.57
2019-09-09 03:09:00,10364.63
2019-09-09 07:09:00,10238.53
2019-09-09 11:09:00,10305.93
2019-09-09 15:09:00,10371.16
2019-09-09 19:09:00,10274.14
2019-09-09 23:09:00,10321.31
2019-09-10 03:09:00,10356.37
2019-09-10 07:09:00,10311.12
2019-09-10 11:09:00,10278.88
2019-09-10 15:09:00,10240.35
2019-09-10 19:09:00,10078.05
2019-09-10 23:09:00,10067.72
2019-09-11 03:09:00,10168.93
2019-09-11 07:09:00,9994.04
2019-09-11 11:09:00,10062.92
2019-09-11 15:09:00,10032.80
2019-09-11 19:09:00,10063.13
2019-09-11 23:09:00,10149.41
2019-09-12 03:09:00,10190.71
2019-09-12 07:09:00,10127.55
2019-09-12 11:09:00,10165.39
2019-09-12 15:09:00,10292.92
2019-09-12 19:09:00,10316.75
2019-09-12 23:09:00,10411.10
2019-09-13 03:09:00,10422.69
2019-09-13 07:09:00,10345.20
2019-09-13 11:09:00,10329.00
2019-09-13 15:09:00,10343.17
2019-09-13 19:09:00,10255.75
2019-09-13 23:09:00,10297.58
2019-09-14 03:09:00,10355.25
2019-09-14 07:09:00,10351.19
2019-09-14 11:09:00,10370.65
2019-09-14 15:09:00,10345.20
2019-09-14 19:09:00,10402.13
2019-09-14 23:09:00,10417.36
2019-09-15 03:09:00,10387.70
2019-09-15 07:09:00,10388.39
2019-09-15 11:09:00,10360.22
2019-09-15 15:09:00,10331.40
2019-09-15 19:09:00,10345.73
2019-09-15 23:09:00,10327.25
2019-09-16 03:09:00,10382.88
2019-09-16 07:09:00,10346.97
2019-09-16 11:09:00,10353.28
2019-09-16 15:09:00,10172.13
2019-09-16 19:09:00,10157.17
2019-09-16 23:09:00,10286.52
2019-09-17 03:09:00,10262.50
2019-09-17 07:09:00,10242.56
2019-09-17 11:09:00,10209.03
2019-09-17 15:09:00,10217.74
2019-09-17 19:09:00,10258.36
2019-09-17 23:09:00,10247.63
2019-09-18 03:09:00,10240.55
2019-09-18 07:09:00,10234.92
2019-09-18 11:09:00,10184.26
2019-09-18 15:09:00,10178.27
2019-09-18 19:09:00,10197.64
2019-09-18 23:09:00,10198.67
2019-09-19 03:09:00,9880.27
2019-09-19 07:09:00,9864.10
2019-09-19 11:09:00,9898.53
2019-09-19 15:09:00,9903.20
2019-09-19 19:09:00,10045.53
2019-09-19 23:09:00,10288.08
2019-09-20 03:09:00,10256.70
2019-09-20 07:09:00,10211.56
2019-09-20 11:09:00,10171.89
2019-09-20 15:09:00,10195.55
2019-09-20 19:09:00,10144.49
2019-09-20 23:09:00,10159.37
2019-09-21 03:09:00,10192.83
2019-09-21 07:09:00,10068.23
2019-09-21 11:09:00,10032.52
2019-09-21 15:09:00,10010.61
2019-09-21 19:09:00,10018.78
2019-09-21 23:09:00,10003.77
2019-09-22 03:09:00,9935.81
2019-09-22 07:09:00,9974.61
2019-09-22 11:09:00,10059.64
2019-09-22 15:09:00,10009.31
2019-09-22 19:09:00,10023.65
2019-09-22 23:09:00,10049.16
2019-09-23 03:09:00,10008.48
2019-09-23 07:09:00,9941.97
2019-09-23 11:09:00,9959.08
2019-09-23 15:09:00,9858.52
2019-09-23 19:09:00,9815.98
2019-09-23 23:09:00,9721.69
2019-09-24 03:09:00,9729.32
2019-09-24 07:09:00,9769.33
2019-09-24 11:09:00,9736.76
2019-09-24 15:09:00,9546.14
2019-09-24 19:09:00,8766.60
2019-09-24 23:09:00,8558.54
2019-09-25 03:09:00,8669.80
2019-09-25 07:09:00,8486.98
2019-09-25 11:09:00,8365.70
2019-09-25 15:09:00,8369.13
2019-09-25 19:09:00,8348.55
2019-09-25 23:09:00,8498.42
2019-09-26 03:09:00,8404.53
2019-09-26 07:09:00,8422.08
2019-09-26 11:09:00,8450.17
2019-09-26 15:09:00,8168.72
2019-09-26 19:09:00,7946.92
2019-09-26 23:09:00,8112.99
2019-09-27 03:09:00,8027.50
2019-09-27 07:09:00,8068.32
2019-09-27 11:09:00,8059.14
2019-09-27 15:09:00,8002.70
2019-09-27 19:09:00,8053.96
2019-09-27 23:09:00,8179.14
2019-09-28 03:09:00,8219.45
2019-09-28 07:09:00,8238.58
2019-09-28 11:09:00,8228.90
2019-09-28 15:09:00,8112.12
2019-09-28 19:09:00,8171.96
2019-09-28 23:09:00,8224.72
2019-09-29 03:09:00,8251.36
2019-09-29 07:09:00,8187.78
2019-09-29 11:09:00,8145.91
2019-09-29 15:09:00,8007.97
2019-09-29 19:09:00,8020.00
2019-09-29 23:09:00,8072.17
2019-09-30 03:09:00,8048.02
2019-09-30 07:09:00,7827.98
2019-09-30 11:09:00,7996.00
2019-09-30 15:09:00,8199.68
2019-09-30 19:09:00,8296.00
2019-09-30 23:09:00,8238.94
2019-10-01 03:10:00,8391.87
2019-10-01 07:10:00,8447.14
2019-10-01 11:10:00,8383.06
2019-10-01 15:10:00,8381.42
2019-10-01 19:10:00,8387.82
2019-10-01 23:10:00,8357.19
2019-10-02 03:10:00,8308.57
2019-10-02 07:10:00,8247.47
2019-10-02 11:10:00,8298.83
2019-10-02 15:10:00,8265.52
2019-10-02 19:10:00,8269.02
2019-10-02 23:10:00,8323.63
2019-10-03 03:10:00,8392.57
2019-10-03 07:10:00,8364.88
2019-10-03 11:10:00,8282.19
2019-10-03 15:10:00,8175.68
2019-10-03 19:10:00,8168.81
2019-10-03 23:10:00,8218.95
2019-10-04 03:10:00,8139.33
2019-10-04 07:10:00,8112.46
2019-10-04 11:10:00,8166.54
2019-10-04 15:10:00,8181.44
2019-10-04 19:10:00,8199.92
2019-10-04 23:10:00,8208.08
2019-10-05 03:10:00,8201.18
2019-10-05 07:10:00,8218.79
2019-10-05 11:10:00,8150.26
2019-10-05 15:10:00,8091.35
2019-10-05 19:10:00,8133.01
2019-10-05 23:10:00,8186.45
2019-10-06 03:10:00,8129.64
2019-10-06 07:10:00,8042.79
2019-10-06 11:10:00,7981.54
2019-10-06 15:10:00,7993.12
2019-10-06 19:10:00,7919.50
2019-10-06 23:10:00,7902.39
2019-10-07 03:10:00,7855.87
2019-10-07 07:10:00,7901.88
2019-10-07 11:10:00,8003.81
2019-10-07 15:10:00,8166.44
2019-10-07 19:10:00,8258.84
2019-10-07 23:10:00,8247.49
2019-10-08 03:10:00,8296.05
2019-10-08 07:10:00,8270.90
2019-10-08 11:10:00,8210.15
2019-10-08 15:10:00,8222.90
2019-10-08 19:10:00,8204.30
2019-10-08 23:10:00,8177.04
2019-10-09 03:10:00,8188.98
2019-10-09 07:10:00,8204.84
2019-10-09 11:10:00,8218.95
2019-10-09 15:10:00,8446.54
2019-10-09 19:10:00,8617.76
2019-10-09 23:10:00,8613.45
2019-10-10 03:10:00,8593.16
2019-10-10 07:10:00,8629.83
2019-10-10 11:10:00,8564.78
2019-10-10 15:10:00,8520.84
2019-10-10 19:10:00,8566.65
2019-10-10 23:10:00,8605.88
2019-10-11 03:10:00,8600.15
2019-10-11 07:10:00,8570.04
2019-10-11 11:10:00,8375.35
2019-10-11 15:10:00,8348.26
2019-10-11 19:10:00,8354.89
2019-10-11 23:10:00,8336.20
2019-10-12 03:10:00,8356.21
2019-10-12 07:10:00,8414.74
2019-10-12 11:10:00,8391.39
2019-10-12 15:10:00,8402.70
2019-10-12 19:10:00,8368.62
2019-10-12 23:10:00,8415.68
2019-10-13 03:10:00,8401.57
2019-10-13 07:10:00,8397.14
2019-10-13 11:10:00,8441.75
2019-10-13 15:10:00,8440.83
2019-10-13 19:10:00,8466.99
2019-10-13 23:10:00,8271.45
2019-10-14 03:10:00,8349.00
2019-10-14 07:10:00,8363.37
2019-10-14 11:10:00,8337.96
2019-10-14 15:10:00,8291.15
2019-10-14 19:10:00,8351.94
2019-10-14 23:10:00,8357.13
2019-10-15 03:10:00,8401.41
2019-10-15 07:10:00,8340.20
2019-10-15 11:10:00,8337.83
2019-10-15 15:10:00,8315.15
2019-10-15 19:10:00,8180.75
2019-10-15 23:10:00,8172.43
2019-10-16 03:10:00,8196.15
2019-10-16 07:10:00,8212.95
2019-10-16 11:10:00,8119.23
2019-10-16 15:10:00,7993.26
2019-10-16 19:10:00,7982.78
2019-10-16 23:10:00,8034.20
2019-10-17 03:10:00,8057.40
2019-10-17 07:10:00,8016.81
2019-10-17 11:10:00,8100.67
2019-10-17 15:10:00,8085.88
2019-10-17 19:10:00,8122.60
2019-10-17 23:10:00,8118.11
2019-10-18 03:10:00,8145.63
2019-10-18 07:10:00,7967.60
2019-10-18 11:10:00,7910.09
2019-10-18 15:10:00,7964.27
2019-10-18 19:10:00,7968.94
2019-10-18 23:10:00,7992.67
2019-10-19 03:10:00,7988.70
2019-10-19 07:10:00,7993.54
2019-10-19 11:10:00,7992.79
2019-10-19 15:10:00,8028.75
2019-10-19 19:10:00,8015.20
2019-10-19 23:10:00,8016.72
2019-10-20 03:10:00,7975.71
2019-10-20 07:10:00,8068.36
2019-10-20 11:10:00,8006.67
2019-10-20 15:10:00,8039.66
2019-10-20 19:10:00,8150.01
2019-10-20 23:10:00,8261.98
2019-10-21 03:10:00,8274.60
2019-10-21 07:10:00,8288.80
2019-10-21 11:10:00,8279.79
2019-10-21 15:10:00,8258.26
2019-10-21 19:10:00,8213.79
2019-10-21 23:10:00,8233.96
2019-10-22 03:10:00,8242.59
2019-10-22 07:10:00,8263.21
2019-10-22 11:10:00,8285.86
2019-10-22 15:10:00,8241.21
2019-10-22 19:10:00,8211.46
2019-10-22 23:10:00,8097.35
2019-10-23 03:10:00,8030.93
2019-10-23 07:10:00,7992.36
2019-10-23 11:10:00,8020.13
2019-10-23 15:10:00,7571.56
2019-10-23 19:10:00,7464.40
2019-10-23 23:10:00,7468.91
2019-10-24 03:10:00,7464.46
2019-10-24 07:10:00,7436.99
2019-10-24 11:10:00,7491.14
2019-10-24 15:10:00,7489.92
2019-10-24 19:10:00,7491.61
2019-10-24 23:10:00,7486.56
2019-10-25 03:10:00,7490.39
2019-10-25 07:10:00,7482.69
2019-10-25 11:10:00,7579.62
2019-10-25 15:10:00,7990.32
2019-10-25 19:10:00,8540.54
2019-10-25 23:10:00,8645.61
2019-10-26 03:10:00,9579.66
2019-10-26 07:10:00,9574.09
2019-10-26 11:10:00,9268.55
2019-10-26 15:10:00,9234.78
2019-10-26 19:10:00,9081.70
2019-10-26 23:10:00,9183.74
2019-10-27 03:10:00,9265.44
2019-10-27 06:10:00,9193.11
2019-10-27 10:10:00,9424.08
2019-10-27 14:10:00,9473.72
2019-10-27 18:10:00,9664.77
2019-10-27 22:10:00,9630.36
2019-10-28 02:10:00,9771.90
2019-10-28 06:10:00,9508.33
2019-10-28 10:10:00,9403.45
2019-10-28 14:10:00,9365.09
2019-10-28 18:10:00,9422.60
2019-10-28 22:10:00,9355.63
2019-10-29 02:10:00,9298.32
2019-10-29 06:10:00,9459.60
2019-10-29 10:10:00,9451.38
2019-10-29 14:10:00,9372.08
2019-10-29 18:10:00,9264.49
2019-10-29 22:10:00,9432.49
2019-10-30 02:10:00,9360.08
2019-10-30 06:10:00,9252.83
2019-10-30 10:10:00,9141.48
2019-10-30 14:10:00,9098.96
2019-10-30 18:10:00,9132.26
2019-10-30 22:10:00,9208.10
2019-10-31 02:10:00,9144.00
2019-10-31 06:10:00,9154.36
2019-10-31 10:10:00,9063.25
2019-10-31 14:10:00,9309.22
2019-10-31 18:10:00,9262.16
2019-10-31 22:10:00,9144.60
2019-11-01 02:11:00,9138.23
2019-11-01 06:11:00,9133.41
2019-11-01 10:11:00,9204.17
2019-11-01 14:11:00,9174.89
2019-11-01 18:11:00,9174.33
2019-11-01 22:11:00,9258.61
2019-11-02 02:11:00,9319.61
2019-11-02 06:11:00,9289.72
2019-11-02 10:11:00,9306.05
2019-11-02 14:11:00,9339.71
2019-11-02 18:11:00,9342.45
2019-11-02 22:11:00,9342.94
2019-11-03 02:11:00,9373.23
2019-11-03 06:11:00,9332.74
2019-11-03 10:11:00,9212.16
2019-11-03 14:11:00,9221.27
2019-11-03 18:11:00,9183.51
2019-11-03 22:11:00,9176.27
2019-11-04 02:11:00,9246.11
2019-11-04 06:11:00,9204.43
2019-11-04 10:11:00,9256.99
2019-11-04 14:11:00,9304.62
2019-11-04 18:11:00,9322.23
2019-11-04 22:11:00,9480.20
2019-11-05 02:11:00,9453.99
2019-11-05 06:11:00,9306.32
2019-11-05 10:11:00,9301.86
2019-11-05 14:11:00,9334.24
2019-11-05 18:11:00,9366.31
2019-11-05 22:11:00,9360.35
2019-11-06 02:11:00,9330.29
2019-11-06 06:11:00,9387.19
2019-11-06 10:11:00,9388.57
2019-11-06 14:11:00,9352.18
2019-11-06 18:11:00,9321.71
2019-11-06 22:11:00,9354.22
2019-11-07 02:11:00,9348.34
2019-11-07 06:11:00,9292.71
2019-11-07 10:11:00,9210.25
2019-11-07 14:11:00,9207.72
2019-11-07 18:11:00,9216.64
2019-11-07 22:11:00,9186.92
2019-11-08 02:11:00,9233.71
2019-11-08 06:11:00,9194.05
2019-11-08 10:11:00,9022.44
2019-11-08 14:11:00,8810.06
2019-11-08 18:11:00,8785.56
2019-11-08 22:11:00,8829.06
2019-11-09 02:11:00,8809.82
2019-11-09 06:11:00,8861.88
2019-11-09 10:11:00,8871.20
2019-11-09 14:11:00,8840.05
2019-11-09 18:11:00,8782.72
2019-11-09 22:11:00,8824.79
2019-11-10 02:11:00,8819.82
2019-11-10 06:11:00,8859.83
2019-11-10 10:11:00,8890.68
2019-11-10 14:11:00,8853.76
2019-11-10 18:11:00,9034.68
2019-11-10 22:11:00,9078.63
2019-11-11 02:11:00,9065.56
2019-11-11 06:11:00,8850.71
2019-11-11 10:11:00,8691.28
2019-11-11 14:11:00,8724.89
2019-11-11 18:11:00,8745.88
2019-11-11 22:11:00,8743.06
2019-11-12 02:11:00,8766.61
2019-11-12 06:11:00,8778.20
2019-11-12 10:11:00,8758.65
2019-11-12 14:11:00,8703.17
2019-11-12 18:11:00,8737.92
2019-11-12 22:11:00,8790.03
2019-11-13 02:11:00,8793.47
2019-11-13 06:11:00,8756.55
2019-11-13 10:11:00,8783.04
2019-11-13 14:11:00,8750.61
2019-11-13 18:11:00,8774.19
2019-11-13 22:11:00,8802.61
2019-11-14 02:11:00,8785.29
2019-11-14 06:11:00,8689.39
2019-11-14 10:11:00,8619.32
2019-11-14 14:11:00,8644.33
2019-11-14 18:11:00,8653.05
2019-11-14 22:11:00,8672.29
2019-11-15 02:11:00,8564.02
2019-11-15 06:11:00,8578.92
2019-11-15 10:11:00,8659.51
2019-11-15 14:11:00,8506.78
2019-11-15 18:11:00,8471.49
2019-11-15 22:11:00,8485.52
2019-11-16 02:11:00,8477.36
2019-11-16 06:11:00,8519.94
2019-11-16 10:11:00,8530.01
2019-11-16 14:11:00,8511.55
2019-11-16 18:11:00,8506.09
2019-11-16 22:11:00,8507.81
2019-11-17 02:11:00,8548.73
2019-11-17 06:11:00,8520.36
2019-11-17 10:11:00,8520.50
2019-11-17 14:11:00,8563.48
2019-11-17 18:11:00,8575.02
2019-11-17 22:11:00,8582.82
2019-11-18 02:11:00,8494.46
2019-11-18 06:11:00,8489.89
2019-11-18 10:11:00,8493.33
2019-11-18 14:11:00,8433.77
2019-11-18 18:11:00,8244.64
2019-11-18 22:11:00,8209.80
2019-11-19 02:11:00,8204.97
2019-11-19 06:11:00,8158.51
2019-11-19 10:11:00,8098.67
2019-11-19 14:11:00,8081.04
2019-11-19 18:11:00,8108.30
2019-11-19 22:11:00,8129.58
2019-11-20 02:11:00,8145.63
2019-11-20 06:11:00,8139.39
2019-11-20 10:11:00,8097.61
2019-11-20 14:11:00,8121.32
2019-11-20 18:11:00,8140.06
2019-11-20 22:11:00,8096.20
2019-11-21 02:11:00,8115.82
2019-11-21 06:11:00,8116.42
2019-11-21 10:11:00,7943.01
2019-11-21 14:11:00,7662.51
2019-11-21 18:11:00,7603.60
2019-11-21 22:11:00,7625.02
2019-11-22 02:11:00,7657.39
2019-11-22 06:11:00,7530.29
2019-11-22 10:11:00,7260.14
2019-11-22 14:11:00,7027.28
2019-11-22 18:11:00,7222.15
2019-11-22 22:11:00,7327.44
2019-11-23 02:11:00,7264.30
2019-11-23 06:11:00,7259.77
2019-11-23 10:11:00,7203.03
2019-11-23 14:11:00,7254.57
2019-11-23 18:11:00,7326.56
2019-11-23 22:11:00,7322.78
2019-11-24 02:11:00,7285.25
2019-11-24 06:11:00,7237.91
2019-11-24 10:11:00,7220.87
2019-11-24 14:11:00,7102.84
2019-11-24 18:11:00,7047.67
2019-11-24 22:11:00,7005.34
2019-11-25 02:11:00,6805.32
2019-11-25 06:11:00,6649.76
2019-11-25 10:11:00,6828.72
2019-11-25 14:11:00,7174.73
2019-11-25 18:11:00,7269.92
2019-11-25 22:11:00,7195.89
2019-11-26 02:11:00,7182.96
2019-11-26 06:11:00,7249.23
2019-11-26 10:11:00,7161.66
2019-11-26 14:11:00,7107.53
2019-11-26 18:11:00,7105.33
2019-11-26 22:11:00,7145.46
2019-11-27 02:11:00,7157.56
2019-11-27 06:11:00,7104.86
2019-11-27 10:11:00,7003.82
2019-11-27 14:11:00,7281.14
2019-11-27 18:11:00,7510.09
2019-11-27 22:11:00,7575.82
2019-11-28 02:11:00,7558.69
2019-11-28 06:11:00,7507.55
2019-11-28 10:11:00,7509.87
2019-11-28 14:11:00,7541.09
2019-11-28 18:11:00,7607.88
2019-11-28 22:11:00,7503.43
2019-11-29 02:11:00,7499.83
2019-11-29 06:11:00,7506.01
2019-11-29 10:11:00,7568.88
2019-11-29 14:11:00,7688.53
2019-11-29 18:11:00,7777.58
2019-11-29 22:11:00,7756.84
2019-11-30 02:11:00,7787.95
2019-11-30 06:11:00,7783.83
2019-11-30 10:11:00,7733.49
2019-11-30 14:11:00,7617.68
2019-11-30 18:11:00,7529.06
2019-11-30 22:11:00,7562.91
2019-12-01 02:12:00,7385.81
2019-12-01 06:12:00,7332.79
2019-12-01 10:12:00,7344.22
2019-12-01 14:12:00,7411.40
2019-12-01 18:12:00,7339.74
2019-12-01 22:12:00,7407.32
2019-12-02 02:12:00,7409.92
2019-12-02 06:12:00,7274.20
2019-12-02 10:12:00,7305.64
2019-12-02 14:12:00,7319.97
2019-12-02 18:12:00,7296.98
2019-12-02 22:12:00,7335.23
2019-12-03 02:12:00,7380.75
2019-12-03 06:12:00,7324.70
2019-12-03 10:12:00,7306.77
2019-12-03 14:12:00,7337.21
2019-12-03 18:12:00,7353.88
2019-12-03 22:12:00,7333.46
2019-12-04 02:12:00,7198.78
2019-12-04 06:12:00,7171.42
2019-12-04 10:12:00,7192.00
2019-12-04 14:12:00,7520.30
2019-12-04 18:12:00,7492.62
2019-12-04 22:12:00,7256.16
2019-12-05 02:12:00,7232.33
2019-12-05 06:12:00,7285.58
2019-12-05 10:12:00,7374.72
2019-12-05 14:12:00,7411.74
2019-12-05 18:12:00,7356.32
2019-12-05 22:12:00,7408.06
2019-12-06 02:12:00,7400.37
2019-12-06 06:12:00,7403.10
2019-12-06 10:12:00,7386.42
2019-12-06 14:12:00,7398.97
2019-12-06 18:12:00,7485.42
2019-12-06 22:12:00,7515.93
2019-12-07 02:12:00,7563.77
2019-12-07 06:12:00,7587.76
2019-12-07 10:12:00,7541.00
2019-12-07 14:12:00,7562.94
2019-12-07 18:12:00,7548.35
2019-12-07 22:12:00,7543.71
2019-12-08 02:12:00,7468.12
2019-12-08 06:12:00,7475.86
2019-12-08 10:12:00,7522.96
2019-12-08 14:12:00,7570.16
2019-12-08 18:12:00,7563.85
2019-12-08 22:12:00,7567.04
2019-12-09 02:12:00,7524.31
2019-12-09 06:12:00,7525.08
2019-12-09 10:12:00,7497.92
2019-12-09 14:12:00,7538.38
2019-12-09 18:12:00,7428.54
2019-12-09 22:12:00,7339.72
2019-12-10 02:12:00,7364.04
2019-12-10 06:12:00,7377.17
2019-12-10 10:12:00,7343.26
2019-12-10 14:12:00,7303.56
2019-12-10 18:12:00,7226.68
2019-12-10 22:12:00,7250.28
2019-12-11 02:12:00,7269.56
2019-12-11 06:12:00,7244.00
2019-12-11 10:12:00,7273.15
2019-12-11 14:12:00,7227.49
2019-12-11 18:12:00,7208.35
2019-12-11 22:12:00,7218.43
2019-12-12 02:12:00,7195.58
2019-12-12 06:12:00,7185.13
2019-12-12 10:12:00,7179.54
2019-12-12 14:12:00,7192.92
2019-12-12 18:12:00,7214.40
2019-12-12 22:12:00,7234.48
2019-12-13 02:12:00,7225.10
2019-12-13 06:12:00,7241.24
2019-12-13 10:12:00,7231.91
2019-12-13 14:12:00,7245.22
2019-12-13 18:12:00,7274.89
2019-12-13 22:12:00,7263.27
2019-12-14 02:12:00,7280.27
2019-12-14 06:12:00,7291.17
2019-12-14 10:12:00,7211.36
2019-12-14 14:12:00,7121.37
2019-12-14 18:12:00,7078.36
2019-12-14 22:12:00,7113.39
2019-12-15 02:12:00,7074.49
2019-12-15 06:12:00,7116.84
2019-12-15 10:12:00,7149.14
2019-12-15 14:12:00,7116.89
2019-12-15 18:12:00,7126.37
2019-12-15 22:12:00,7149.17
2019-12-16 02:12:00,7120.78
2019-12-16 06:12:00,7094.47
2019-12-16 10:12:00,7095.59
2019-12-16 14:12:00,7125.57
2019-12-16 18:12:00,6970.08
2019-12-16 22:12:00,6899.48
2019-12-17 02:12:00,6914.00
2019-12-17 06:12:00,6934.91
2019-12-17 10:12:00,6912.51
2019-12-17 14:12:00,6786.24
2019-12-17 18:12:00,6687.63
2019-12-17 22:12:00,6630.15
2019-12-18 02:12:00,6681.41
2019-12-18 06:12:00,6667.01
2019-12-18 10:12:00,6657.29
2019-12-18 14:12:00,6645.29
2019-12-18 18:12:00,6887.49
2019-12-18 22:12:00,7205.12
2019-12-19 02:12:00,7228.93
2019-12-19 06:12:00,7155.69
2019-12-19 10:12:00,7120.65
2019-12-19 14:12:00,7159.74
2019-12-19 18:12:00,7154.96
2019-12-19 22:12:00,7172.64
2019-12-20 02:12:00,7142.31
2019-12-20 06:12:00,7141.97
2019-12-20 10:12:00,7167.17
2019-12-20 14:12:00,7186.20
2019-12-20 18:12:00,7190.92
2019-12-20 22:12:00,7214.85
2019-12-21 02:12:00,7208.95
2019-12-21 06:12:00,7193.82
2019-12-21 10:12:00,7159.09
2019-12-21 14:12:00,7159.74
2019-12-21 18:12:00,7182.49
2019-12-21 22:12:00,7174.43
2019-12-22 02:12:00,7207.74
2019-12-22 06:12:00,7177.00
2019-12-22 10:12:00,7195.75
2019-12-22 14:12:00,7205.21
2019-12-22 18:12:00,7343.94
2019-12-22 22:12:00,7462.08
2019-12-23 02:12:00,7589.64
2019-12-23 06:12:00,7539.69
2019-12-23 10:12:00,7552.35
2019-12-23 14:12:00,7566.48
2019-12-23 18:12:00,7512.58
2019-12-23 22:12:00,7333.57
2019-12-24 02:12:00,7331.63
2019-12-24 06:12:00,7330.44
2019-12-24 10:12:00,7338.28
2019-12-24 14:12:00,7353.40
2019-12-24 18:12:00,7239.67
2019-12-24 22:12:00,7256.56
2019-12-25 02:12:00,7280.94
2019-12-25 06:12:00,7277.00
2019-12-25 10:12:00,7273.11
2019-12-25 14:12:00,7211.19
2019-12-25 18:12:00,7170.60
2019-12-25 22:12:00,7247.22
2019-12-26 02:12:00,7220.60
2019-12-26 06:12:00,7222.45
2019-12-26 10:12:00,7229.35
2019-12-26 14:12:00,7219.77
2019-12-26 18:12:00,7334.12
2019-12-26 22:12:00,7225.90
2019-12-27 02:12:00,7227.59
2019-12-27 06:12:00,7210.87
2019-12-27 10:12:00,7150.74
2019-12-27 14:12:00,7186.98
2019-12-27 18:12:00,7227.62
2019-12-27 22:12:00,7251.11
2019-12-28 02:12:00,7310.06
2019-12-28 06:12:00,7343.51
2019-12-28 10:12:00,7321.87
2019-12-28 14:12:00,7325.47
2019-12-28 18:12:00,7336.43
2019-12-28 22:12:00,7340.60
2019-12-29 02:12:00,7360.58
2019-12-29 06:12:00,7376.04
2019-12-29 10:12:00,7363.10
2019-12-29 14:12:00,7396.79
2019-12-29 18:12:00,7444.61
2019-12-29 22:12:00,7450.33
2019-12-30 02:12:00,7374.93
2019-12-30 06:12:00,7391.06
2019-12-30 10:12:00,7335.02
2019-12-30 14:12:00,7297.27
2019-12-30 18:12:00,7247.13
2019-12-30 22:12:00,7268.54
2019-12-31 02:12:00,7244.10
2019-12-31 06:12:00,7278.26
2019-12-31 10:12:00,7274.34
2019-12-31 14:12:00,7242.67
2019-12-31 18:12:00,7183.66
2019-12-31 22:12:00,7187.80
2020-01-01 02:01:00,7217.39
2020-01-01 06:01:00,7260.80
2020-01-01 10:01:00,7230.87
2020-01-01 14:01:00,7259.39
2020-01-01 18:01:00,7258.86
2020-01-01 22:01:00,7237.77
2020-01-02 02:01:00,7179.16
2020-01-02 06:01:00,7142.45
2020-01-02 10:01:00,7173.25
2020-01-02 14:01:00,7149.03
2020-01-02 18:01:00,6994.59
2020-01-02 22:01:00,6983.09
2020-01-03 02:01:00,6931.62
2020-01-03 06:01:00,7184.09
2020-01-03 10:01:00,7305.66
2020-01-03 14:01:00,7305.12
2020-01-03 18:01:00,7355.32
2020-01-03 22:01:00,7315.08
2020-01-04 02:01:00,7337.41
2020-01-04 06:01:00,7364.20
2020-01-04 10:01:00,7358.94
2020-01-04 14:01:00,7322.54
2020-01-04 18:01:00,7334.53
2020-01-04 22:01:00,7348.30
2020-01-05 02:01:00,7438.15
2020-01-05 06:01:00,7475.61
2020-01-05 10:01:00,7446.72
2020-01-05 14:01:00,7458.28
2020-01-05 18:01:00,7465.56
2020-01-05 22:01:00,7379.68
2020-01-06 02:01:00,7488.71
2020-01-06 06:01:00,7534.86
2020-01-06 10:01:00,7550.82
2020-01-06 14:01:00,7554.49
2020-01-06 18:01:00,7547.25
2020-01-06 22:01:00,7690.12
2020-01-07 02:01:00,7900.43
2020-01-07 06:01:00,7874.82
2020-01-07 10:01:00,7905.76
2020-01-07 14:01:00,7835.81
2020-01-07 18:01:00,7980.34
2020-01-07 22:01:00,8110.57
2020-01-08 02:01:00,8343.72
2020-01-08 06:01:00,8329.98
2020-01-08 10:01:00,8329.96
2020-01-08 14:01:00,8310.52
2020-01-08 18:01:00,8093.81
2020-01-08 22:01:00,7992.99
2020-01-09 02:01:00,7982.64
2020-01-09 06:01:00,7952.30
2020-01-09 10:01:00,7905.31
2020-01-09 14:01:00,7907.80
2020-01-09 18:01:00,7843.66
2020-01-09 22:01:00,7859.67
2020-01-10 02:01:00,7824.84
2020-01-10 06:01:00,7752.39
2020-01-10 10:01:00,7749.92
2020-01-10 14:01:00,7960.14
2020-01-10 18:01:00,8034.38
2020-01-10 22:01:00,8087.39
2020-01-11 02:01:00,8193.28
2020-01-11 06:01:00,8106.66
2020-01-11 10:01:00,8074.47
2020-01-11 14:01:00,8085.09
2020-01-11 18:01:00,8163.30
2020-01-11 22:01:00,8127.69
2020-01-12 02:01:00,8041.41
2020-01-12 06:01:00,8111.99
2020-01-12 10:01:00,8132.84
2020-01-12 14:01:00,8153.55
2020-01-12 18:01:00,8127.88
2020-01-12 22:01:00,8154.66
2020-01-13 02:01:00,8147.92
2020-01-13 06:01:00,8086.83
2020-01-13 10:01:00,8101.13
2020-01-13 14:01:00,8082.24
2020-01-13 18:01:00,8102.35
2020-01-13 22:01:00,8133.91
2020-01-14 02:01:00,8357.33
2020-01-14 06:01:00,8524.83
2020-01-14 10:01:00,8505.59
2020-01-14 14:01:00,8627.20
2020-01-14 18:01:00,8701.50
2020-01-14 22:01:00,8765.19
2020-01-15 02:01:00,8782.24
2020-01-15 06:01:00,8625.57
2020-01-15 10:01:00,8705.92
2020-01-15 14:01:00,8801.12
2020-01-15 18:01:00,8749.37
2020-01-15 22:01:00,8811.13
2020-01-16 02:01:00,8679.53
2020-01-16 06:01:00,8670.94
2020-01-16 10:01:00,8644.78
2020-01-16 14:01:00,8694.71
2020-01-16 18:01:00,8659.74
2020-01-16 22:01:00,8705.03
2020-01-17 02:01:00,8744.92
2020-01-17 06:01:00,8895.44
2020-01-17 10:01:00,8931.99
2020-01-17 14:01:00,8819.35
2020-01-17 18:01:00,8880.92
2020-01-17 22:01:00,8898.76
2020-01-18 02:01:00,8927.32
2020-01-18 06:01:00,8849.81
2020-01-18 10:01:00,8865.53
2020-01-18 14:01:00,8913.14
2020-01-18 18:01:00,8885.66
2020-01-18 22:01:00,8930.73
2020-01-19 02:01:00,9096.28
2020-01-19 06:01:00,9092.04
2020-01-19 10:01:00,8743.56
2020-01-19 14:01:00,8622.77
2020-01-19 18:01:00,8650.77
2020-01-19 22:01:00,8648.11
2020-01-20 02:01:00,8673.90
2020-01-20 06:01:00,8673.73
2020-01-20 10:01:00,8643.70
2020-01-20 14:01:00,8598.72
2020-01-20 18:01:00,8660.14
2020-01-20 22:01:00,8673.49
2020-01-21 02:01:00,8642.25
2020-01-21 06:01:00,8648.21
2020-01-21 10:01:00,8636.74
2020-01-21 14:01:00,8651.65
2020-01-21 18:01:00,8575.36
2020-01-21 22:01:00,8695.80
2020-01-22 02:01:00,8720.29
2020-01-22 06:01:00,8736.00
2020-01-22 10:01:00,8664.24
2020-01-22 14:01:00,8647.85
2020-01-22 18:01:00,8645.28
2020-01-22 22:01:00,8670.78
2020-01-23 02:01:00,8600.65
2020-01-23 06:01:00,8529.41
2020-01-23 10:01:00,8450.24
2020-01-23 14:01:00,8358.13
2020-01-23 18:01:00,8331.46
2020-01-23 22:01:00,8392.75
2020-01-24 02:01:00,8335.15
2020-01-24 06:01:00,8328.63
2020-01-24 10:01:00,8295.81
2020-01-24 14:01:00,8446.13
2020-01-24 18:01:00,8489.22
2020-01-24 22:01:00,8474.45
2020-01-25 02:01:00,8333.49
2020-01-25 06:01:00,8327.75
2020-01-25 10:01:00,8346.72
2020-01-25 14:01:00,8335.99
2020-01-25 18:01:00,8356.97
2020-01-25 22:01:00,8385.70
2020-01-26 02:01:00,8325.27
2020-01-26 06:01:00,8375.04
2020-01-26 10:01:00,8424.61
2020-01-26 14:01:00,8454.66
2020-01-26 18:01:00,8537.50
2020-01-26 22:01:00,8582.32
2020-01-27 02:01:00,8654.07
2020-01-27 06:01:00,8647.23
2020-01-27 10:01:00,8634.68
2020-01-27 14:01:00,8737.12
2020-01-27 18:01:00,8846.80
2020-01-27 22:01:00,8930.86
2020-01-28 02:01:00,9070.11
2020-01-28 06:01:00,9037.99
2020-01-28 10:01:00,9013.66
2020-01-28 14:01:00,9066.91
2020-01-28 18:01:00,8971.60
2020-01-28 22:01:00,9225.22
2020-01-29 02:01:00,9349.79
2020-01-29 06:01:00,9346.76
2020-01-29 10:01:00,9318.65
2020-01-29 14:01:00,9298.20
2020-01-29 18:01:00,9345.14
2020-01-29 22:01:00,9354.92
2020-01-30 02:01:00,9252.65
2020-01-30 06:01:00,9323.55
2020-01-30 10:01:00,9341.43
2020-01-30 14:01:00,9358.79
2020-01-30 18:01:00,9412.23
2020-01-30 22:01:00,9528.15
2020-01-31 02:01:00,9458.39
2020-01-31 06:01:00,9360.08
2020-01-31 10:01:00,9329.73
2020-01-31 14:01:00,9264.32
2020-01-31 18:01:00,9298.71
2020-01-31 22:01:00,9349.50
2020-02-01 02:02:00,9407.87
2020-02-01 06:02:00,9413.42
2020-02-01 10:02:00,9373.93
2020-02-01 14:02:00,9332.93
2020-02-01 18:02:00,9379.88
2020-02-01 22:02:00,9376.99
2020-02-02 02:02:00,9293.30
2020-02-02 06:02:00,9273.33
2020-02-02 10:02:00,9402.83
2020-02-02 14:02:00,9440.90
2020-02-02 18:02:00,9445.16
2020-02-02 22:02:00,9394.21
2020-02-03 02:02:00,9450.68
2020-02-03 06:02:00,9378.74
2020-02-03 10:02:00,9332.69
2020-02-03 14:02:00,9309.14
2020-02-03 18:02:00,9279.53
2020-02-03 22:02:00,9298.55
2020-02-04 02:02:00,9296.17
2020-02-04 06:02:00,9262.67
2020-02-04 10:02:00,9189.12
2020-02-04 14:02:00,9148.98
2020-02-04 18:02:00,9201.58
2020-02-04 22:02:00,9170.72
2020-02-05 02:02:00,9195.39
2020-02-05 06:02:00,9246.13
2020-02-05 10:02:00,9336.85
2020-02-05 14:02:00,9444.90
2020-02-05 18:02:00,9629.46
2020-02-05 22:02:00,9651.63
2020-02-06 02:02:00,9579.79
2020-02-06 06:02:00,9643.31
2020-02-06 10:02:00,9642.68
2020-02-06 14:02:00,9776.67
2020-02-06 18:02:00,9748.09
2020-02-06 22:02:00,9723.65
2020-02-07 02:02:00,9795.57
2020-02-07 06:02:00,9763.95
2020-02-07 10:02:00,9802.16
2020-02-07 14:02:00,9764.98
2020-02-07 18:02:00,9779.48
2020-02-07 22:02:00,9763.30
2020-02-08 02:02:00,9729.43
2020-02-08 06:02:00,9748.69
2020-02-08 10:02:00,9803.41
2020-02-08 14:02:00,9823.67
2020-02-08 18:02:00,9855.94
2020-02-08 22:02:00,9891.63
2020-02-09 02:02:00,9972.13
2020-02-09 06:02:00,10096.69
2020-02-09 10:02:00,10099.15
2020-02-09 14:02:00,10081.19
2020-02-09 18:02:00,10078.93
2020-02-09 22:02:00,10098.90
2020-02-10 02:02:00,10119.36
2020-02-10 06:02:00,9942.98
2020-02-10 10:02:00,9843.26
2020-02-10 14:02:00,9855.52
2020-02-10 18:02:00,9847.01
2020-02-10 22:02:00,9862.75
2020-02-11 02:02:00,9773.91
2020-02-11 06:02:00,9760.59
2020-02-11 10:02:00,9809.83
2020-02-11 14:02:00,10009.41
2020-02-11 18:02:00,10261.08
2020-02-11 22:02:00,10243.12
2020-02-12 02:02:00,10304.15
2020-02-12 06:02:00,10357.07
2020-02-12 10:02:00,10300.32
2020-02-12 14:02:00,10351.53
2020-02-12 18:02:00,10345.01
2020-02-12 22:02:00,10369.88
2020-02-13 02:02:00,10402.35
2020-02-13 06:02:00,10431.77
2020-02-13 10:02:00,10192.89
2020-02-13 14:02:00,10305.03
2020-02-13 18:02:00,10204.68
2020-02-13 22:02:00,10212.26
2020-02-14 02:02:00,10231.93
2020-02-14 06:02:00,10170.09
2020-02-14 10:02:00,10208.86
2020-02-14 14:02:00,10270.61
2020-02-14 18:02:00,10319.64
2020-02-14 22:02:00,10357.37
2020-02-15 02:02:00,10303.62
2020-02-15 06:02:00,10248.29
2020-02-15 10:02:00,10250.09
2020-02-15 14:02:00,10069.11
2020-02-15 18:02:00,9932.96
2020-02-15 22:02:00,9910.20
2020-02-16 02:02:00,9963.39
2020-02-16 06:02:00,9982.02
2020-02-16 10:02:00,9972.49
2020-02-16 14:02:00,9902.83
2020-02-16 18:02:00,9769.17
2020-02-16 22:02:00,9861.37
2020-02-17 02:02:00,9860.06
2020-02-17 06:02:00,9780.43
2020-02-17 10:02:00,9705.38
2020-02-17 14:02:00,9593.88
2020-02-17 18:02:00,9667.19
2020-02-17 22:02:00,9666.55
2020-02-18 02:02:00,9716.38
2020-02-18 06:02:00,9786.05
2020-02-18 10:02:00,9723.68
2020-02-18 14:02:00,9759.75
2020-02-18 18:02:00,9971.58
2020-02-18 22:02:00,10165.30
2020-02-19 02:02:00,10157.27
2020-02-19 06:02:00,10109.90
2020-02-19 10:02:00,10143.20
2020-02-19 14:02:00,10150.79
2020-02-19 18:02:00,10210.54
2020-02-19 22:02:00,9717.15
2020-02-20 02:02:00,9580.79
2020-02-20 06:02:00,9586.83
2020-02-20 10:02:00,9602.51
2020-02-20 14:02:00,9592.21
2020-02-20 18:02:00,9550.22
2020-02-20 22:02:00,9609.87
2020-02-21 02:02:00,9659.86
2020-02-21 06:02:00,9701.78
2020-02-21 10:02:00,9681.05
2020-02-21 14:02:00,9732.68
2020-02-21 18:02:00,9731.31
2020-02-21 22:02:00,9680.61
2020-02-22 02:02:00,9698.18
2020-02-22 06:02:00,9641.08
2020-02-22 10:02:00,9668.37
2020-02-22 14:02:00,9679.34
2020-02-22 18:02:00,9689.48
2020-02-22 22:02:00,9714.91
2020-02-23 02:02:00,9745.59
2020-02-23 06:02:00,9902.92
2020-02-23 10:02:00,9920.16
2020-02-23 14:02:00,9896.83
2020-02-23 18:02:00,9909.38
2020-02-23 22:02:00,9936.29
2020-02-24 02:02:00,9843.93
2020-02-24 06:02:00,9743.74
2020-02-24 10:02:00,9770.02
2020-02-24 14:02:00,9777.68
2020-02-24 18:02:00,9608.19
2020-02-24 22:02:00,9636.60
2020-02-25 02:02:00,9637.52
2020-02-25 06:02:00,9550.05
2020-02-25 10:02:00,9589.49
2020-02-25 14:02:00,9482.19
2020-02-25 18:02:00,9376.69
2020-02-25 22:02:00,9353.08
2020-02-26 02:02:00,9198.60
2020-02-26 06:02:00,9182.01
2020-02-26 10:02:00,9163.67
2020-02-26 14:02:00,9102.06
2020-02-26 18:02:00,8778.53
2020-02-26 22:02:00,8811.79
2020-02-27 02:02:00,8663.73
2020-02-27 06:02:00,8785.66
2020-02-27 10:02:00,8830.56
2020-02-27 14:02:00,8861.89
2020-02-27 18:02:00,8932.31
2020-02-27 22:02:00,8816.79
2020-02-28 02:02:00,8881.87
2020-02-28 06:02:00,8810.62
2020-02-28 10:02:00,8651.09
2020-02-28 14:02:00,8591.97
2020-02-28 18:02:00,8609.47
2020-02-28 22:02:00,8723.11
2020-02-29 02:02:00,8773.89
2020-02-29 06:02:00,8804.97
2020-02-29 10:02:00,8735.28
2020-02-29 14:02:00,8676.24
2020-02-29 18:02:00,8700.79
2020-02-29 22:02:00,8677.69
2020-03-01 02:03:00,8625.93
2020-03-01 06:03:00,8605.37
2020-03-01 10:03:00,8617.66
2020-03-01 14:03:00,8652.69
2020-03-01 18:03:00,8507.62
2020-03-01 22:03:00,8557.35
2020-03-02 02:03:00,8601.17
2020-03-02 06:03:00,8673.70
2020-03-02 10:03:00,8732.12
2020-03-02 14:03:00,8832.77
2020-03-02 18:03:00,8893.29
2020-03-02 22:03:00,8935.28
2020-03-03 02:03:00,8884.76
2020-03-03 06:03:00,8832.28
2020-03-03 10:03:00,8851.41
2020-03-03 14:03:00,8791.69
2020-03-03 18:03:00,8730.51
2020-03-03 22:03:00,8771.84
2020-03-04 02:03:00,8824.44
2020-03-04 06:03:00,8849.96
2020-03-04 10:03:00,8790.65
2020-03-04 14:03:00,8755.95
2020-03-04 18:03:00,8754.99
2020-03-04 22:03:00,8765.02
2020-03-05 02:03:00,8891.39
2020-03-05 06:03:00,8942.56
2020-03-05 10:03:00,9065.24
2020-03-05 14:03:00,9087.93
2020-03-05 18:03:00,9119.83
2020-03-05 22:03:00,9117.60
2020-03-06 02:03:00,9069.68
2020-03-06 06:03:00,9115.37
2020-03-06 10:03:00,9150.05
2020-03-06 14:03:00,9104.64
2020-03-06 18:03:00,9093.20
2020-03-06 22:03:00,9140.42
2020-03-07 02:03:00,9151.14
2020-03-07 06:03:00,9123.75
2020-03-07 10:03:00,9150.21
2020-03-07 14:03:00,9156.57
2020-03-07 18:03:00,9009.23
2020-03-07 22:03:00,8935.27
2020-03-08 02:03:00,8800.15
2020-03-08 06:03:00,8772.95
2020-03-08 10:03:00,8769.93
2020-03-08 14:03:00,8558.13
2020-03-08 18:03:00,8310.99
2020-03-08 22:03:00,8184.07
2020-03-09 02:03:00,8091.83
2020-03-09 06:03:00,7897.14
2020-03-09 10:03:00,7911.26
2020-03-09 14:03:00,7780.66
2020-03-09 18:03:00,7801.19
2020-03-09 22:03:00,7878.01
2020-03-10 02:03:00,7923.64
2020-03-10 06:03:00,7948.18
2020-03-10 10:03:00,8028.50
2020-03-10 14:03:00,8005.29
2020-03-10 18:03:00,7868.37
2020-03-10 22:03:00,7976.73
2020-03-11 02:03:00,7946.14
2020-03-11 06:03:00,7902.08
2020-03-11 10:03:00,7852.58
2020-03-11 14:03:00,7849.73
2020-03-11 18:03:00,7735.72
2020-03-11 22:03:00,7910.73
2020-03-12 02:03:00,7734.01
2020-03-12 06:03:00,7504.16
2020-03-12 10:03:00,6515.95
2020-03-12 14:03:00,6035.85
2020-03-12 18:03:00,6090.05
2020-03-12 22:03:00,5441.91
2020-03-13 02:03:00,4855.93
2020-03-13 06:03:00,5125.05
2020-03-13 10:03:00,5545.48
2020-03-13 14:03:00,5553.16
2020-03-13 18:03:00,5174.42
2020-03-13 22:03:00,5551.22
2020-03-14 02:03:00,5520.55
2020-03-14 06:03:00,5497.98
2020-03-14 10:03:00,5384.82
2020-03-14 14:03:00,5383.23
2020-03-14 18:03:00,5434.25
2020-03-14 22:03:00,5243.31
2020-03-15 02:03:00,5190.43
2020-03-15 06:03:00,5277.22
2020-03-15 10:03:00,5395.59
2020-03-15 14:03:00,5383.98
2020-03-15 18:03:00,5335.10
2020-03-15 22:03:00,5512.49
2020-03-16 02:03:00,5287.72
2020-03-16 06:03:00,5021.74
2020-03-16 10:03:00,4658.41
2020-03-16 14:03:00,4851.70
2020-03-16 18:03:00,5039.55
2020-03-16 22:03:00,4954.78
2020-03-17 02:03:00,5227.60
2020-03-17 06:03:00,5348.32
2020-03-17 10:03:00,5323.34
2020-03-17 14:03:00,5253.17
2020-03-17 18:03:00,5396.88
2020-03-17 22:03:00,5441.85
2020-03-18 02:03:00,5378.86
2020-03-18 06:03:00,5279.27
2020-03-18 10:03:00,5145.67
2020-03-18 14:03:00,5271.52
2020-03-18 18:03:00,5266.42
2020-03-18 22:03:00,5378.62
2020-03-19 02:03:00,5384.79
2020-03-19 06:03:00,5393.08
2020-03-19 10:03:00,5561.16
2020-03-19 14:03:00,5841.65
2020-03-19 18:03:00,6192.91
2020-03-19 22:03:00,6273.67
2020-03-20 02:03:00,6174.40
2020-03-20 06:03:00,6244.67
2020-03-20 10:03:00,6683.80
2020-03-20 14:03:00,6600.93
2020-03-20 18:03:00,6360.99
2020-03-20 22:03:00,6062.04
2020-03-21 02:03:00,6235.74
2020-03-21 06:03:00,6173.67
2020-03-21 10:03:00,6020.37
2020-03-21 14:03:00,6193.61
2020-03-21 18:03:00,6179.64
2020-03-21 22:03:00,6277.96
2020-03-22 02:03:00,6274.97
2020-03-22 06:03:00,6364.28
2020-03-22 10:03:00,6260.75
2020-03-22 14:03:00,6048.88
2020-03-22 18:03:00,6003.48
2020-03-22 22:03:00,5914.35
2020-03-23 02:03:00,5884.70
2020-03-23 06:03:00,5930.67
2020-03-23 10:03:00,5859.67
2020-03-23 14:03:00,6279.23
2020-03-23 18:03:00,6334.76
2020-03-23 22:03:00,6443.77
2020-03-24 02:03:00,6604.53
2020-03-24 06:03:00,6519.69
2020-03-24 10:03:00,6751.20
2020-03-24 14:03:00,6658.50
2020-03-24 18:03:00,6654.48
2020-03-24 22:03:00,6763.53
2020-03-25 02:03:00,6655.56
2020-03-25 06:03:00,6681.65
2020-03-25 10:03:00,6747.16
2020-03-25 14:03:00,6640.99
2020-03-25 18:03:00,6668.81
2020-03-25 22:03:00,6648.36
2020-03-26 02:03:00,6746.59
2020-03-26 06:03:00,6673.81
2020-03-26 10:03:00,6645.11
2020-03-26 14:03:00,6625.78
2020-03-26 18:03:00,6668.01
2020-03-26 22:03:00,6738.55
2020-03-27 02:03:00,6830.54
2020-03-27 06:03:00,6721.27
2020-03-27 10:03:00,6687.93
2020-03-27 14:03:00,6634.89
2020-03-27 18:03:00,6659.49
2020-03-27 22:03:00,6533.99
2020-03-28 02:03:00,6234.87
2020-03-28 06:03:00,6178.02
2020-03-28 10:03:00,6272.61
2020-03-28 14:03:00,6256.90
2020-03-28 18:03:00,6171.35
2020-03-28 22:03:00,6266.14
2020-03-29 02:03:00,6232.79
2020-03-29 07:03:00,6186.13
2020-03-29 11:03:00,6140.92
2020-03-29 15:03:00,6138.82
2020-03-29 19:03:00,6023.36
2020-03-29 23:03:00,5929.32
2020-03-30 03:03:00,5964.87
2020-03-30 07:03:00,6217.98
2020-03-30 11:03:00,6336.84
2020-03-30 15:03:00,6362.39
2020-03-30 19:03:00,6366.44
2020-03-30 23:03:00,6504.51
2020-03-31 03:03:00,6471.86
2020-03-31 07:03:00,6437.93
2020-03-31 11:03:00,6451.94
2020-03-31 15:03:00,6449.93
2020-03-31 19:03:00,6470.42
2020-03-31 23:03:00,6474.34
2020-04-01 03:04:00,6331.72
2020-04-01 07:04:00,6336.45
2020-04-01 11:04:00,6325.28
2020-04-01 15:04:00,6253.29
2020-04-01 19:04:00,6214.11
2020-04-01 23:04:00,6500.43
2020-04-02 03:04:00,6664.31
2020-04-02 07:04:00,6644.00
2020-04-02 11:04:00,6676.15
2020-04-02 15:04:00,6743.09
2020-04-02 19:04:00,6958.81
2020-04-02 23:04:00,6784.49
2020-04-03 03:04:00,6798.37
2020-04-03 07:04:00,6875.18
2020-04-03 11:04:00,6969.98
2020-04-03 15:04:00,6837.17
2020-04-03 19:04:00,6716.54
2020-04-03 23:04:00,6756.70
2020-04-04 03:04:00,6747.42
2020-04-04 07:04:00,6752.25
2020-04-04 11:04:00,6811.05
2020-04-04 15:04:00,6733.75
2020-04-04 19:04:00,6785.71
2020-04-04 23:04:00,6875.73
2020-04-05 03:04:00,6864.72
2020-04-05 07:04:00,6791.88
2020-04-05 11:04:00,6792.55
2020-04-05 15:04:00,6804.55
2020-04-05 19:04:00,6776.48
2020-04-05 23:04:00,6787.64
2020-04-06 03:04:00,6849.59
2020-04-06 07:04:00,7005.45
2020-04-06 11:04:00,7111.50
2020-04-06 15:04:00,7126.28
2020-04-06 19:04:00,7226.50
2020-04-06 23:04:00,7277.14
2020-04-07 03:04:00,7371.53
2020-04-07 07:04:00,7305.16
2020-04-07 11:04:00,7396.54
2020-04-07 15:04:00,7356.94
2020-04-07 19:04:00,7344.86
2020-04-07 23:04:00,7165.85
2020-04-08 03:04:00,7276.14
2020-04-08 07:04:00,7353.42
2020-04-08 11:04:00,7286.71
2020-04-08 15:04:00,7271.76
2020-04-08 19:04:00,7312.81
2020-04-08 23:04:00,7355.66
2020-04-09 03:04:00,7328.01
2020-04-09 07:04:00,7297.09
2020-04-09 11:04:00,7279.66
2020-04-09 15:04:00,7281.34
2020-04-09 19:04:00,7283.43
2020-04-09 23:04:00,7294.25
2020-04-10 03:04:00,7249.45
2020-04-10 07:04:00,7002.40
2020-04-10 11:04:00,6927.68
2020-04-10 15:04:00,6863.10
2020-04-10 19:04:00,6880.58
2020-04-10 23:04:00,6901.59
2020-04-11 03:04:00,6919.05
2020-04-11 07:04:00,6928.58
2020-04-11 11:04:00,6888.29
2020-04-11 15:04:00,6867.14
2020-04-11 19:04:00,6831.69
2020-04-11 23:04:00,6849.18
2020-04-12 03:04:00,6863.69
2020-04-12 07:04:00,6846.41
2020-04-12 11:04:00,6878.27
2020-04-12 15:04:00,6981.09
2020-04-12 19:04:00,7125.28
2020-04-12 23:04:00,7048.04
2020-04-13 03:04:00,6734.53
2020-04-13 07:04:00,6718.32
2020-04-13 11:04:00,6757.03
2020-04-13 15:04:00,6719.23
2020-04-13 19:04:00,6786.36
2020-04-13 23:04:00,6858.28
2020-04-14 03:04:00,6872.92
2020-04-14 07:04:00,6891.63
2020-04-14 11:04:00,6830.62
2020-04-14 15:04:00,6905.42
2020-04-14 19:04:00,6936.95
2020-04-14 23:04:00,6888.51
2020-04-15 03:04:00,6874.19
2020-04-15 07:04:00,6905.50
2020-04-15 11:04:00,6820.59
2020-04-15 15:04:00,6733.94
2020-04-15 19:04:00,6757.89
2020-04-15 23:04:00,6679.22
2020-04-16 03:04:00,6589.16
2020-04-16 07:04:00,6838.61
2020-04-16 11:04:00,7020.23
2020-04-16 15:04:00,7032.02
2020-04-16 19:04:00,7027.69
2020-04-16 23:04:00,7109.26
2020-04-17 03:04:00,7095.69
2020-04-17 07:04:00,7062.77
2020-04-17 11:04:00,7095.82
2020-04-17 15:04:00,7056.50
2020-04-17 19:04:00,7059.35
2020-04-17 23:04:00,7082.66
2020-04-18 03:04:00,7093.40
2020-04-18 07:04:00,7115.48
2020-04-18 11:04:00,7099.91
2020-04-18 15:04:00,7206.85
2020-04-18 19:04:00,7210.31
2020-04-18 23:04:00,7261.40
2020-04-19 03:04:00,7235.91
2020-04-19 07:04:00,7175.90
2020-04-19 11:04:00,7177.58
2020-04-19 15:04:00,7119.32
2020-04-19 19:04:00,7155.49
2020-04-19 23:04:00,7171.84
2020-04-20 03:04:00,7163.32
2020-04-20 07:04:00,7194.22
2020-04-20 11:04:00,7075.04
2020-04-20 15:04:00,7035.20
2020-04-20 19:04:00,6905.56
2020-04-20 23:04:00,6858.84
2020-04-21 03:04:00,6886.43
2020-04-21 07:04:00,6886.95
2020-04-21 11:04:00,6840.91
2020-04-21 15:04:00,6840.25
2020-04-21 19:04:00,6887.65
2020-04-21 23:04:00,6890.99
2020-04-22 03:04:00,6860.69
2020-04-22 07:04:00,6920.86
2020-04-22 11:04:00,6964.01
2020-04-22 15:04:00,7071.47
2020-04-22 19:04:00,7123.78
2020-04-22 23:04:00,7120.17
2020-04-23 03:04:00,7149.12
2020-04-23 07:04:00,7085.89
2020-04-23 11:04:00,7097.06
2020-04-23 15:04:00,7408.05
2020-04-23 19:04:00,7542.06
2020-04-23 23:04:00,7542.35
2020-04-24 03:04:00,7508.43
2020-04-24 07:04:00,7539.66
2020-04-24 11:04:00,7543.19
2020-04-24 15:04:00,7487.67
2020-04-24 19:04:00,7521.36
2020-04-24 23:04:00,7523.33
2020-04-25 03:04:00,7484.25
2020-04-25 07:04:00,7555.94
2020-04-25 11:04:00,7555.40
2020-04-25 15:04:00,7600.55
2020-04-25 19:04:00,7538.34
2020-04-25 23:04:00,7537.41
2020-04-26 03:04:00,7567.40
2020-04-26 07:04:00,7553.52
2020-04-26 11:04:00,7616.85
2020-04-26 15:04:00,7615.14
2020-04-26 19:04:00,7597.24
2020-04-26 23:04:00,7645.95
2020-04-27 03:04:00,7733.86
2020-04-27 07:04:00,7702.87
2020-04-27 11:04:00,7714.90
2020-04-27 15:04:00,7680.83
2020-04-27 19:04:00,7689.59
2020-04-27 23:04:00,7746.43
2020-04-28 03:04:00,7716.06
2020-04-28 07:04:00,7694.36
2020-04-28 11:04:00,7731.76
2020-04-28 15:04:00,7729.45
2020-04-28 19:04:00,7736.66
2020-04-28 23:04:00,7745.39
2020-04-29 03:04:00,7793.96
2020-04-29 07:04:00,7904.85
2020-04-29 11:04:00,8076.62
2020-04-29 15:04:00,8302.18
2020-04-29 19:04:00,8663.35
2020-04-29 23:04:00,8796.73
2020-04-30 03:04:00,8996.32
2020-04-30 07:04:00,9241.73
2020-04-30 11:04:00,8885.76
2020-04-30 15:04:00,8826.79
2020-04-30 19:04:00,8652.99
2020-04-30 23:04:00,8741.45
2020-05-01 03:05:00,8698.37
2020-05-01 07:05:00,8768.68
2020-05-01 11:05:00,8910.94
2020-05-01 15:05:00,8842.82
2020-05-01 19:05:00,8731.50
2020-05-01 23:05:00,8804.86
2020-05-02 03:05:00,8818.23
2020-05-02 07:05:00,8825.78
2020-05-02 11:05:00,8840.59
2020-05-02 15:05:00,8916.30
2020-05-02 19:05:00,8932.93
2020-05-02 23:05:00,8935.53
2020-05-03 03:05:00,9113.16
2020-05-03 07:05:00,9038.13
2020-05-03 11:05:00,9062.42
2020-05-03 15:05:00,8872.91
2020-05-03 19:05:00,8859.78
2020-05-03 23:05:00,8891.42
2020-05-04 03:05:00,8764.74
2020-05-04 07:05:00,8634.06
2020-05-04 11:05:00,8669.35
2020-05-04 15:05:00,8784.50
2020-05-04 19:05:00,8839.27
2020-05-04 23:05:00,8905.42
2020-05-05 03:05:00,8874.33
2020-05-05 07:05:00,9031.04
2020-05-05 11:05:00,8921.22
2020-05-05 15:05:00,8883.03
2020-05-05 19:05:00,8893.29
2020-05-05 23:05:00,8970.76
2020-05-06 03:05:00,8997.13
2020-05-06 07:05:00,9029.10
2020-05-06 11:05:00,9183.71
2020-05-06 15:05:00,9256.95
2020-05-06 19:05:00,9263.40
2020-05-06 23:05:00,9274.70
2020-05-07 03:05:00,9223.86
2020-05-07 07:05:00,9285.57
2020-05-07 11:05:00,9295.97
2020-05-07 15:05:00,9470.24
2020-05-07 19:05:00,9781.15
2020-05-07 23:05:00,9914.29
2020-05-08 03:05:00,9951.93
2020-05-08 07:05:00,9832.22
2020-05-08 11:05:00,9893.38
2020-05-08 15:05:00,9930.15
2020-05-08 19:05:00,9959.17
2020-05-08 23:05:00,9908.65
2020-05-09 03:05:00,9842.16
2020-05-09 07:05:00,9726.46
2020-05-09 11:05:00,9615.56
2020-05-09 15:05:00,9666.83
2020-05-09 19:05:00,9746.70
2020-05-09 23:05:00,9620.79
2020-05-10 03:05:00,8726.25
2020-05-10 07:05:00,8635.69
2020-05-10 11:05:00,8806.53
2020-05-10 15:05:00,8711.11
2020-05-10 19:05:00,8495.40
2020-05-10 23:05:00,8712.14
2020-05-11 03:05:00,8745.64
2020-05-11 07:05:00,8677.25
2020-05-11 11:05:00,8735.89
2020-05-11 15:05:00,8946.31
2020-05-11 19:05:00,8531.70
2020-05-11 23:05:00,8635.46
2020-05-12 03:05:00,8642.86
2020-05-12 07:05:00,8706.56
2020-05-12 11:05:00,8765.98
2020-05-12 15:05:00,8826.40
2020-05-12 19:05:00,8899.93
2020-05-12 23:05:00,8812.19
2020-05-13 03:05:00,8923.90
2020-05-13 07:05:00,8907.38
2020-05-13 11:05:00,8953.19
2020-05-13 15:05:00,9097.20
2020-05-13 19:05:00,9106.44
2020-05-13 23:05:00,9319.38
2020-05-14 03:05:00,9323.99
2020-05-14 07:05:00,9425.62
2020-05-14 11:05:00,9715.31
2020-05-14 15:05:00,9656.03
2020-05-14 19:05:00,9662.61
2020-05-14 23:05:00,9743.86
2020-05-15 03:05:00,9545.31
2020-05-15 07:05:00,9523.53
2020-05-15 11:05:00,9603.30
2020-05-15 15:05:00,9516.06
2020-05-15 19:05:00,9434.49
2020-05-15 23:05:00,9314.32
2020-05-16 03:05:00,9370.51
2020-05-16 07:05:00,9483.90
2020-05-16 11:05:00,9399.89
2020-05-16 15:05:00,9438.51
2020-05-16 19:05:00,9332.96
2020-05-16 23:05:00,9382.90
2020-05-17 03:05:00,9490.73
2020-05-17 07:05:00,9524.48
2020-05-17 11:05:00,9504.04
2020-05-17 15:05:00,9750.02
2020-05-17 19:05:00,9757.77
2020-05-17 23:05:00,9701.90
2020-05-18 03:05:00,9869.69
2020-05-18 07:05:00,9820.44
2020-05-18 11:05:00,9605.45
2020-05-18 15:05:00,9664.17
2020-05-18 19:05:00,9631.17
2020-05-18 23:05:00,9707.50
2020-05-19 03:05:00,9592.30
2020-05-19 07:05:00,9551.77
2020-05-19 11:05:00,9779.66
2020-05-19 15:05:00,9653.98
2020-05-19 19:05:00,9683.65
2020-05-19 23:05:00,9713.08
2020-05-20 03:05:00,9748.64
2020-05-20 07:05:00,9744.78
2020-05-20 11:05:00,9761.55
2020-05-20 15:05:00,9565.33
2020-05-20 19:05:00,9484.86
2020-05-20 23:05:00,9537.58
2020-05-21 03:05:00,9502.32
2020-05-21 07:05:00,9475.75
2020-05-21 11:05:00,9349.00
2020-05-21 15:05:00,9138.73
2020-05-21 19:05:00,8975.46
2020-05-21 23:05:00,9095.77
2020-05-22 03:05:00,9047.26
2020-05-22 07:05:00,9041.20
2020-05-22 11:05:00,9132.48
2020-05-22 15:05:00,9165.52
2020-05-22 19:05:00,9211.36
2020-05-22 23:05:00,9186.79
2020-05-23 03:05:00,9266.39
2020-05-23 07:05:00,9269.03
2020-05-23 11:05:00,9169.74
2020-05-23 15:05:00,9175.31
2020-05-23 19:05:00,9193.72
2020-05-23 23:05:00,9222.47
2020-05-24 03:05:00,9201.32
2020-05-24 07:05:00,9275.77
2020-05-24 11:05:00,9210.43
2020-05-24 15:05:00,9090.17
2020-05-24 19:05:00,8951.15
2020-05-24 23:05:00,8872.64
2020-05-25 03:05:00,8771.09
2020-05-25 07:05:00,8813.60
2020-05-25 11:05:00,8778.24
2020-05-25 15:05:00,8708.22
2020-05-25 19:05:00,8888.35
2020-05-25 23:05:00,8922.56
2020-05-26 03:05:00,8888.39
2020-05-26 07:05:00,8924.99
2020-05-26 11:05:00,8920.88
2020-05-26 15:05:00,8812.39
2020-05-26 19:05:00,8794.00
2020-05-26 23:05:00,8849.31
2020-05-27 03:05:00,8866.37
2020-05-27 07:05:00,8862.05
2020-05-27 11:05:00,9047.58
2020-05-27 15:05:00,9161.20
2020-05-27 19:05:00,9174.63
2020-05-27 23:05:00,9131.39
2020-05-28 03:05:00,9215.32
2020-05-28 07:05:00,9158.73
2020-05-28 11:05:00,9201.05
2020-05-28 15:05:00,9412.53
2020-05-28 19:05:00,9462.02
2020-05-28 23:05:00,9506.05
2020-05-29 03:05:00,9524.75
2020-05-29 07:05:00,9510.25
2020-05-29 11:05:00,9441.04
2020-05-29 15:05:00,9412.73
2020-05-29 19:05:00,9418.91
2020-05-29 23:05:00,9410.24
2020-05-30 03:05:00,9368.39
2020-05-30 07:05:00,9519.05
2020-05-30 11:05:00,9517.56
2020-05-30 15:05:00,9537.16
2020-05-30 19:05:00,9533.78
2020-05-30 23:05:00,9602.86
2020-05-31 03:05:00,9639.74
2020-05-31 07:05:00,9564.56
2020-05-31 11:05:00,9561.57
2020-05-31 15:05:00,9534.33
2020-05-31 19:05:00,9503.95
2020-05-31 23:05:00,9464.89
2020-06-01 03:06:00,9517.95
2020-06-01 07:06:00,9553.08
2020-06-01 11:06:00,9530.79
2020-06-01 15:06:00,9542.02
2020-06-01 19:06:00,9575.61
2020-06-01 23:06:00,9997.34
2020-06-02 03:06:00,10119.45
2020-06-02 07:06:00,10126.76
2020-06-02 11:06:00,10112.03
2020-06-02 15:06:00,9706.76
2020-06-02 19:06:00,9491.94
2020-06-02 23:06:00,9502.33
2020-06-03 03:06:00,9498.90
2020-06-03 07:06:00,9485.47
2020-06-03 11:06:00,9557.15
2020-06-03 15:06:00,9575.62
2020-06-03 19:06:00,9571.62
2020-06-03 23:06:00,9601.19
2020-06-04 03:06:00,9644.12
2020-06-04 07:06:00,9637.26
2020-06-04 11:06:00,9554.65
2020-06-04 15:06:00,9739.00
2020-06-04 19:06:00,9808.03
2020-06-04 23:06:00,9789.95
2020-06-05 03:06:00,9800.92
2020-06-05 07:06:00,9773.41
2020-06-05 11:06:00,9729.97
2020-06-05 15:06:00,9683.66
2020-06-05 19:06:00,9724.28
2020-06-05 23:06:00,9669.25
2020-06-06 03:06:00,9582.68
2020-06-06 07:06:00,9607.70
2020-06-06 11:06:00,9644.20
2020-06-06 15:06:00,9661.14
2020-06-06 19:06:00,9621.76
2020-06-06 23:06:00,9676.18
2020-06-07 03:06:00,9662.96
2020-06-07 07:06:00,9665.91
2020-06-07 11:06:00,9612.85
2020-06-07 15:06:00,9483.98
2020-06-07 19:06:00,9607.41
2020-06-07 23:06:00,9741.55
2020-06-08 03:06:00,9744.27
2020-06-08 07:06:00,9735.11
2020-06-08 11:06:00,9731.45
2020-06-08 15:06:00,9697.89
2020-06-08 19:06:00,9713.57
2020-06-08 23:06:00,9732.28
2020-06-09 03:06:00,9729.52
2020-06-09 07:06:00,9679.23
2020-06-09 11:06:00,9671.05
2020-06-09 15:06:00,9715.74
2020-06-09 19:06:00,9712.29
2020-06-09 23:06:00,9774.65
2020-06-10 03:06:00,9781.18
2020-06-10 07:06:00,9758.30
2020-06-10 11:06:00,9734.45
2020-06-10 15:06:00,9748.61
2020-06-10 19:06:00,9855.76
2020-06-10 23:06:00,9875.17
2020-06-11 03:06:00,9917.57
2020-06-11 07:06:00,9821.04
2020-06-11 11:06:00,9778.27
2020-06-11 15:06:00,9614.50
2020-06-11 19:06:00,9332.65
2020-06-11 23:06:00,9295.29
2020-06-12 03:06:00,9326.48
2020-06-12 07:06:00,9402.23
2020-06-12 11:06:00,9470.26
2020-06-12 15:06:00,9445.67
2020-06-12 19:06:00,9389.02
2020-06-12 23:06:00,9455.26
2020-06-13 03:06:00,9440.75
2020-06-13 07:06:00,9410.39
2020-06-13 11:06:00,9434.19
2020-06-13 15:06:00,9434.88
2020-06-13 19:06:00,9437.83
2020-06-13 23:06:00,9419.09
2020-06-14 03:06:00,9451.42
2020-06-14 07:06:00,9414.38
2020-06-14 11:06:00,9426.47
2020-06-14 15:06:00,9377.45
2020-06-14 19:06:00,9393.41
2020-06-14 23:06:00,9336.17
2020-06-15 03:06:00,9242.11
2020-06-15 07:06:00,9048.59
2020-06-15 11:06:00,9112.77
2020-06-15 15:06:00,9196.09
2020-06-15 19:06:00,9387.34
2020-06-15 23:06:00,9453.17
2020-06-16 03:06:00,9486.54
2020-06-16 07:06:00,9509.07
2020-06-16 11:06:00,9501.75
2020-06-16 15:06:00,9496.84
2020-06-16 19:06:00,9482.45
2020-06-16 23:06:00,9508.52
2020-06-17 03:06:00,9463.04
2020-06-17 07:06:00,9473.24
2020-06-17 11:06:00,9484.10
2020-06-17 15:06:00,9435.85
2020-06-17 19:06:00,9378.92
2020-06-17 23:06:00,9369.47
2020-06-18 03:06:00,9419.00
2020-06-18 07:06:00,9420.54
2020-06-18 11:06:00,9437.94
2020-06-18 15:06:00,9408.44
2020-06-18 19:06:00,9389.55
2020-06-18 23:06:00,9346.80
2020-06-19 03:06:00,9309.59
2020-06-19 07:06:00,9295.03
2020-06-19 11:06:00,9358.27
2020-06-19 15:06:00,9383.37
2020-06-19 19:06:00,9319.86
2020-06-19 23:06:00,9299.94
2020-06-20 03:06:00,9322.86
2020-06-20 07:06:00,9319.04
2020-06-20 11:06:00,9267.37
2020-06-20 15:06:00,9290.79
2020-06-20 19:06:00,9286.05
2020-06-20 23:06:00,9358.76
2020-06-21 03:06:00,9377.96
2020-06-21 07:06:00,9390.91
2020-06-21 11:06:00,9367.04
2020-06-21 15:06:00,9359.31
2020-06-21 19:06:00,9339.51
2020-06-21 23:06:00,9313.18
2020-06-22 03:06:00,9357.83
2020-06-22 07:06:00,9414.98
2020-06-22 11:06:00,9435.13
2020-06-22 15:06:00,9480.97
2020-06-22 19:06:00,9572.77
2020-06-22 23:06:00,9676.20
2020-06-23 03:06:00,9651.33
2020-06-23 07:06:00,9634.28
2020-06-23 11:06:00,9607.60
2020-06-23 15:06:00,9646.50
2020-06-23 19:06:00,9669.62
2020-06-23 23:06:00,9625.58
2020-06-24 03:06:00,9637.30
2020-06-24 07:06:00,9588.29
2020-06-24 11:06:00,9428.62
2020-06-24 15:06:00,9318.11
2020-06-24 19:06:00,9296.01
2020-06-24 23:06:00,9282.50
2020-06-25 03:06:00,9157.32
2020-06-25 07:06:00,9142.24
2020-06-25 11:06:00,9272.83
2020-06-25 15:06:00,9218.65
2020-06-25 19:06:00,9269.44
2020-06-25 23:06:00,9277.36
2020-06-26 03:06:00,9249.50
2020-06-26 07:06:00,9172.26
2020-06-26 11:06:00,9169.39
2020-06-26 15:06:00,9126.13
2020-06-26 19:06:00,9147.94
2020-06-26 23:06:00,9190.51
2020-06-27 03:06:00,9137.07
2020-06-27 07:06:00,9177.95
2020-06-27 11:06:00,9169.83
2020-06-27 15:06:00,9163.72
2020-06-27 19:06:00,9018.96
2020-06-27 23:06:00,8986.68
2020-06-28 03:06:00,8980.87
2020-06-28 07:06:00,8997.71
2020-06-28 11:06:00,9060.45
2020-06-28 15:06:00,9110.69
2020-06-28 19:06:00,9153.75
2020-06-28 23:06:00,9113.30
2020-06-29 03:06:00,9111.73
2020-06-29 07:06:00,9099.57
2020-06-29 11:06:00,9096.37
2020-06-29 15:06:00,9074.57
2020-06-29 19:06:00,9137.99
2020-06-29 23:06:00,9195.07
2020-06-30 03:06:00,9179.67
2020-06-30 07:06:00,9146.10
2020-06-30 11:06:00,9148.99
2020-06-30 15:06:00,9139.97
2020-06-30 19:06:00,9149.92
2020-06-30 23:06:00,9153.99
2020-07-01 03:07:00,9124.89
2020-07-01 07:07:00,9149.53
2020-07-01 11:07:00,9161.61
2020-07-01 15:07:00,9220.70
2020-07-01 19:07:00,9278.50
2020-07-01 23:07:00,9244.46
2020-07-02 03:07:00,9249.20
2020-07-02 07:07:00,9218.43
2020-07-02 11:07:00,9201.62
2020-07-02 15:07:00,9141.73
2020-07-02 19:07:00,9034.06
2020-07-02 23:07:00,9099.75
2020-07-03 03:07:00,9106.49
2020-07-03 07:07:00,9101.36
2020-07-03 11:07:00,9088.75
2020-07-03 15:07:00,9109.02
2020-07-03 19:07:00,9097.57
2020-07-03 23:07:00,9089.23
2020-07-04 03:07:00,9082.89
2020-07-04 07:07:00,9098.97
2020-07-04 11:07:00,9096.02
2020-07-04 15:07:00,9088.02
2020-07-04 19:07:00,9146.63
2020-07-04 23:07:00,9146.63
2020-07-05 03:07:00,9152.64
2020-07-05 07:07:00,9098.81
2020-07-05 11:07:00,9042.60
2020-07-05 15:07:00,9047.18
2020-07-05 19:07:00,9057.22
2020-07-05 23:07:00,9040.26
2020-07-06 03:07:00,9095.03
2020-07-06 07:07:00,9177.29
2020-07-06 11:07:00,9200.40
2020-07-06 15:07:00,9261.54
2020-07-06 19:07:00,9311.17
2020-07-06 23:07:00,9303.39
2020-07-07 03:07:00,9313.11
2020-07-07 07:07:00,9268.72
2020-07-07 11:07:00,9248.54
2020-07-07 15:07:00,9262.26
2020-07-07 19:07:00,9264.00
2020-07-07 23:07:00,9241.06
2020-07-08 03:07:00,9286.03
2020-07-08 07:07:00,9275.49
2020-07-08 11:07:00,9285.44
2020-07-08 15:07:00,9396.10
2020-07-08 19:07:00,9418.76
2020-07-08 23:07:00,9434.17
2020-07-09 03:07:00,9393.75
2020-07-09 07:07:00,9392.56
2020-07-09 11:07:00,9377.94
2020-07-09 15:07:00,9285.94
2020-07-09 19:07:00,9216.79
2020-07-09 23:07:00,9235.42
2020-07-10 03:07:00,9218.59
2020-07-10 07:07:00,9156.08
2020-07-10 11:07:00,9182.32
2020-07-10 15:07:00,9193.45
2020-07-10 19:07:00,9225.85
2020-07-10 23:07:00,9258.24
2020-07-11 03:07:00,9282.33
2020-07-11 07:07:00,9270.10
2020-07-11 11:07:00,9223.14
2020-07-11 15:07:00,9225.58
2020-07-11 19:07:00,9225.84
2020-07-11 23:07:00,9225.67
2020-07-12 03:07:00,9270.92
2020-07-12 07:07:00,9269.77
2020-07-12 11:07:00,9259.23
2020-07-12 15:07:00,9250.65
2020-07-12 19:07:00,9209.01
2020-07-12 23:07:00,9276.58
2020-07-13 03:07:00,9284.06
2020-07-13 07:07:00,9270.27
2020-07-13 11:07:00,9285.45
2020-07-13 15:07:00,9313.88
2020-07-13 19:07:00,9269.42
2020-07-13 23:07:00,9240.64
2020-07-14 03:07:00,9225.39
2020-07-14 07:07:00,9183.55
2020-07-14 11:07:00,9178.60
2020-07-14 15:07:00,9213.49
2020-07-14 19:07:00,9241.61
2020-07-14 23:07:00,9263.00
2020-07-15 03:07:00,9251.69
2020-07-15 07:07:00,9232.00
2020-07-15 11:07:00,9219.08
2020-07-15 15:07:00,9222.39
2020-07-15 19:07:00,9191.83
2020-07-15 23:07:00,9205.58
2020-07-16 03:07:00,9199.88
2020-07-16 07:07:00,9148.78
2020-07-16 11:07:00,9081.94
2020-07-16 15:07:00,9095.02
2020-07-16 19:07:00,9129.31
2020-07-16 23:07:00,9110.31
2020-07-17 03:07:00,9131.92
2020-07-17 07:07:00,9108.75
2020-07-17 11:07:00,9115.97
2020-07-17 15:07:00,9159.55
2020-07-17 19:07:00,9154.79
2020-07-17 23:07:00,9152.62
2020-07-18 03:07:00,9142.66
2020-07-18 07:07:00,9134.61
2020-07-18 11:07:00,9175.90
2020-07-18 15:07:00,9174.09
2020-07-18 19:07:00,9185.69
2020-07-18 23:07:00,9178.35
2020-07-19 03:07:00,9168.96
2020-07-19 07:07:00,9156.45
2020-07-19 11:07:00,9140.00
2020-07-19 15:07:00,9135.32
2020-07-19 19:07:00,9155.38
2020-07-19 23:07:00,9202.58
2020-07-20 03:07:00,9192.76
2020-07-20 07:07:00,9184.93
2020-07-20 11:07:00,9167.19
2020-07-20 15:07:00,9165.46
2020-07-20 19:07:00,9183.29
2020-07-20 23:07:00,9171.10
2020-07-21 03:07:00,16000.15
2020-07-21 07:07:00,9263.83
2020-07-21 11:07:00,9333.73
2020-07-21 15:07:00,9396.82
2020-07-21 19:07:00,9365.49
2020-07-21 23:07:00,9376.35
2020-07-22 03:07:00,9372.00
2020-07-22 07:07:00,9337.86
2020-07-22 11:07:00,9329.02
2020-07-22 15:07:00,9337.76
2020-07-22 19:07:00,9361.04
2020-07-22 23:07:00,9495.59
2020-07-23 03:07:00,9524.32
2020-07-23 07:07:00,9497.15
2020-07-23 11:07:00,9508.93
2020-07-23 15:07:00,9505.06
2020-07-23 19:07:00,9604.33
2020-07-23 23:07:00,9597.45
2020-07-24 03:07:00,9578.78
2020-07-24 07:07:00,9519.64
2020-07-24 11:07:00,9529.28
2020-07-24 15:07:00,9534.52
2020-07-24 19:07:00,9568.76
2020-07-24 23:07:00,9589.55
2020-07-25 03:07:00,9566.38
2020-07-25 07:07:00,9589.60
2020-07-25 11:07:00,9584.80
2020-07-25 15:07:00,9591.26
2020-07-25 19:07:00,9669.25
2020-07-25 23:07:00,9704.85
2020-07-26 03:07:00,9675.58
2020-07-26 07:07:00,9688.26
2020-07-26 11:07:00,9941.99
2020-07-26 15:07:00,9922.00
2020-07-26 19:07:00,9915.36
2020-07-26 23:07:00,9901.11
2020-07-27 03:07:00,10115.10
2020-07-27 07:07:00,10250.09
2020-07-27 11:07:00,10225.16
2020-07-27 15:07:00,10340.42
2020-07-27 19:07:00,10717.46
2020-07-27 23:07:00,11091.63
2020-07-28 03:07:00,11086.07
2020-07-28 07:07:00,10941.94
2020-07-28 11:07:00,10802.40
2020-07-28 15:07:00,11073.68
2020-07-28 19:07:00,10988.12
2020-07-28 23:07:00,10983.37
2020-07-29 03:07:00,10924.84
2020-07-29 07:07:00,11007.95
2020-07-29 11:07:00,11064.10
2020-07-29 15:07:00,11151.02
2020-07-29 19:07:00,11221.85
2020-07-29 23:07:00,11218.27
2020-07-30 03:07:00,11047.57
2020-07-30 07:07:00,10985.07
2020-07-30 11:07:00,10955.46
2020-07-30 15:07:00,10968.13
2020-07-30 19:07:00,11067.04
2020-07-30 23:07:00,11138.25
2020-07-31 03:07:00,11033.84
2020-07-31 07:07:00,11098.51
2020-07-31 11:07:00,11163.01
2020-07-31 15:07:00,11247.18
2020-07-31 19:07:00,11338.42
2020-07-31 23:07:00,11367.77
2020-08-01 03:08:00,11322.24
2020-08-01 07:08:00,11565.12
2020-08-01 11:08:00,11664.80
2020-08-01 15:08:00,11596.86
2020-08-01 19:08:00,11729.92
2020-08-01 23:08:00,11792.60
2020-08-02 03:08:00,11893.46
2020-08-02 07:08:00,11389.86
2020-08-02 11:08:00,11190.05
2020-08-02 15:08:00,11098.96
2020-08-02 19:08:00,11203.38
2020-08-02 23:08:00,11112.96
2020-08-03 03:08:00,11096.32
2020-08-03 07:08:00,11184.41
2020-08-03 11:08:00,11191.80
2020-08-03 15:08:00,11307.11
2020-08-03 19:08:00,11410.14
2020-08-03 23:08:00,11277.23
2020-08-04 03:08:00,11326.16
2020-08-04 07:08:00,11273.63
2020-08-04 11:08:00,11203.93
2020-08-04 15:08:00,11139.05
2020-08-04 19:08:00,11215.58
2020-08-04 23:08:00,11223.72
2020-08-05 03:08:00,11166.36
2020-08-05 07:08:00,11273.28
2020-08-05 11:08:00,11378.64
2020-08-05 15:08:00,11586.63
2020-08-05 19:08:00,11671.65
2020-08-05 23:08:00,11678.91
2020-08-06 03:08:00,11694.42
2020-08-06 07:08:00,11630.96
2020-08-06 11:08:00,11709.01
2020-08-06 15:08:00,11813.56
2020-08-06 19:08:00,11853.55
2020-08-06 23:08:00,11784.16
2020-08-07 03:08:00,11841.57
2020-08-07 07:08:00,11790.52
2020-08-07 11:08:00,11788.51
2020-08-07 15:08:00,11667.30
2020-08-07 19:08:00,11516.30
2020-08-07 23:08:00,11589.45
2020-08-08 03:08:00,11605.11
2020-08-08 07:08:00,11591.10
2020-08-08 11:08:00,11717.70
2020-08-08 15:08:00,11763.24
2020-08-08 19:08:00,11680.10
2020-08-08 23:08:00,11729.88
2020-08-09 03:08:00,11743.72
2020-08-09 07:08:00,11692.50
2020-08-09 11:08:00,11678.19
2020-08-09 15:08:00,11620.07
2020-08-09 19:08:00,11598.56
2020-08-09 23:08:00,11666.58
2020-08-10 03:08:00,11947.97
2020-08-10 07:08:00,11998.17
2020-08-10 11:08:00,11827.62
2020-08-10 15:08:00,11889.94
2020-08-10 19:08:00,11886.68
2020-08-10 23:08:00,11835.21
2020-08-11 03:08:00,11884.08
2020-08-11 07:08:00,11792.58
2020-08-11 11:08:00,11729.83
2020-08-11 15:08:00,11574.26
2020-08-11 19:08:00,11428.40
2020-08-11 23:08:00,11288.34
2020-08-12 03:08:00,11330.00
2020-08-12 07:08:00,11317.70
2020-08-12 11:08:00,11484.64
2020-08-12 15:08:00,11544.34
2020-08-12 19:08:00,11548.11
2020-08-12 23:08:00,11556.03
2020-08-13 03:08:00,11600.91
2020-08-13 07:08:00,11541.49
2020-08-13 11:08:00,11442.01
2020-08-13 15:08:00,11492.17
2020-08-13 19:08:00,11510.01
2020-08-13 23:08:00,11700.71
2020-08-14 03:08:00,11772.21
2020-08-14 07:08:00,11710.58
2020-08-14 11:08:00,11725.59
2020-08-14 15:08:00,11708.56
2020-08-14 19:08:00,11815.49
2020-08-14 23:08:00,11768.80
2020-08-15 03:08:00,11912.93
2020-08-15 07:08:00,11875.77
2020-08-15 11:08:00,11885.70
2020-08-15 15:08:00,11800.92
2020-08-15 19:08:00,11865.75
2020-08-15 23:08:00,11896.04
2020-08-16 03:08:00,11855.69
2020-08-16 07:08:00,11885.33
2020-08-16 11:08:00,11812.82
2020-08-16 15:08:00,11790.02
2020-08-16 19:08:00,11846.47
2020-08-16 23:08:00,11862.68
2020-08-17 03:08:00,11839.58
2020-08-17 07:08:00,11817.60
2020-08-17 11:08:00,11874.81
2020-08-17 15:08:00,12145.72
2020-08-17 19:08:00,12371.10
2020-08-17 23:08:00,12332.59
2020-08-18 03:08:00,12336.80
2020-08-18 07:08:00,12251.55
2020-08-18 11:08:00,12243.04
2020-08-18 15:08:00,12044.46
2020-08-18 19:08:00,11980.48
2020-08-18 23:08:00,12032.87
2020-08-19 03:08:00,11940.48
2020-08-19 07:08:00,11735.85
2020-08-19 11:08:00,11816.79
2020-08-19 15:08:00,11815.58
2020-08-19 19:08:00,11723.69
2020-08-19 23:08:00,11705.72
2020-08-20 03:08:00,11771.82
2020-08-20 07:08:00,11731.27
2020-08-20 11:08:00,11773.27
2020-08-20 15:08:00,11816.52
2020-08-20 19:08:00,11853.82
2020-08-20 23:08:00,11856.88
2020-08-21 03:08:00,11829.77
2020-08-21 07:08:00,11842.34
2020-08-21 11:08:00,11777.02
2020-08-21 15:08:00,11717.17
2020-08-21 19:08:00,11692.10
2020-08-21 23:08:00,11581.02
2020-08-22 03:08:00,11447.55
2020-08-22 07:08:00,11503.83
2020-08-22 11:08:00,11578.95
2020-08-22 15:08:00,11597.62
2020-08-22 19:08:00,11590.45
2020-08-22 23:08:00,11649.69
2020-08-23 03:08:00,11639.37
2020-08-23 07:08:00,11597.04
2020-08-23 11:08:00,11566.82
2020-08-23 15:08:00,11605.03
2020-08-23 19:08:00,11655.60
2020-08-23 23:08:00,11678.12
2020-08-24 03:08:00,11643.75
2020-08-24 07:08:00,11717.48
2020-08-24 11:08:00,11794.30
2020-08-24 15:08:00,11769.39
2020-08-24 19:08:00,11746.20
2020-08-24 23:08:00,11751.46
2020-08-25 03:08:00,11721.36
2020-08-25 07:08:00,11636.25
2020-08-25 11:08:00,11583.97
2020-08-25 15:08:00,11449.67
2020-08-25 19:08:00,11284.02
2020-08-25 23:08:00,11334.54
2020-08-26 03:08:00,11335.08
2020-08-26 07:08:00,11359.39
2020-08-26 11:08:00,11401.50
2020-08-26 15:08:00,11399.83
2020-08-26 19:08:00,11481.98
2020-08-26 23:08:00,11486.24
2020-08-27 03:08:00,11428.48
2020-08-27 07:08:00,11395.15
2020-08-27 11:08:00,11387.65
2020-08-27 15:08:00,11398.37
2020-08-27 19:08:00,11236.90
2020-08-27 23:08:00,11297.85
2020-08-28 03:08:00,11362.53
2020-08-28 07:08:00,11403.66
2020-08-28 11:08:00,11443.11
2020-08-28 15:08:00,11467.30
2020-08-28 19:08:00,11517.27
2020-08-28 23:08:00,11504.01
2020-08-29 03:08:00,11508.26
2020-08-29 07:08:00,11534.74
2020-08-29 11:08:00,11503.96
2020-08-29 15:08:00,11483.32
2020-08-29 19:08:00,11530.70
2020-08-29 23:08:00,11517.36
2020-08-30 03:08:00,11597.28
2020-08-30 07:08:00,11603.31
2020-08-30 11:08:00,11592.30
2020-08-30 15:08:00,11623.21
2020-08-30 19:08:00,11655.52
2020-08-30 23:08:00,11659.62
2020-08-31 03:08:00,11701.86
2020-08-31 07:08:00,11663.20
2020-08-31 11:08:00,11632.14
2020-08-31 15:08:00,11726.13
2020-08-31 19:08:00,11726.66
2020-08-31 23:08:00,11677.03
2020-09-01 03:09:00,11621.40
2020-09-01 07:09:00,11822.22
2020-09-01 11:09:00,11916.51
2020-09-01 15:09:00,11913.31
2020-09-01 19:09:00,12000.50
2020-09-01 23:09:00,11982.69
2020-09-02 03:09:00,11888.24
2020-09-02 07:09:00,11802.93
2020-09-02 11:09:00,11504.53
2020-09-02 15:09:00,11367.62
2020-09-02 19:09:00,11346.11
2020-09-02 23:09:00,11393.56
2020-09-03 03:09:00,11412.70
2020-09-03 07:09:00,11329.27
2020-09-03 11:09:00,11322.81
2020-09-03 15:09:00,10823.36
2020-09-03 19:09:00,10683.98
2020-09-03 23:09:00,10439.30
2020-09-04 03:09:00,10261.40
2020-09-04 07:09:00,10272.90
2020-09-04 11:09:00,10456.54
2020-09-04 15:09:00,10299.43
2020-09-04 19:09:00,10461.38
2020-09-04 23:09:00,10553.06
2020-09-05 03:09:00,10478.57
2020-09-05 07:09:00,10443.28
2020-09-05 11:09:00,10295.99
2020-09-05 15:09:00,10179.66
2020-09-05 19:09:00,10082.27
2020-09-05 23:09:00,10064.98
2020-09-06 03:09:00,10174.89
2020-09-06 07:09:00,10135.56
2020-09-06 11:09:00,10238.62
2020-09-06 15:09:00,10233.36
2020-09-06 19:09:00,10242.02
2020-09-06 23:09:00,10272.01
2020-09-07 03:09:00,10250.63
2020-09-07 07:09:00,10137.39
2020-09-07 11:09:00,10097.71
2020-09-07 15:09:00,10024.20
2020-09-07 19:09:00,10185.31
2020-09-07 23:09:00,10278.16
2020-09-08 03:09:00,10363.92
2020-09-08 07:09:00,10276.68
2020-09-08 11:09:00,10088.53
2020-09-08 15:09:00,10043.28
2020-09-08 19:09:00,10062.53
2020-09-08 23:09:00,10028.26
2020-09-09 03:09:00,10073.85
2020-09-09 07:09:00,10113.06
2020-09-09 11:09:00,10204.97
2020-09-09 15:09:00,10239.94
2020-09-09 19:09:00,10282.37
2020-09-09 23:09:00,10253.44
2020-09-10 03:09:00,10345.81
2020-09-10 07:09:00,10353.64
2020-09-10 11:09:00,10290.91
2020-09-10 15:09:00,10404.48
2020-09-10 19:09:00,10327.13
2020-09-10 23:09:00,10335.61
2020-09-11 03:09:00,10301.13
2020-09-11 07:09:00,10263.71
2020-09-11 11:09:00,10306.75
2020-09-11 15:09:00,10301.36
2020-09-11 19:09:00,10319.68
2020-09-11 23:09:00,10376.67
2020-09-12 03:09:00,10372.64
2020-09-12 07:09:00,10371.71
2020-09-12 11:09:00,10359.48
2020-09-12 15:09:00,10340.44
2020-09-12 19:09:00,10428.71
2020-09-12 23:09:00,10453.49
2020-09-13 03:09:00,10487.87
2020-09-13 07:09:00,10554.63
2020-09-13 11:09:00,10450.88
2020-09-13 15:09:00,10329.44
2020-09-13 19:09:00,10265.33
2020-09-13 23:09:00,10327.19
2020-09-14 03:09:00,10333.27
2020-09-14 07:09:00,10370.31
2020-09-14 11:09:00,10416.13
2020-09-14 15:09:00,10621.22
2020-09-14 19:09:00,10699.71
2020-09-14 23:09:00,10691.43
2020-09-15 03:09:00,10744.42
2020-09-15 07:09:00,10740.67
2020-09-15 11:09:00,10763.65
2020-09-15 15:09:00,10845.36
2020-09-15 19:09:00,10779.26
2020-09-15 23:09:00,10828.10
2020-09-16 03:09:00,10721.89
2020-09-16 07:09:00,10860.96
2020-09-16 11:09:00,10888.45
2020-09-16 15:09:00,10939.41
2020-09-16 19:09:00,11031.94
2020-09-16 23:09:00,11001.70
2020-09-17 03:09:00,10955.02
2020-09-17 07:09:00,10890.75
2020-09-17 11:09:00,10853.27
2020-09-17 15:09:00,10829.15
2020-09-17 19:09:00,10874.66
2020-09-17 23:09:00,10936.78
2020-09-18 03:09:00,10922.25
2020-09-18 07:09:00,10937.02
2020-09-18 11:09:00,10986.46
2020-09-18 15:09:00,10943.29
2020-09-18 19:09:00,10863.24
2020-09-18 23:09:00,10913.06
2020-09-19 03:09:00,10966.75
2020-09-19 07:09:00,10957.70
2020-09-19 11:09:00,11028.17
2020-09-19 15:09:00,11099.98
2020-09-19 19:09:00,11070.79
2020-09-19 23:09:00,11066.69
2020-09-20 03:09:00,10980.99
2020-09-20 07:09:00,10975.64
2020-09-20 11:09:00,10967.51
2020-09-20 15:09:00,10861.91
2020-09-20 19:09:00,10854.43
2020-09-20 23:09:00,10887.42
2020-09-21 03:09:00,10952.43
2020-09-21 07:09:00,10952.11
2020-09-21 11:09:00,10698.02
2020-09-21 15:09:00,10488.00
2020-09-21 19:09:00,10414.65
2020-09-21 23:09:00,10494.06
2020-09-22 03:09:00,10445.86
2020-09-22 07:09:00,10446.49
2020-09-22 11:09:00,10457.42
2020-09-22 15:09:00,10475.81
2020-09-22 19:09:00,10484.62
2020-09-22 23:09:00,10528.89
2020-09-23 03:09:00,10528.07
2020-09-23 07:09:00,10456.02
2020-09-23 11:09:00,10494.08
2020-09-23 15:09:00,10500.54
2020-09-23 19:09:00,10400.67
2020-09-23 23:09:00,10260.23
2020-09-24 03:09:00,10297.26
2020-09-24 07:09:00,10321.54
2020-09-24 11:09:00,10368.95
2020-09-24 15:09:00,10425.15
2020-09-24 19:09:00,10656.05
2020-09-24 23:09:00,10704.83
2020-09-25 03:09:00,10713.83
2020-09-25 07:09:00,10686.12
2020-09-25 11:09:00,10622.55
2020-09-25 15:09:00,10623.20
2020-09-25 19:09:00,10699.60
2020-09-25 23:09:00,10730.34
2020-09-26 03:09:00,10716.73
2020-09-26 07:09:00,10754.04
2020-09-26 11:09:00,10724.47
2020-09-26 15:09:00,10723.12
2020-09-26 19:09:00,10749.22
2020-09-26 23:09:00,10747.72
2020-09-27 03:09:00,10784.81
2020-09-27 07:09:00,10720.57
2020-09-27 11:09:00,10659.56
2020-09-27 15:09:00,10683.84
2020-09-27 19:09:00,10745.63
2020-09-27 23:09:00,10749.58
2020-09-28 03:09:00,10896.00
2020-09-28 07:09:00,10887.88
2020-09-28 11:09:00,10879.78
2020-09-28 15:09:00,10904.56
2020-09-28 19:09:00,10879.38
2020-09-28 23:09:00,10784.73
2020-09-29 03:09:00,10700.77
2020-09-29 07:09:00,10711.73
2020-09-29 11:09:00,10754.47
2020-09-29 15:09:00,10757.23
2020-09-29 19:09:00,10703.01
2020-09-29 23:09:00,10792.10
2020-09-30 03:09:00,10803.21
2020-09-30 07:09:00,10731.77
2020-09-30 11:09:00,10706.12
2020-09-30 15:09:00,10752.15
2020-09-30 19:09:00,10742.87
2020-09-30 23:09:00,10733.15
2020-10-01 03:10:00,10818.86
2020-10-01 07:10:00,10826.73
2020-10-01 11:10:00,10888.93
2020-10-01 15:10:00,10846.50
2020-10-01 19:10:00,10562.94
2020-10-01 23:10:00,10605.95
2020-10-02 03:10:00,10612.89
2020-10-02 07:10:00,10500.93
2020-10-02 11:10:00,10462.28
2020-10-02 15:10:00,10515.78
2020-10-02 19:10:00,10545.23
2020-10-02 23:10:00,10541.16
2020-10-03 03:10:00,10556.46
2020-10-03 07:10:00,10545.56
2020-10-03 11:10:00,10544.60
2020-10-03 15:10:00,10552.91
2020-10-03 19:10:00,10583.26
2020-10-03 23:10:00,10571.06
2020-10-04 03:10:00,10555.15
2020-10-04 07:10:00,10608.22
2020-10-04 11:10:00,10602.72
2020-10-04 15:10:00,10612.94
2020-10-04 19:10:00,10650.61
2020-10-04 23:10:00,10673.33
2020-10-05 03:10:00,10708.31
2020-10-05 07:10:00,10664.89
2020-10-05 11:10:00,10683.90
2020-10-05 15:10:00,10724.46
2020-10-05 19:10:00,10720.04
2020-10-05 23:10:00,10759.25
2020-10-06 03:10:00,10772.74
2020-10-06 07:10:00,10752.46
2020-10-06 11:10:00,10711.48
2020-10-06 15:10:00,10691.05
2020-10-06 19:10:00,10633.34
2020-10-06 23:10:00,10571.18
2020-10-07 03:10:00,10589.29
2020-10-07 07:10:00,10609.71
2020-10-07 11:10:00,10601.49
2020-10-07 15:10:00,10628.24
2020-10-07 19:10:00,10644.36
2020-10-07 23:10:00,10658.89
2020-10-08 03:10:00,10645.67
2020-10-08 07:10:00,10618.81
2020-10-08 11:10:00,10585.59
2020-10-08 15:10:00,10802.59
2020-10-08 19:10:00,10905.19
2020-10-08 23:10:00,10896.99
2020-10-09 03:10:00,10903.50
2020-10-09 07:10:00,10878.63
2020-10-09 11:10:00,11004.94
2020-10-09 15:10:00,11074.40
2020-10-09 19:10:00,11055.55
2020-10-09 23:10:00,11058.46
2020-10-10 03:10:00,11332.84
2020-10-10 07:10:00,11383.15
2020-10-10 11:10:00,11320.10
2020-10-10 15:10:00,11348.56
2020-10-10 19:10:00,11349.33
2020-10-10 23:10:00,11326.66
2020-10-11 03:10:00,11336.67
2020-10-11 07:10:00,11332.18
2020-10-11 11:10:00,11360.52
2020-10-11 15:10:00,11387.52
2020-10-11 19:10:00,11385.49
2020-10-11 23:10:00,11340.19
2020-10-12 03:10:00,11383.32
2020-10-12 07:10:00,11375.60
2020-10-12 11:10:00,11295.27
2020-10-12 15:10:00,11454.57
2020-10-12 19:10:00,11556.13
2020-10-12 23:10:00,11604.41
2020-10-13 03:10:00,11477.34
2020-10-13 07:10:00,11461.70
2020-10-13 11:10:00,11483.22
2020-10-13 15:10:00,11394.76
2020-10-13 19:10:00,11383.82
2020-10-13 23:10:00,11432.18
2020-10-14 03:10:00,11439.71
2020-10-14 07:10:00,11400.21
2020-10-14 11:10:00,11417.07
2020-10-14 15:10:00,11438.91
2020-10-14 19:10:00,11345.64
2020-10-14 23:10:00,11390.32
2020-10-15 03:10:00,11389.20
2020-10-15 07:10:00,11399.14
2020-10-15 11:10:00,11331.25
2020-10-15 15:10:00,11376.24
2020-10-15 19:10:00,11463.23
2020-10-15 23:10:00,11535.10
2020-10-16 03:10:00,11499.71
2020-10-16 07:10:00,11326.06
2020-10-16 11:10:00,11293.44
2020-10-16 15:10:00,11346.94
2020-10-16 19:10:00,11347.52
2020-10-16 23:10:00,11324.62
2020-10-17 03:10:00,11325.04
2020-10-17 07:10:00,11358.38
2020-10-17 11:10:00,11343.88
2020-10-17 15:10:00,11342.51
2020-10-17 19:10:00,11341.45
2020-10-17 23:10:00,11354.79
2020-10-18 03:10:00,11385.07
2020-10-18 07:10:00,11422.20
2020-10-18 11:10:00,11426.91
2020-10-18 15:10:00,11445.19
2020-10-18 19:10:00,11457.96
2020-10-18 23:10:00,11470.19
2020-10-19 03:10:00,11479.06
2020-10-19 07:10:00,11445.92
2020-10-19 11:10:00,11485.92
2020-10-19 15:10:00,11652.77
2020-10-19 19:10:00,11739.90
2020-10-19 23:10:00,11732.62
2020-10-20 03:10:00,11724.85
2020-10-20 07:10:00,11777.35
2020-10-20 11:10:00,11818.40
2020-10-20 15:10:00,11911.28
2020-10-20 19:10:00,11967.66
2020-10-20 23:10:00,11916.95
2020-10-21 03:10:00,12102.85
2020-10-21 07:10:00,12234.19
2020-10-21 11:10:00,12248.54
2020-10-21 15:10:00,12569.93
2020-10-21 19:10:00,12804.09
2020-10-21 23:10:00,12947.87
2020-10-22 03:10:00,12838.45
2020-10-22 07:10:00,12762.85
2020-10-22 11:10:00,12893.87
2020-10-22 15:10:00,12911.02
2020-10-22 19:10:00,13051.71
2020-10-22 23:10:00,13092.44
2020-10-23 03:10:00,12932.79
2020-10-23 07:10:00,12928.92
2020-10-23 11:10:00,12963.48
2020-10-23 15:10:00,12956.99
2020-10-23 19:10:00,12831.77
2020-10-23 23:10:00,12927.12
2020-10-24 03:10:00,12959.20
2020-10-24 07:10:00,12955.25
2020-10-24 11:10:00,12954.94
2020-10-24 15:10:00,13067.63
2020-10-24 19:10:00,13102.44
2020-10-24 23:10:00,13101.67
2020-10-25 03:10:00,13214.39
2020-10-25 06:10:00,13091.84
2020-10-25 10:10:00,12977.71
2020-10-25 14:10:00,12991.71
2020-10-25 18:10:00,13009.37
2020-10-25 22:10:00,13030.80
2020-10-26 02:10:00,13078.86
2020-10-26 06:10:00,13091.75
2020-10-26 10:10:00,13088.44
2020-10-26 14:10:00,13138.95
2020-10-26 18:10:00,12917.47
2020-10-26 22:10:00,13045.02
2020-10-27 02:10:00,13097.33
2020-10-27 06:10:00,13106.97
2020-10-27 10:10:00,13296.77
2020-10-27 14:10:00,13431.71
2020-10-27 18:10:00,13639.38
2020-10-27 22:10:00,13687.45
2020-10-28 02:10:00,13774.32
2020-10-28 06:10:00,13704.59
2020-10-28 10:10:00,13534.29
2020-10-28 14:10:00,13169.65
2020-10-28 18:10:00,13179.60
2020-10-28 22:10:00,13239.26
2020-10-29 02:10:00,13252.81
2020-10-29 06:10:00,13257.97
2020-10-29 10:10:00,13138.64
2020-10-29 14:10:00,13325.79
2020-10-29 18:10:00,13554.12
2020-10-29 22:10:00,13473.74
2020-10-30 02:10:00,13522.48
2020-10-30 06:10:00,13271.03
2020-10-30 10:10:00,13277.84
2020-10-30 14:10:00,13387.06
2020-10-30 18:10:00,13539.2
2020-10-30 22:10:00,13591.41
2020-10-31 02:10:00,13593.67
2020-10-31 06:10:00,13528.3
2020-10-31 10:10:00,13836.45
2020-10-31 14:10:00,13849.55
2020-10-31 18:10:00,13783.47
2020-10-31 22:10:00,13827.92
2020-11-01 02:11:00,13749.24
2020-11-01 06:11:00,13705.71
2020-11-01 10:11:00,13731.1
2020-11-01 14:11:00,13791.7
2020-11-01 18:11:00,13803.77
2020-11-01 22:11:00,13765.18
2020-11-02 02:11:00,13746.98
2020-11-02 06:11:00,13708.89
2020-11-02 10:11:00,13517.57
2020-11-02 14:11:00,13399.94
2020-11-02 18:11:00,13512.28
2020-11-02 22:11:00,13633.16
2020-11-03 02:11:00,13512.07
2020-11-03 06:11:00,13397.89
2020-11-03 10:11:00,13528.02
2020-11-03 14:11:00,13703.12
2020-11-03 18:11:00,13747.42
2020-11-03 22:11:00,13858.2
2020-11-04 02:11:00,13856.68
2020-11-04 06:11:00,13790.53
2020-11-04 10:11:00,13677.38
2020-11-04 14:11:00,13839.06
2020-11-04 18:11:00,14105.13
2020-11-04 22:11:00,14082.24
2020-11-05 02:11:00,14231.89
2020-11-05 06:11:00,14376.63
2020-11-05 10:11:00,14532.71
2020-11-05 14:11:00,14884.04
2020-11-05 18:11:00,15070.74
2020-11-05 22:11:00,15383.15
2020-11-06 02:11:00,15699.03
2020-11-06 06:11:00,15642.38
2020-11-06 10:11:00,15528.23
2020-11-06 14:11:00,15510.65
2020-11-06 18:11:00,15503.28
2020-11-06 22:11:00,15487.6
2020-11-07 02:11:00,15627.52
2020-11-07 06:11:00,15523.12
2020-11-07 10:11:00,15508.19
2020-11-07 14:11:00,15397.72
2020-11-07 18:11:00,14991.11
2020-11-07 22:11:00,14756.8
2020-11-08 02:11:00,14964.97
2020-11-08 06:11:00,14998.51
2020-11-08 10:11:00,15050.23
2020-11-08 14:11:00,15274.54
2020-11-08 18:11:00,15475.48
2020-11-08 22:11:00,15421.33
2020-11-09 02:11:00,15521.39
2020-11-09 06:11:00,15410.04
2020-11-09 10:11:00,15458.8
2020-11-09 14:11:00,15321.11
2020-11-09 18:11:00,15183.36
2020-11-09 22:11:00,15382.92
2020-11-10 02:11:00,15322.79
2020-11-10 06:11:00,15354
2020-11-10 10:11:00,15350.72
2020-11-10 14:11:00,15244.95
2020-11-10 18:11:00,15277.34
2020-11-10 22:11:00,15338.32
2020-11-11 02:11:00,15430.76
2020-11-11 06:11:00,15385.02
2020-11-11 10:11:00,15511.69
2020-11-11 14:11:00,15633.99
2020-11-11 18:11:00,15844.78
2020-11-11 22:11:00,15743.72
2020-11-12 02:11:00,15618.37
2020-11-12 06:11:00,15799.11
2020-11-12 10:11:00,15902.72
2020-11-12 14:11:00,15986.72
2020-11-12 18:11:00,16068.65
2020-11-12 22:11:00,16219.31
2020-11-13 02:11:00,16404.61
2020-11-13 06:11:00,16302.93
2020-11-13 10:11:00,16211.73
2020-11-13 14:11:00,16204.76
2020-11-13 18:11:00,16164.9
2020-11-13 22:11:00,16279.16
2020-11-14 02:11:00,16214.67
2020-11-14 06:11:00,16117.23
2020-11-14 10:11:00,15896.48
2020-11-14 14:11:00,15955.9
2020-11-14 18:11:00,15872.95
2020-11-14 22:11:00,16016.72
2020-11-15 02:11:00,15982.42
2020-11-15 06:11:00,15989.39
2020-11-15 10:11:00,16061.12
2020-11-15 14:11:00,16029.74
2020-11-15 18:11:00,15935.02
2020-11-15 22:11:00,15887.86
2020-11-16 02:11:00,15964.73
2020-11-16 06:11:00,16166.78
2020-11-16 10:11:00,16274.48
2020-11-16 14:11:00,16371.74
2020-11-16 18:11:00,16663.97
2020-11-16 22:11:00,16747.22
2020-11-17 02:11:00,16695.36
2020-11-17 06:11:00,16648.5
2020-11-17 10:11:00,16819.62
2020-11-17 14:11:00,17111.06
2020-11-17 18:11:00,17594.94
2020-11-17 22:11:00,17617.9
2020-11-18 02:11:00,17795.45
2020-11-18 06:11:00,17948.55
2020-11-18 10:11:00,18116.69
2020-11-18 14:11:00,17773.86
2020-11-18 18:11:00,17810.28
2020-11-18 22:11:00,17699.8
