Date,Weighted
2013-01-01 02:01:00,13.34
2013-01-02 02:01:00,13.31
2013-01-03 02:01:00,13.36
2013-01-04 02:01:00,13.42
2013-01-05 02:01:00,13.45
2013-01-06 02:01:00,13.46
2013-01-07 02:01:00,13.51
2013-01-08 02:01:00,13.72
2013-01-09 02:01:00,13.74
2013-01-10 02:01:00,14.05
2013-01-11 02:01:00,14.11
2013-01-12 02:01:00,14.17
2013-01-13 02:01:00,14.11
2013-01-14 02:01:00,14.26
2013-01-15 02:01:00,14.20
2013-01-16 02:01:00,14.52
2013-01-17 02:01:00,15.17
2013-01-18 02:01:00,15.68
2013-01-19 02:01:00,15.46
2013-01-20 02:01:00,15.72
2013-01-21 02:01:00,16.38
2013-01-22 02:01:00,17.15
2013-01-23 02:01:00,17.22
2013-01-24 02:01:00,17.75
2013-01-25 02:01:00,16.66
2013-01-26 02:01:00,17.15
2013-01-27 02:01:00,17.65
2013-01-28 02:01:00,18.34
2013-01-29 02:01:00,19.17
2013-01-30 02:01:00,19.48
2013-01-31 02:01:00,20.58
2013-02-01 02:02:00,20.73
2013-02-02 02:02:00,19.47
2013-02-03 02:02:00,20.26
2013-02-04 02:02:00,20.42
2013-02-05 02:02:00,20.57
2013-02-06 02:02:00,21.09
2013-02-07 02:02:00,21.61
2013-02-08 02:02:00,22.42
2013-02-09 02:02:00,23.24
2013-02-10 02:02:00,23.42
2013-02-11 02:02:00,24.13
2013-02-12 02:02:00,25.09
2013-02-13 02:02:00,25.48
2013-02-14 02:02:00,25.46
2013-02-15 02:02:00,26.99
2013-02-16 02:02:00,27.16
2013-02-17 02:02:00,26.40
2013-02-18 02:02:00,26.76
2013-02-19 02:02:00,28.19
2013-02-20 02:02:00,29.47
2013-02-21 02:02:00,29.68
2013-02-22 02:02:00,30.46
2013-02-23 02:02:00,29.05
2013-02-24 02:02:00,29.78
2013-02-25 02:02:00,30.07
2013-02-26 02:02:00,31.01
2013-02-27 02:02:00,31.22
2013-02-28 02:02:00,32.69
2013-03-01 02:03:00,34.24
2013-03-02 02:03:00,33.87
2013-03-03 02:03:00,34.13
2013-03-04 02:03:00,35.47
2013-03-05 02:03:00,39.35
2013-03-06 02:03:00,45.18
2013-03-07 02:03:00,40.93
2013-03-08 02:03:00,43.16
2013-03-09 02:03:00,45.44
2013-03-10 02:03:00,46.84
2013-03-11 02:03:00,47.62
2013-03-12 02:03:00,72.00
2013-03-12 22:03:00,67.79
2013-03-13 14:03:00,52.20
2013-03-13 18:03:00,44.36
2013-03-14 02:03:00,70.32
2013-03-14 10:03:00,51.32
2013-03-14 22:03:00,50.39
2013-03-15 02:03:00,49.79
2013-03-15 06:03:00,48.51
2013-03-15 10:03:00,70.53
2013-03-15 18:03:00,51.17
2013-03-15 22:03:00,48.32
2013-03-16 02:03:00,48.65
2013-03-16 06:03:00,48.58
2013-03-16 18:03:00,50.54
2013-03-16 22:03:00,70.51
2013-03-17 02:03:00,46.35
2013-03-17 06:03:00,49.65
2013-03-17 18:03:00,49.90
2013-03-17 22:03:00,49.37
2013-03-18 02:03:00,49.87
2013-03-18 14:03:00,50.14
2013-03-18 18:03:00,50.19
2013-03-18 22:03:00,50.03
2013-03-19 02:03:00,50.03
2013-03-19 14:03:00,65.81
2013-03-19 18:03:00,60.59
2013-03-19 22:03:00,58.53
2013-03-20 06:03:00,65.04
2013-03-21 02:03:00,51.33
2013-03-21 14:03:00,77.52
2013-03-21 18:03:00,81.55
2013-03-22 02:03:00,106.30
2013-03-22 22:03:00,77.52
2013-03-23 18:03:00,73.71
2013-03-24 06:03:00,68.20
2013-03-24 14:03:00,78.57
2013-03-24 18:03:00,97.92
2013-03-25 02:03:00,75.40
2013-03-25 18:03:00,84.20
2013-03-26 14:03:00,67.20
2013-03-26 18:03:00,77.36
2013-03-27 02:03:00,79.72
2013-03-27 14:03:00,62.25
2013-03-27 18:03:00,89.84
2013-03-27 22:03:00,101.97
2013-03-28 02:03:00,84.69
2013-03-28 18:03:00,100.43
2013-03-29 02:03:00,85.80
2013-03-29 18:03:00,94.76
2013-03-29 22:03:00,92.97
2013-03-30 02:03:00,98.57
2013-03-30 10:03:00,105.82
2013-03-30 14:03:00,98.39
2013-03-30 18:03:00,99.42
2013-03-30 22:03:00,98.72
2013-03-31 02:03:00,95.04
2013-03-31 07:03:00,111.18
2013-03-31 11:03:00,102.40
2013-03-31 15:03:00,100.80
2013-03-31 19:03:00,103.08
2013-03-31 23:03:00,103.90
2013-04-01 15:04:00,109.80
2013-04-01 19:04:00,130.28
2013-04-02 03:04:00,114.26
2013-04-02 07:04:00,122.55
2013-04-02 15:04:00,161.53
2013-04-02 19:04:00,102.87
2013-04-02 23:04:00,116.58
2013-04-03 03:04:00,162.00
2013-04-03 07:04:00,104.00
2013-04-03 19:04:00,149.28
2013-04-04 03:04:00,129.58
2013-04-04 11:04:00,140.70
2013-04-04 15:04:00,95.03
2013-04-04 17:04:00,94.39
2013-04-04 19:04:00,126.62
2013-04-04 20:04:00,143.74
2013-04-04 21:04:00,155.35
2013-04-04 22:04:00,146.01
2013-04-04 23:04:00,136.24
2013-04-04 24:04:00,149.36
2013-04-05 01:04:00,145.26
2013-04-05 03:04:00,139.65
2013-04-05 07:04:00,143.37
2013-04-05 15:04:00,201.29
2013-04-05 16:04:00,146.09
2013-04-05 17:04:00,146.15
2013-04-05 19:04:00,149.51
2013-04-05 20:04:00,144.14
2013-04-05 21:04:00,161.29
2013-04-05 22:04:00,161.55
2013-04-05 23:04:00,133.62
2013-04-05 24:04:00,178.23
2013-04-06 01:04:00,160.69
2013-04-06 02:04:00,137.37
2013-04-06 04:04:00,142.03
2013-04-06 18:04:00,148.28
2013-04-06 19:04:00,158.29
2013-04-06 20:04:00,134.39
2013-04-06 21:04:00,148.72
2013-04-06 23:04:00,100
2013-04-06 24:04:00,160.69
2013-04-07 01:04:00,154.28
2013-04-07 02:04:00,143.44
2013-04-07 14:04:00,166.18
2013-04-07 15:04:00,169.8
2013-04-07 20:04:00,183.75
2013-04-08 16:04:00,194.86
2013-04-08 18:04:00,204.47
2013-04-08 19:04:00,150.7
2013-04-08 20:04:00,142.48
2013-04-08 21:04:00,207.87
2013-04-08 22:04:00,184.38
2013-04-08 23:04:00,199.56
2013-04-08 24:04:00,150.92
2013-04-09 01:04:00,191.4
2013-04-09 02:04:00,137.28
2013-04-09 03:04:00,211.14
2013-04-09 06:04:00,190.01
2013-04-09 13:04:00,202.48
2013-04-09 17:04:00,197.72
2013-04-09 18:04:00,212.77
2013-04-09 19:04:00,218.75
2013-04-09 20:04:00,229.43
2013-04-09 21:04:00,248.64
2013-04-09 22:04:00,268.29
2013-04-09 24:04:00,245.38
2013-04-10 01:04:00,250.01
2013-04-10 02:04:00,190.76
2013-04-10 03:04:00,247.07
2013-04-10 04:04:00,232.01
2013-04-10 05:04:00,209.81
2013-04-10 06:04:00,206.76
2013-04-10 11:04:00,335.85
2013-04-10 14:04:00,396.4
2013-04-10 15:04:00,238.32
2013-04-10 17:04:00,213.39
2013-04-10 18:04:00,349.38
2013-04-10 19:04:00,357
2013-04-10 20:04:00,258.85
2013-04-10 22:04:00,236.42
2013-04-10 23:04:00,241.82
2013-04-11 02:04:00,201.46
2013-04-11 05:04:00,263.5
2013-04-11 18:04:00,177.62
2013-04-11 20:04:00,259.16
2013-04-11 21:04:00,251.45
2013-04-11 22:04:00,160.94
2013-04-11 23:04:00,171.02
2013-04-11 24:04:00,105
2013-04-12 03:04:00,166.58
2013-04-12 09:04:00,95.7
2013-04-12 10:04:00,102.89
2013-04-12 15:04:00,85.69
2013-04-12 18:04:00,104.92
2013-04-12 19:04:00,152.09
2013-04-12 20:04:00,116.75
2013-04-12 21:04:00,102.9
2013-04-12 22:04:00,96.61
2013-04-12 23:04:00,97.69
2013-04-13 01:04:00,150
2013-04-13 03:04:00,111.78
2013-04-13 04:04:00,150
2013-04-13 05:04:00,149.98
2013-04-13 07:04:00,150
2013-04-13 18:04:00,207.24
2013-04-13 19:04:00,150.01
2013-04-13 22:04:00,150
2013-04-13 23:04:00,150.04
2013-04-13 24:04:00,113.81
2013-04-14 01:04:00,150
2013-04-14 02:04:00,150
2013-04-14 04:04:00,150
2013-04-15 01:04:00,150
2013-04-15 03:04:00,161.4
2013-04-15 17:04:00,102.97
2013-04-15 18:04:00,143.43
2013-04-15 19:04:00,117.96
2013-04-15 20:04:00,112.68
2013-04-15 21:04:00,117.84
2013-04-15 23:04:00,100.24
2013-04-15 24:04:00,135.13
2013-04-16 05:04:00,96.48
2013-04-16 07:04:00,102
2013-04-16 16:04:00,226.1
2013-04-16 20:04:00,99.38
2013-04-16 21:04:00,111.76
2013-04-16 22:04:00,80.99
2013-04-16 23:04:00,102.75
2013-04-17 07:04:00,102
2013-04-17 16:04:00,112.51
2013-04-17 17:04:00,141.36
2013-04-17 18:04:00,137.91
2013-04-17 19:04:00,140.22
2013-04-17 20:04:00,102.93
2013-04-17 23:04:00,105.27
2013-04-18 03:04:00,103.38
2013-04-18 04:04:00,153.36
2013-04-18 14:04:00,101.07
2013-04-18 18:04:00,205.74
2013-04-18 20:04:00,104.78
2013-04-18 22:04:00,105.99
2013-04-18 24:04:00,107.53
2013-04-19 01:04:00,106.89
2013-04-19 02:04:00,114.11
2013-04-19 03:04:00,119.62
2013-04-19 04:04:00,103.31
2013-04-19 06:04:00,87.01
2013-04-19 07:04:00,124.62
2013-04-19 17:04:00,129.14
2013-04-19 19:04:00,127.33
2013-04-19 20:04:00,129.16
2013-04-19 22:04:00,125.21
2013-04-19 23:04:00,131.32
2013-04-20 01:04:00,134.08
2013-04-20 02:04:00,178.21
2013-04-20 03:04:00,118.91
2013-04-20 04:04:00,118.07
2013-04-20 16:04:00,131.75
2013-04-20 24:04:00,127.1
2013-04-21 01:04:00,136.06
2013-04-21 18:04:00,137.52
2013-04-22 07:04:00,137.97
2013-04-22 08:04:00,134.86
2013-04-22 24:04:00,133.36
2013-04-23 05:04:00,192.72
2013-04-23 07:04:00,115.49
2013-04-23 19:04:00,153.11
2013-04-23 21:04:00,147.54
2013-04-23 22:04:00,151.82
2013-04-23 23:04:00,153.71
2013-04-23 24:04:00,152.24
2013-04-24 02:04:00,158.62
2013-04-24 03:04:00,153.37
2013-04-24 05:04:00,135.67
2013-04-24 10:04:00,159.89
2013-04-24 11:04:00,137.44
2013-04-24 14:04:00,165.02
2013-04-24 17:04:00,97.66
2013-04-24 19:04:00,179.7
2013-04-24 20:04:00,160.43
2013-04-24 22:04:00,179.21
2013-04-24 23:04:00,150.5
2013-04-24 24:04:00,143.72
2013-04-25 01:04:00,164.06
2013-04-25 02:04:00,154.02
2013-04-25 04:04:00,156.99
2013-04-25 06:04:00,165.72
2013-04-25 22:04:00,160.67
2013-04-25 23:04:00,153.24
2013-04-26 01:04:00,145.22
2013-04-26 02:04:00,156.91
2013-04-26 04:04:00,214.72
2013-04-26 08:04:00,116.71
2013-04-26 11:04:00,146.04
2013-04-26 16:04:00,144.43
2013-04-26 18:04:00,145.33
2013-04-26 23:04:00,144.05
2013-04-27 05:04:00,149.12
2013-04-27 13:04:00,142.6
2013-04-27 17:04:00,203.87
2013-04-27 20:04:00,147.42
2013-04-28 01:04:00,142.18
2013-04-28 07:04:00,139.11
2013-04-28 08:04:00,137.96
2013-04-28 22:04:00,155.03
2013-04-29 02:04:00,122.13
2013-04-29 13:04:00,149.55
2013-04-29 15:04:00,166.06
2013-04-29 16:04:00,162.27
2013-04-29 18:04:00,156.73
2013-04-29 19:04:00,161.27
2013-04-29 20:04:00,152.32
2013-04-29 21:04:00,151.82
2013-04-30 03:04:00,217.82
2013-04-30 05:04:00,114.26
2013-04-30 06:04:00,231.78
2013-04-30 07:04:00,155.7
2013-04-30 16:04:00,156.94
2013-04-30 17:04:00,136.14
2013-04-30 23:04:00,136.78
2013-05-01 03:05:00,131.87
2013-05-01 19:05:00,198.51
2013-05-01 21:05:00,203.99
2013-05-01 22:05:00,112.39
2013-05-01 23:05:00,138.15
2013-05-01 24:05:00,123.05
2013-05-02 01:05:00,186.24
2013-05-02 02:05:00,158.86
2013-05-02 03:05:00,116.01
2013-05-02 04:05:00,115.07
2013-05-02 05:05:00,112.53
2013-05-02 06:05:00,172.07
2013-05-02 08:05:00,116.98
2013-05-02 10:05:00,137.18
2013-05-02 11:05:00,117.57
2013-05-02 12:05:00,123.01
2013-05-02 13:05:00,128.54
2013-05-02 16:05:00,124.8
2013-05-02 17:05:00,134.54
2013-05-02 18:05:00,117.32
2013-05-02 19:05:00,126.8
2013-05-02 20:05:00,116.71
2013-05-02 21:05:00,105.13
2013-05-02 22:05:00,112.31
2013-05-02 23:05:00,115.99
2013-05-02 24:05:00,115.12
2013-05-03 01:05:00,138.99
2013-05-03 02:05:00,119.78
2013-05-03 04:05:00,164.16
2013-05-03 06:05:00,108.67
2013-05-03 09:05:00,105.49
2013-05-03 10:05:00,102.77
2013-05-03 16:05:00,159.5
2013-05-03 17:05:00,82.79
2013-05-03 18:05:00,103.53
2013-05-03 19:05:00,103.64
2013-05-03 20:05:00,101.03
2013-05-03 22:05:00,105.68
2013-05-03 23:05:00,104.99
2013-05-03 24:05:00,100
2013-05-04 01:05:00,99.81
2013-05-04 02:05:00,103.19
2013-05-04 03:05:00,111.64
2013-05-04 04:05:00,94.35
2013-05-04 05:05:00,95.58
2013-05-04 08:05:00,97.3
2013-05-04 09:05:00,94.49
2013-05-04 10:05:00,101.79
2013-05-04 12:05:00,113.12
2013-05-04 16:05:00,116.84
2013-05-04 19:05:00,127.45
2013-05-04 21:05:00,118.87
2013-05-04 23:05:00,128.01
2013-05-04 24:05:00,129.84
2013-05-05 01:05:00,132.19
2013-05-05 06:05:00,136.86
2013-05-05 13:05:00,130.56
2013-05-05 14:05:00,127.5
2013-05-05 15:05:00,175.48
2013-05-05 18:05:00,136.29
2013-05-05 20:05:00,144.44
2013-05-05 22:05:00,147.64
2013-05-05 23:05:00,135.36
2013-05-05 24:05:00,128.7
2013-05-06 01:05:00,143.55
2013-05-06 04:05:00,151.78
2013-05-06 10:05:00,91.68
2013-05-06 15:05:00,101.67
2013-05-06 18:05:00,129.53
2013-05-06 19:05:00,145.07
2013-05-06 20:05:00,180.73
2013-05-06 21:05:00,183.36
2013-05-06 22:05:00,127.73
2013-05-06 23:05:00,140.46
2013-05-06 24:05:00,123.91
2013-05-07 01:05:00,106.11
2013-05-07 02:05:00,120.86
2013-05-07 05:05:00,117.6
2013-05-07 09:05:00,85.81
2013-05-07 10:05:00,113.58
2013-05-07 14:05:00,151.52
2013-05-07 15:05:00,104.62
2013-05-07 17:05:00,157.84
2013-05-07 18:05:00,135.81
2013-05-07 19:05:00,110.13
2013-05-07 20:05:00,130.02
2013-05-07 22:05:00,134.64
2013-05-07 23:05:00,120.65
2013-05-07 24:05:00,127.11
2013-05-08 03:05:00,117.91
2013-05-08 04:05:00,155.32
2013-05-08 05:05:00,117.82
2013-05-08 16:05:00,129.49
2013-05-08 18:05:00,126.17
2013-05-08 20:05:00,141.48
2013-05-08 21:05:00,130.49
2013-05-08 22:05:00,155.01
2013-05-09 01:05:00,130.98
2013-05-09 02:05:00,130.49
2013-05-09 05:05:00,167.81
2013-05-09 06:05:00,114.94
2013-05-09 14:05:00,155
2013-05-09 18:05:00,135.6
2013-05-09 19:05:00,127.92
2013-05-09 20:05:00,130.06
2013-05-09 21:05:00,150.7
2013-05-09 22:05:00,120.83
2013-05-09 23:05:00,129.06
2013-05-09 24:05:00,121.27
2013-05-10 01:05:00,120.69
2013-05-10 02:05:00,134.39
2013-05-10 04:05:00,89.58
2013-05-10 08:05:00,117.96
2013-05-10 18:05:00,130.78
2013-05-10 19:05:00,128.51
2013-05-10 20:05:00,135.51
2013-05-10 23:05:00,127.15
2013-05-10 24:05:00,123.13
2013-05-11 03:05:00,177.86
2013-05-11 05:05:00,179.35
2013-05-11 21:05:00,133.91
2013-05-11 22:05:00,133.68
2013-05-11 23:05:00,174.96
2013-05-12 01:05:00,133.16
2013-05-12 03:05:00,132.57
2013-05-12 06:05:00,175.89
2013-05-12 07:05:00,175.89
2013-05-12 09:05:00,110
2013-05-12 13:05:00,134.11
2013-05-12 17:05:00,121.06
2013-05-12 24:05:00,174.7
2013-05-13 01:05:00,150.17
2013-05-13 03:05:00,137.95
2013-05-13 04:05:00,127.69
2013-05-13 07:05:00,133.19
2013-05-13 08:05:00,57.92
2013-05-13 11:05:00,123.96
2013-05-13 16:05:00,133.04
2013-05-13 17:05:00,135.69
2013-05-13 18:05:00,134.67
2013-05-13 19:05:00,125.72
2013-05-13 20:05:00,121.45
2013-05-13 21:05:00,126.17
2013-05-13 22:05:00,126.74
2013-05-13 24:05:00,124.85
2013-05-14 01:05:00,140.62
2013-05-14 02:05:00,123
2013-05-14 03:05:00,139.41
2013-05-14 04:05:00,175.1
2013-05-14 07:05:00,123.69
2013-05-14 16:05:00,180.72
2013-05-14 17:05:00,140.9
2013-05-14 18:05:00,126.66
2013-05-14 19:05:00,133.99
2013-05-14 20:05:00,129.03
2013-05-14 21:05:00,178.65
2013-05-14 22:05:00,167.42
2013-05-14 23:05:00,105.66
2013-05-15 01:05:00,131.69
2013-05-15 02:05:00,132.1
2013-05-15 04:05:00,110.56
2013-05-15 06:05:00,101.2
2013-05-15 07:05:00,101.74
2013-05-15 08:05:00,101.08
2013-05-15 15:05:00,100.28
2013-05-15 18:05:00,118.98
2013-05-15 19:05:00,127.75
2013-05-15 20:05:00,129.7
2013-05-15 21:05:00,127.27
2013-05-15 22:05:00,125.81
2013-05-15 23:05:00,120.05
2013-05-16 01:05:00,124.65
2013-05-16 04:05:00,113.4
2013-05-16 06:05:00,119.81
2013-05-16 07:05:00,120.65
2013-05-16 08:05:00,125.73
2013-05-16 12:05:00,117.39
2013-05-16 13:05:00,127.77
2013-05-16 17:05:00,111.7
2013-05-16 20:05:00,127.81
2013-05-16 21:05:00,138.18
2013-05-16 22:05:00,107.3
2013-05-16 23:05:00,129.24
2013-05-16 24:05:00,129.35
2013-05-17 01:05:00,128.86
2013-05-17 02:05:00,119.93
2013-05-17 03:05:00,101.37
2013-05-17 05:05:00,123.98
2013-05-17 13:05:00,132.68
2013-05-17 14:05:00,131.81
2013-05-17 15:05:00,132.87
2013-05-17 16:05:00,126.09
2013-05-17 17:05:00,125.56
2013-05-17 18:05:00,122.55
2013-05-17 19:05:00,106.6
2013-05-17 23:05:00,103.59
2013-05-18 02:05:00,99.57
2013-05-18 03:05:00,140.98
2013-05-18 05:05:00,138.34
2013-05-18 06:05:00,117.77
2013-05-18 07:05:00,125.74
2013-05-18 17:05:00,138.44
2013-05-18 19:05:00,123.61
2013-05-18 20:05:00,127.66
2013-05-18 22:05:00,95.2
2013-05-18 23:05:00,145.18
2013-05-18 24:05:00,107.02
2013-05-19 03:05:00,124.43
2013-05-19 04:05:00,117.08
2013-05-19 05:05:00,98.56
2013-05-19 08:05:00,127.12
2013-05-19 14:05:00,134.84
2013-05-19 15:05:00,136.26
2013-05-19 16:05:00,135.65
2013-05-19 17:05:00,135.24
2013-05-19 18:05:00,135.14
2013-05-19 19:05:00,134.89
2013-05-19 20:05:00,135.58
2013-05-19 21:05:00,122.23
2013-05-19 23:05:00,126.6
2013-05-19 24:05:00,126.54
2013-05-20 04:05:00,144.97
2013-05-20 05:05:00,122.62
2013-05-20 10:05:00,97.6
2013-05-20 15:05:00,134.17
2013-05-20 16:05:00,134.42
2013-05-20 17:05:00,146.53
2013-05-20 18:05:00,134.59
2013-05-20 19:05:00,126.21
2013-05-20 20:05:00,133.12
2013-05-20 22:05:00,135.2
2013-05-20 23:05:00,97.9
2013-05-20 24:05:00,134.38
2013-05-21 01:05:00,130.49
2013-05-21 02:05:00,123.06
2013-05-21 07:05:00,122.72
2013-05-21 14:05:00,136.62
2013-05-21 15:05:00,136.86
2013-05-21 16:05:00,123.51
2013-05-21 19:05:00,120.39
2013-05-21 20:05:00,125.66
2013-05-21 21:05:00,118.3
2013-05-21 22:05:00,131.19
2013-05-21 23:05:00,138.05
2013-05-21 24:05:00,134.67
2013-05-22 01:05:00,137.49
2013-05-22 02:05:00,141.52
2013-05-22 03:05:00,136.99
2013-05-22 04:05:00,134.9
2013-05-22 05:05:00,134.47
2013-05-22 07:05:00,140.9
2013-05-22 08:05:00,123.72
2013-05-22 11:05:00,115.43
2013-05-22 16:05:00,130.82
2013-05-22 19:05:00,132.53
2013-05-22 20:05:00,135.74
2013-05-22 21:05:00,130.95
2013-05-22 22:05:00,136.83
2013-05-22 23:05:00,128.76
2013-05-22 24:05:00,135.73
2013-05-23 01:05:00,137.77
2013-05-23 02:05:00,110.96
2013-05-23 03:05:00,126.89
2013-05-23 08:05:00,99.58
2013-05-23 11:05:00,117.52
2013-05-23 16:05:00,129.38
2013-05-23 19:05:00,140.61
2013-05-23 21:05:00,142.52
2013-05-23 22:05:00,139.96
2013-05-23 23:05:00,137.97
2013-05-23 24:05:00,139.02
2013-05-24 01:05:00,137.77
2013-05-24 08:05:00,126.92
2013-05-24 16:05:00,136.93
2013-05-24 17:05:00,142.45
2013-05-24 18:05:00,143.54
2013-05-24 19:05:00,135.91
2013-05-24 20:05:00,134.56
2013-05-24 21:05:00,113.26
2013-05-24 22:05:00,136.64
2013-05-24 23:05:00,145.93
2013-05-24 24:05:00,146.25
2013-05-25 01:05:00,135.94
2013-05-25 02:05:00,139.55
2013-05-25 03:05:00,148.95
2013-05-25 05:05:00,145.64
2013-05-25 06:05:00,110.51
2013-05-25 22:05:00,144.22
2013-05-25 23:05:00,196.84
2013-05-25 24:05:00,147.78
2013-05-26 01:05:00,104.8
2013-05-26 03:05:00,104.4
2013-05-26 06:05:00,114.34
2013-05-26 10:05:00,105.04
2013-05-26 12:05:00,140.62
2013-05-26 18:05:00,144.19
2013-05-26 19:05:00,143.93
2013-05-26 20:05:00,143.6
2013-05-26 21:05:00,142.69
2013-05-26 22:05:00,144.99
2013-05-26 24:05:00,189.23
2013-05-27 01:05:00,108
2013-05-27 02:05:00,142.82
2013-05-27 03:05:00,145.03
2013-05-27 06:05:00,116.97
2013-05-27 07:05:00,145
2013-05-27 19:05:00,148.72
2013-05-27 21:05:00,139.49
2013-05-27 22:05:00,126.2
2013-05-27 23:05:00,138.45
2013-05-27 24:05:00,112.87
2013-05-28 02:05:00,144.82
2013-05-28 06:05:00,103.57
2013-05-28 21:05:00,171.97
2013-05-28 22:05:00,138.69
2013-05-28 23:05:00,145
2013-05-29 01:05:00,119.9
2013-05-29 02:05:00,140.04
2013-05-29 04:05:00,127.96
2013-05-29 05:05:00,123.09
2013-05-29 16:05:00,140.06
2013-05-29 17:05:00,123.02
2013-05-29 20:05:00,144.99
2013-05-29 21:05:00,134.91
2013-05-29 23:05:00,147.66
2013-05-29 24:05:00,131.77
2013-05-30 01:05:00,140.3
2013-05-30 02:05:00,148.12
2013-05-30 03:05:00,148.12
2013-05-30 06:05:00,132.19
2013-05-30 09:05:00,105.08
2013-05-30 10:05:00,104
2013-05-30 14:05:00,140.13
2013-05-30 15:05:00,145.01
2013-05-30 16:05:00,146.05
2013-05-30 17:05:00,146.2
2013-05-30 19:05:00,144.66
2013-05-30 20:05:00,126.44
2013-05-30 21:05:00,129.96
2013-05-30 22:05:00,126.69
2013-05-30 23:05:00,146.02
2013-05-30 24:05:00,112.93
2013-05-31 01:05:00,142.23
2013-05-31 02:05:00,147.06
2013-05-31 03:05:00,134.3
2013-05-31 07:05:00,112.01
2013-05-31 09:05:00,136.15
2013-05-31 13:05:00,145
2013-05-31 14:05:00,145
2013-05-31 15:05:00,145
2013-05-31 18:05:00,131.56
2013-05-31 19:05:00,135.96
2013-05-31 20:05:00,151.29
2013-05-31 21:05:00,121.9
2013-05-31 22:05:00,141.03
2013-05-31 23:05:00,139.84
2013-05-31 24:05:00,127.96
2013-06-01 01:06:00,139.38
2013-06-01 02:06:00,143.57
2013-06-01 03:06:00,150.01
2013-06-01 05:06:00,155.76
2013-06-01 06:06:00,108.52
2013-06-01 08:06:00,116.08
2013-06-01 19:06:00,135.35
2013-06-01 20:06:00,133.94
2013-06-01 22:06:00,137.32
2013-06-01 23:06:00,131.72
2013-06-01 24:06:00,122.46
2013-06-02 01:06:00,139.99
2013-06-02 02:06:00,121.09
2013-06-02 03:06:00,145
2013-06-02 09:06:00,150
2013-06-02 19:06:00,131.56
2013-06-02 20:06:00,133.4
2013-06-02 22:06:00,125.71
2013-06-02 23:06:00,142.64
2013-06-02 24:06:00,128.21
2013-06-03 01:06:00,135.34
2013-06-03 04:06:00,127.98
2013-06-03 06:06:00,118.05
2013-06-03 08:06:00,127.88
2013-06-03 14:06:00,166.49
2013-06-03 16:06:00,164.68
2013-06-03 17:06:00,125.89
2013-06-03 18:06:00,122.34
2013-06-03 19:06:00,128.62
2013-06-03 20:06:00,124.11
2013-06-03 21:06:00,117.18
2013-06-03 22:06:00,119.45
2013-06-03 23:06:00,130.32
2013-06-03 24:06:00,125.86
2013-06-04 01:06:00,109.41
2013-06-04 02:06:00,107.91
2013-06-04 03:06:00,134.43
2013-06-04 04:06:00,136.85
2013-06-04 05:06:00,121.4
2013-06-04 06:06:00,123.39
2013-06-04 13:06:00,131.93
2013-06-04 17:06:00,123.56
2013-06-04 18:06:00,112.44
2013-06-04 19:06:00,123.28
2013-06-04 20:06:00,114.41
2013-06-04 21:06:00,129.81
2013-06-04 22:06:00,114.92
2013-06-04 23:06:00,142.88
2013-06-04 24:06:00,134.59
2013-06-05 01:06:00,127.84
2013-06-05 02:06:00,123.32
2013-06-05 04:06:00,137.22
2013-06-05 05:06:00,97.43
2013-06-05 10:06:00,154.96
2013-06-05 15:06:00,121.3
2013-06-05 19:06:00,131.2
2013-06-05 20:06:00,128.78
2013-06-05 21:06:00,133.95
2013-06-05 22:06:00,135.14
2013-06-05 23:06:00,144.07
2013-06-05 24:06:00,133.48
2013-06-06 01:06:00,127.67
2013-06-06 03:06:00,116.6
2013-06-06 04:06:00,114.93
2013-06-06 05:06:00,119.54
2013-06-06 06:06:00,128.66
2013-06-06 10:06:00,147.6
2013-06-06 11:06:00,145.23
2013-06-06 17:06:00,126.18
2013-06-06 18:06:00,140.03
2013-06-06 19:06:00,136.47
2013-06-06 20:06:00,128.87
2013-06-06 21:06:00,132.51
2013-06-06 22:06:00,127.56
2013-06-06 23:06:00,130.36
2013-06-06 24:06:00,122.85
2013-06-07 01:06:00,119.3
2013-06-07 02:06:00,117.72
2013-06-07 03:06:00,122.13
2013-06-07 04:06:00,136.65
2013-06-07 05:06:00,128.82
2013-06-07 07:06:00,119.15
2013-06-07 14:06:00,123.69
2013-06-07 17:06:00,122.37
2013-06-07 18:06:00,114.51
2013-06-07 19:06:00,125.31
2013-06-07 20:06:00,113.01
2013-06-07 21:06:00,117.08
2013-06-07 22:06:00,118.24
2013-06-07 23:06:00,123.85
2013-06-07 24:06:00,114.38
2013-06-08 01:06:00,126.19
2013-06-08 02:06:00,116.3
2013-06-08 03:06:00,109.76
2013-06-08 04:06:00,133.59
2013-06-08 05:06:00,122.04
2013-06-08 06:06:00,111.84
2013-06-08 07:06:00,126.75
2013-06-08 08:06:00,131.73
2013-06-08 09:06:00,125.89
2013-06-08 10:06:00,114.37
2013-06-08 17:06:00,120.16
2013-06-08 18:06:00,115.61
2013-06-08 19:06:00,115.79
2013-06-08 20:06:00,100.72
2013-06-08 21:06:00,109.94
2013-06-08 22:06:00,114.04
2013-06-08 23:06:00,110.76
2013-06-08 24:06:00,111.76
2013-06-09 01:06:00,111.7
2013-06-09 03:06:00,111.49
2013-06-09 04:06:00,109.31
2013-06-09 06:06:00,109.83
2013-06-09 07:06:00,110.91
2013-06-09 08:06:00,111.53
2013-06-09 09:06:00,112.3
2013-06-09 10:06:00,111.38
2013-06-09 12:06:00,111.19
2013-06-09 16:06:00,111.91
2013-06-09 17:06:00,107.13
2013-06-09 18:06:00,104.71
2013-06-09 20:06:00,113.82
2013-06-09 21:06:00,113.85
2013-06-09 22:06:00,110.31
2013-06-09 23:06:00,101.39
2013-06-09 24:06:00,103.74
2013-06-10 01:06:00,98.89
2013-06-10 02:06:00,99.72
2013-06-10 08:06:00,91.56
2013-06-10 15:06:00,130.72
2013-06-10 17:06:00,130.11
2013-06-10 18:06:00,111.87
2013-06-10 19:06:00,99.24
2013-06-10 20:06:00,107.44
2013-06-10 21:06:00,104.1
2013-06-10 22:06:00,115.03
2013-06-10 23:06:00,104.9
2013-06-10 24:06:00,119.91
2013-06-11 01:06:00,125.83
2013-06-11 02:06:00,127.37
2013-06-11 03:06:00,113.72
2013-06-11 04:06:00,116.77
2013-06-11 05:06:00,98.39
2013-06-11 06:06:00,137.79
2013-06-11 11:06:00,112.5
2013-06-11 12:06:00,132.3
2013-06-11 13:06:00,112.44
2013-06-11 15:06:00,113.18
2013-06-11 16:06:00,125.89
2013-06-11 17:06:00,111.04
2013-06-11 18:06:00,128.01
2013-06-11 19:06:00,127.67
2013-06-11 20:06:00,117.54
2013-06-11 21:06:00,118.61
2013-06-11 22:06:00,116.99
2013-06-11 23:06:00,110.56
2013-06-11 24:06:00,140.56
2013-06-12 01:06:00,152.54
2013-06-12 03:06:00,119.28
2013-06-12 04:06:00,111.21
2013-06-12 05:06:00,114.8
2013-06-12 06:06:00,108.83
2013-06-12 08:06:00,113.84
2013-06-12 15:06:00,115.74
2013-06-12 16:06:00,98.1
2013-06-12 17:06:00,101.47
2013-06-12 18:06:00,119.17
2013-06-12 19:06:00,122.25
2013-06-12 20:06:00,123.42
2013-06-12 21:06:00,112.21
2013-06-12 22:06:00,112.91
2013-06-12 23:06:00,115.64
2013-06-12 24:06:00,142.48
2013-06-13 01:06:00,114.45
2013-06-13 02:06:00,113.91
2013-06-13 04:06:00,114.19
2013-06-13 06:06:00,114.88
2013-06-13 07:06:00,110.91
2013-06-13 09:06:00,107.41
2013-06-13 11:06:00,113.5
2013-06-13 16:06:00,115.7
2013-06-13 17:06:00,112.72
2013-06-13 18:06:00,127.41
2013-06-13 19:06:00,115.86
2013-06-13 20:06:00,114.8
2013-06-13 21:06:00,121.14
2013-06-13 22:06:00,107.17
2013-06-13 23:06:00,118.26
2013-06-13 24:06:00,121.2
2013-06-14 01:06:00,106.61
2013-06-14 03:06:00,142.99
2013-06-14 06:06:00,143.5
2013-06-14 08:06:00,79.91
2013-06-14 13:06:00,142.85
2013-06-14 14:06:00,111.67
2013-06-14 15:06:00,112.07
2013-06-14 16:06:00,114.93
2013-06-14 17:06:00,113.47
2013-06-14 18:06:00,109.78
2013-06-14 19:06:00,114.71
2013-06-14 20:06:00,121.04
2013-06-14 21:06:00,97.62
2013-06-14 22:06:00,115.28
2013-06-14 23:06:00,119.41
2013-06-14 24:06:00,112.25
2013-06-15 01:06:00,111.47
2013-06-15 02:06:00,109.55
2013-06-15 03:06:00,125.83
2013-06-15 04:06:00,99.02
2013-06-15 05:06:00,114.31
2013-06-15 13:06:00,112.29
2013-06-15 17:06:00,116.21
2013-06-15 19:06:00,114.07
2013-06-15 20:06:00,143.91
2013-06-15 21:06:00,109.9
2013-06-15 23:06:00,113.49
2013-06-15 24:06:00,110.51
2013-06-16 01:06:00,106.89
2013-06-16 02:06:00,113.61
2013-06-16 03:06:00,123.05
2013-06-16 04:06:00,98.79
2013-06-16 05:06:00,82.68
2013-06-16 13:06:00,112
2013-06-16 17:06:00,120.48
2013-06-16 18:06:00,104.54
2013-06-16 22:06:00,120.4
2013-06-16 24:06:00,101.28
2013-06-17 01:06:00,121.49
2013-06-17 02:06:00,117.28
2013-06-17 03:06:00,115.36
2013-06-17 04:06:00,113.42
2013-06-17 05:06:00,104.81
2013-06-17 07:06:00,112.9
2013-06-17 08:06:00,120.6
2013-06-17 10:06:00,107.76
2013-06-17 16:06:00,104.77
2013-06-17 17:06:00,106.7
2013-06-17 18:06:00,112.36
2013-06-17 19:06:00,115.53
2013-06-17 20:06:00,105.62
2013-06-17 21:06:00,109.53
2013-06-17 22:06:00,141.91
2013-06-17 23:06:00,107.55
2013-06-17 24:06:00,108.46
2013-06-18 01:06:00,113.08
2013-06-18 02:06:00,106.64
2013-06-18 03:06:00,107.91
2013-06-18 04:06:00,107.12
2013-06-18 05:06:00,101.76
2013-06-18 07:06:00,107.61
2013-06-18 08:06:00,113.06
2013-06-18 12:06:00,102.31
2013-06-18 15:06:00,141.93
2013-06-18 16:06:00,150.08
2013-06-18 17:06:00,119.96
2013-06-18 18:06:00,121.73
2013-06-18 19:06:00,113.06
2013-06-18 20:06:00,110.9
2013-06-18 21:06:00,118.68
2013-06-18 22:06:00,107.15
2013-06-18 23:06:00,111.4
2013-06-18 24:06:00,112.18
2013-06-19 01:06:00,111.98
2013-06-19 02:06:00,118.04
2013-06-19 03:06:00,115.96
2013-06-19 04:06:00,111.58
2013-06-19 05:06:00,104.8
2013-06-19 07:06:00,108.06
2013-06-19 08:06:00,107.92
2013-06-19 09:06:00,109.21
2013-06-19 17:06:00,116.15
2013-06-19 18:06:00,121.35
2013-06-19 19:06:00,128.74
2013-06-19 20:06:00,116.46
2013-06-19 21:06:00,110.35
2013-06-19 22:06:00,116.43
2013-06-19 23:06:00,130.49
2013-06-19 24:06:00,118.95
2013-06-20 01:06:00,126.8
2013-06-20 02:06:00,123.75
2013-06-20 03:06:00,114.79
2013-06-20 04:06:00,115.5
2013-06-20 05:06:00,119.5
2013-06-20 06:06:00,129.69
2013-06-20 08:06:00,110.09
2013-06-20 10:06:00,115.96
2013-06-20 12:06:00,105.73
2013-06-20 15:06:00,119.89
2013-06-20 17:06:00,119.01
2013-06-20 18:06:00,122.64
2013-06-20 19:06:00,116.76
2013-06-20 20:06:00,123.34
2013-06-20 21:06:00,123.94
2013-06-20 22:06:00,117.05
2013-06-20 23:06:00,121.08
2013-06-20 24:06:00,125.48
2013-06-21 01:06:00,118.33
2013-06-21 02:06:00,118.47
2013-06-21 03:06:00,129.92
2013-06-21 05:06:00,124.3
2013-06-21 06:06:00,116.99
2013-06-21 08:06:00,158.43
2013-06-21 10:06:00,130.2
2013-06-21 16:06:00,142.17
2013-06-21 17:06:00,120.89
2013-06-21 18:06:00,117.55
2013-06-21 19:06:00,115.65
2013-06-21 20:06:00,117.25
2013-06-21 21:06:00,122.56
2013-06-21 22:06:00,117.86
2013-06-21 23:06:00,113.84
2013-06-21 24:06:00,120.47
2013-06-22 01:06:00,116.77
2013-06-22 02:06:00,114.62
2013-06-22 03:06:00,124.08
2013-06-22 04:06:00,117.87
2013-06-22 05:06:00,127.67
2013-06-22 06:06:00,122.32
2013-06-22 07:06:00,114.44
2013-06-22 10:06:00,111.16
2013-06-22 14:06:00,127.31
2013-06-22 17:06:00,130.5
2013-06-22 19:06:00,119.82
2013-06-22 20:06:00,123.97
2013-06-22 21:06:00,116.48
2013-06-22 22:06:00,119.3
2013-06-22 23:06:00,126.56
2013-06-22 24:06:00,113.22
2013-06-23 01:06:00,120.71
2013-06-23 02:06:00,104.73
2013-06-23 03:06:00,123.95
2013-06-23 04:06:00,121.3
2013-06-23 05:06:00,141.48
2013-06-23 06:06:00,122.76
2013-06-23 07:06:00,103.17
2013-06-23 08:06:00,113.42
2013-06-23 09:06:00,134.99
2013-06-23 11:06:00,103.13
2013-06-23 18:06:00,125.09
2013-06-23 19:06:00,106.9
2013-06-23 20:06:00,112.93
2013-06-23 21:06:00,126.09
2013-06-23 22:06:00,126.01
2013-06-23 23:06:00,114.11
2013-06-23 24:06:00,149.53
2013-06-24 01:06:00,119.63
2013-06-24 02:06:00,120.21
2013-06-24 03:06:00,118.13
2013-06-24 04:06:00,102.95
2013-06-24 05:06:00,124.61
2013-06-24 06:06:00,116.98
2013-06-24 07:06:00,107.44
2013-06-24 08:06:00,85.67
2013-06-24 11:06:00,84.06
2013-06-24 14:06:00,128.37
2013-06-24 17:06:00,111.86
2013-06-24 18:06:00,109.75
2013-06-24 19:06:00,114.88
2013-06-24 20:06:00,131.48
2013-06-24 21:06:00,115.26
2013-06-24 22:06:00,101.49
2013-06-24 23:06:00,116.19
2013-06-24 24:06:00,114.6
2013-06-25 01:06:00,102.85
2013-06-25 02:06:00,123.12
2013-06-25 03:06:00,105.29
2013-06-25 04:06:00,115.79
2013-06-25 05:06:00,98.43
2013-06-25 06:06:00,104.38
2013-06-25 07:06:00,103.1
2013-06-25 08:06:00,104.33
2013-06-25 09:06:00,92.08
2013-06-25 12:06:00,83.92
2013-06-25 15:06:00,124.06
2013-06-25 16:06:00,115.02
2013-06-25 17:06:00,118.51
2013-06-25 18:06:00,124.93
2013-06-25 19:06:00,108.08
2013-06-25 20:06:00,104.65
2013-06-25 21:06:00,117.79
2013-06-25 22:06:00,104.29
2013-06-25 23:06:00,109.36
2013-06-25 24:06:00,135.07
2013-06-26 01:06:00,105.54
2013-06-26 02:06:00,117.11
2013-06-26 03:06:00,100.89
2013-06-26 04:06:00,104.2
2013-06-26 05:06:00,104
2013-06-26 08:06:00,117.68
2013-06-26 09:06:00,91.95
2013-06-26 10:06:00,114.56
2013-06-26 11:06:00,125.68
2013-06-26 15:06:00,101.95
2013-06-26 16:06:00,126.01
2013-06-26 17:06:00,113.08
2013-06-26 18:06:00,117.41
2013-06-26 19:06:00,111.29
2013-06-26 20:06:00,113.1
2013-06-26 21:06:00,124.53
2013-06-26 22:06:00,114.93
2013-06-26 23:06:00,116.03
2013-06-26 24:06:00,101.95
2013-06-27 01:06:00,107.08
2013-06-27 02:06:00,101.71
2013-06-27 03:06:00,110.99
2013-06-27 04:06:00,112.7
2013-06-27 05:06:00,113.14
2013-06-27 06:06:00,101.19
2013-06-27 07:06:00,103.68
2013-06-27 08:06:00,114.5
2013-06-27 10:06:00,114.54
2013-06-27 11:06:00,92.78
2013-06-27 12:06:00,105.1
2013-06-27 14:06:00,143.5
2013-06-27 16:06:00,120.48
2013-06-27 17:06:00,115.38
2013-06-27 18:06:00,114.46
2013-06-27 19:06:00,116.45
2013-06-27 20:06:00,108.85
2013-06-27 21:06:00,110.97
2013-06-27 22:06:00,109.32
2013-06-27 23:06:00,105.97
2013-06-27 24:06:00,108.41
2013-06-28 01:06:00,109.28
2013-06-28 02:06:00,115.72
2013-06-28 03:06:00,101.56
2013-06-28 04:06:00,112.02
2013-06-28 05:06:00,111.01
2013-06-28 06:06:00,114.54
2013-06-28 08:06:00,102.47
2013-06-28 09:06:00,115
2013-06-28 14:06:00,111.01
2013-06-28 15:06:00,93.37
2013-06-28 16:06:00,99.18
2013-06-28 17:06:00,111.58
2013-06-28 18:06:00,113.21
2013-06-28 19:06:00,103.7
2013-06-28 20:06:00,105.73
2013-06-28 21:06:00,105.19
2013-06-28 22:06:00,100.56
2013-06-28 23:06:00,105.55
2013-06-28 24:06:00,97.45
2013-06-29 01:06:00,101.96
2013-06-29 02:06:00,106.33
2013-06-29 03:06:00,90.66
2013-06-29 04:06:00,100.62
2013-06-29 05:06:00,103.94
2013-06-29 06:06:00,103.4
2013-06-29 07:06:00,107.26
2013-06-29 09:06:00,106.18
2013-06-29 10:06:00,93.1
2013-06-29 12:06:00,103.29
2013-06-29 13:06:00,113.2
2013-06-29 15:06:00,87.75
2013-06-29 17:06:00,107.07
2013-06-29 18:06:00,107.94
2013-06-29 19:06:00,109.76
2013-06-29 20:06:00,104.63
2013-06-29 21:06:00,108
2013-06-29 22:06:00,98.13
2013-06-29 24:06:00,99.39
2013-06-30 01:06:00,117.23
2013-06-30 03:06:00,92.43
2013-06-30 04:06:00,108.3
2013-06-30 05:06:00,123.97
2013-06-30 06:06:00,133.78
2013-06-30 07:06:00,110.43
2013-06-30 08:06:00,109.49
2013-06-30 10:06:00,94.01
2013-06-30 11:06:00,99.68
2013-06-30 18:06:00,135.78
2013-06-30 19:06:00,109.31
2013-06-30 20:06:00,102.66
2013-06-30 21:06:00,110.23
2013-06-30 22:06:00,102.47
2013-06-30 23:06:00,112.14
2013-07-01 01:07:00,103.7
2013-07-01 02:07:00,97.52
2013-07-01 03:07:00,111.38
2013-07-01 04:07:00,109.11
2013-07-01 05:07:00,98.45
2013-07-01 06:07:00,102.47
2013-07-01 07:07:00,110.15
2013-07-01 08:07:00,98.85
2013-07-01 09:07:00,102.67
2013-07-01 17:07:00,103.83
2013-07-01 18:07:00,104.82
2013-07-01 19:07:00,102.1
2013-07-01 20:07:00,98.61
2013-07-01 21:07:00,90.78
2013-07-01 22:07:00,100.8
2013-07-01 23:07:00,94.35
2013-07-01 24:07:00,102.17
2013-07-02 01:07:00,100.61
2013-07-02 02:07:00,102.96
2013-07-02 03:07:00,98.13
2013-07-02 04:07:00,100.04
2013-07-02 05:07:00,96.87
2013-07-02 06:07:00,95.67
2013-07-02 07:07:00,94.79
2013-07-02 08:07:00,88.44
2013-07-02 09:07:00,94.25
2013-07-02 16:07:00,96.92
2013-07-02 17:07:00,100.88
2013-07-02 18:07:00,96.93
2013-07-02 19:07:00,92.24
2013-07-02 20:07:00,100.13
2013-07-02 21:07:00,87.49
2013-07-02 22:07:00,94.06
2013-07-02 23:07:00,95.56
2013-07-02 24:07:00,86.93
2013-07-03 01:07:00,101.06
2013-07-03 02:07:00,94.56
2013-07-03 03:07:00,97.19
2013-07-03 04:07:00,96.4
2013-07-03 05:07:00,89.53
2013-07-03 06:07:00,86.78
2013-07-03 07:07:00,87.37
2013-07-03 08:07:00,94.15
2013-07-03 09:07:00,89.4
2013-07-03 12:07:00,105.69
2013-07-03 13:07:00,100.85
2013-07-03 14:07:00,87.07
2013-07-03 15:07:00,89.79
2013-07-03 16:07:00,91.89
2013-07-03 17:07:00,86.41
2013-07-03 18:07:00,87.77
2013-07-03 19:07:00,89.85
2013-07-03 20:07:00,89.1
2013-07-03 21:07:00,87.24
2013-07-03 22:07:00,92.25
2013-07-03 23:07:00,85.09
2013-07-03 24:07:00,94.3
2013-07-04 01:07:00,87.7
2013-07-04 02:07:00,89.26
2013-07-04 03:07:00,82.1
2013-07-04 04:07:00,89.39
2013-07-04 05:07:00,97.77
2013-07-04 06:07:00,83.2
2013-07-04 07:07:00,82.45
2013-07-04 17:07:00,112
2013-07-04 18:07:00,85.66
2013-07-04 19:07:00,98.64
2013-07-04 20:07:00,90.19
2013-07-04 21:07:00,84.6
2013-07-04 22:07:00,101.58
2013-07-04 23:07:00,94.73
2013-07-04 24:07:00,78.45
2013-07-05 01:07:00,87.28
2013-07-05 03:07:00,88.7
2013-07-05 04:07:00,78.39
2013-07-05 05:07:00,110.6
2013-07-05 06:07:00,81.99
2013-07-05 16:07:00,88.76
2013-07-05 17:07:00,90.3
2013-07-05 18:07:00,84.12
2013-07-05 19:07:00,82.45
2013-07-05 20:07:00,79.99
2013-07-05 21:07:00,78.22
2013-07-05 22:07:00,78.34
2013-07-05 23:07:00,79.81
2013-07-05 24:07:00,77.94
2013-07-06 01:07:00,80.78
2013-07-06 02:07:00,87.97
2013-07-06 03:07:00,81.44
2013-07-06 04:07:00,74.98
2013-07-06 05:07:00,78.8
2013-07-06 06:07:00,94.22
2013-07-06 07:07:00,73.48
2013-07-06 08:07:00,80.07
2013-07-06 09:07:00,79.93
2013-07-06 12:07:00,88.83
2013-07-06 13:07:00,60
2013-07-06 14:07:00,86.52
2013-07-06 16:07:00,85.94
2013-07-06 17:07:00,114.7
2013-07-06 18:07:00,79.77
2013-07-06 19:07:00,83.43
2013-07-06 20:07:00,89.08
2013-07-06 21:07:00,84.5
2013-07-06 22:07:00,55.2
2013-07-06 23:07:00,75.83
2013-07-06 24:07:00,78.65
2013-07-07 01:07:00,90.24
2013-07-07 02:07:00,81.94
2013-07-07 04:07:00,76.43
2013-07-07 05:07:00,75.76
2013-07-07 06:07:00,90.44
2013-07-07 07:07:00,68.59
2013-07-07 08:07:00,53.83
2013-07-07 11:07:00,80.09
2013-07-07 13:07:00,67.52
2013-07-07 18:07:00,71.12
2013-07-07 19:07:00,91.16
2013-07-07 20:07:00,88.7
2013-07-07 21:07:00,81.57
2013-07-07 22:07:00,91.06
2013-07-07 23:07:00,74.22
2013-07-07 24:07:00,74.79
2013-07-08 01:07:00,89.46
2013-07-08 02:07:00,96.9
2013-07-08 03:07:00,71.02
2013-07-08 04:07:00,87.94
2013-07-08 05:07:00,84.46
2013-07-08 06:07:00,99.36
2013-07-08 13:07:00,82.09
2013-07-08 15:07:00,91.34
2013-07-08 16:07:00,104.42
2013-07-08 17:07:00,83.79
2013-07-08 18:07:00,77.36
2013-07-08 19:07:00,84.48
2013-07-08 20:07:00,85.23
2013-07-08 21:07:00,82.01
2013-07-08 22:07:00,80.48
2013-07-08 23:07:00,86.71
2013-07-08 24:07:00,82.24
2013-07-09 01:07:00,90.18
2013-07-09 02:07:00,84.99
2013-07-09 03:07:00,83.66
2013-07-09 04:07:00,76.59
2013-07-09 05:07:00,76.69
2013-07-09 06:07:00,82.42
2013-07-09 07:07:00,106.81
2013-07-09 10:07:00,84.03
2013-07-09 16:07:00,91.51
2013-07-09 17:07:00,79.6
2013-07-09 18:07:00,85.64
2013-07-09 19:07:00,85.85
2013-07-09 20:07:00,82.1
2013-07-09 21:07:00,81.96
2013-07-09 22:07:00,91.85
2013-07-09 23:07:00,89.25
2013-07-09 24:07:00,81.84
2013-07-10 01:07:00,74.44
2013-07-10 02:07:00,90.28
2013-07-10 03:07:00,83.76
2013-07-10 04:07:00,79
2013-07-10 05:07:00,77.02
2013-07-10 06:07:00,92.25
2013-07-10 07:07:00,82.91
2013-07-10 11:07:00,77.16
2013-07-10 13:07:00,92.19
2013-07-10 15:07:00,104.11
2013-07-10 16:07:00,91.82
2013-07-10 17:07:00,79.68
2013-07-10 18:07:00,86.19
2013-07-10 19:07:00,79.69
2013-07-10 20:07:00,84.93
2013-07-10 21:07:00,80.83
2013-07-10 22:07:00,86.03
2013-07-10 23:07:00,88.01
2013-07-10 24:07:00,88.51
2013-07-11 01:07:00,92.16
2013-07-11 02:07:00,96.98
2013-07-11 03:07:00,85.75
2013-07-11 04:07:00,101.09
2013-07-11 05:07:00,91.32
2013-07-11 06:07:00,87.86
2013-07-11 07:07:00,93.97
2013-07-11 08:07:00,101.92
2013-07-11 09:07:00,97.98
2013-07-11 12:07:00,88.97
2013-07-11 14:07:00,96.6
2013-07-11 16:07:00,122.02
2013-07-11 17:07:00,98.11
2013-07-11 18:07:00,86.99
2013-07-11 19:07:00,87.67
2013-07-11 20:07:00,89.18
2013-07-11 21:07:00,93.59
2013-07-11 22:07:00,93.73
2013-07-11 23:07:00,91.76
2013-07-11 24:07:00,99.39
2013-07-12 01:07:00,96.48
2013-07-12 02:07:00,94.93
2013-07-12 03:07:00,98.48
2013-07-12 04:07:00,88.3
2013-07-12 05:07:00,98.54
2013-07-12 06:07:00,88.56
2013-07-12 07:07:00,98.37
2013-07-12 08:07:00,93.16
2013-07-12 10:07:00,88.65
2013-07-12 11:07:00,95.96
2013-07-12 13:07:00,110.89
2013-07-12 14:07:00,136.67
2013-07-12 15:07:00,120.87
2013-07-12 16:07:00,100.65
2013-07-12 17:07:00,114.46
2013-07-12 19:07:00,102.71
2013-07-12 20:07:00,108.2
2013-07-12 21:07:00,107.67
2013-07-12 22:07:00,105.83
2013-07-12 23:07:00,105.38
2013-07-12 24:07:00,107.26
2013-07-13 01:07:00,101.89
2013-07-13 02:07:00,93.9
2013-07-13 03:07:00,104.84
2013-07-13 04:07:00,97.79
2013-07-13 05:07:00,85.43
2013-07-13 06:07:00,102.94
2013-07-13 07:07:00,94.19
2013-07-13 08:07:00,90.43
2013-07-13 10:07:00,89.7
2013-07-13 12:07:00,96.28
2013-07-13 14:07:00,116.51
2013-07-13 15:07:00,125.93
2013-07-13 16:07:00,110.06
2013-07-13 17:07:00,104.93
2013-07-13 18:07:00,106.58
2013-07-13 19:07:00,103.92
2013-07-13 20:07:00,105.34
2013-07-13 21:07:00,104.2
2013-07-13 22:07:00,100.82
2013-07-13 23:07:00,98.59
2013-07-13 24:07:00,106.23
2013-07-14 01:07:00,102.06
2013-07-14 02:07:00,100.32
2013-07-14 03:07:00,128.71
2013-07-14 04:07:00,111.64
2013-07-14 05:07:00,105.95
2013-07-14 06:07:00,100.45
2013-07-14 07:07:00,129.03
2013-07-14 09:07:00,98.14
2013-07-14 11:07:00,132.73
2013-07-14 16:07:00,110.36
2013-07-14 18:07:00,109.25
2013-07-14 19:07:00,112
2013-07-14 20:07:00,118.57
2013-07-14 21:07:00,101.84
2013-07-14 22:07:00,106.23
2013-07-14 23:07:00,104.41
2013-07-14 24:07:00,112.8
2013-07-15 01:07:00,101.67
2013-07-15 02:07:00,93.4
2013-07-15 03:07:00,109.33
2013-07-15 04:07:00,113.96
2013-07-15 05:07:00,92.73
2013-07-15 06:07:00,108.29
2013-07-15 07:07:00,108.43
2013-07-15 08:07:00,97.21
2013-07-15 09:07:00,107.58
2013-07-15 13:07:00,113.85
2013-07-15 15:07:00,87.44
2013-07-15 16:07:00,103.49
2013-07-15 17:07:00,111.22
2013-07-15 18:07:00,111.33
2013-07-15 19:07:00,108.57
2013-07-15 20:07:00,104.14
2013-07-15 21:07:00,104.33
2013-07-15 22:07:00,109.59
2013-07-15 23:07:00,111.64
2013-07-15 24:07:00,108.42
2013-07-16 01:07:00,105.19
2013-07-16 02:07:00,112.23
2013-07-16 03:07:00,111.57
2013-07-16 04:07:00,101.16
2013-07-16 05:07:00,109.55
2013-07-16 06:07:00,116.08
2013-07-16 07:07:00,101.53
2013-07-16 08:07:00,129.87
2013-07-16 16:07:00,107.38
2013-07-16 17:07:00,113.7
2013-07-16 18:07:00,111.73
2013-07-16 19:07:00,100.08
2013-07-16 20:07:00,107.32
2013-07-16 21:07:00,104.52
2013-07-16 22:07:00,104.41
2013-07-16 23:07:00,107.14
2013-07-16 24:07:00,103.35
2013-07-17 01:07:00,110.32
2013-07-17 02:07:00,96.28
2013-07-17 03:07:00,96.31
2013-07-17 04:07:00,113.47
2013-07-17 05:07:00,108.25
2013-07-17 06:07:00,97.3
2013-07-17 07:07:00,99.33
2013-07-17 08:07:00,99.82
2013-07-17 09:07:00,103.38
2013-07-17 10:07:00,132.49
2013-07-17 12:07:00,102.2
2013-07-17 14:07:00,110
2013-07-17 15:07:00,103.1
2013-07-17 16:07:00,107.05
2013-07-17 17:07:00,106.54
2013-07-17 18:07:00,103.77
2013-07-17 19:07:00,108.05
2013-07-17 20:07:00,110.37
2013-07-17 21:07:00,109.09
2013-07-17 22:07:00,107.55
2013-07-17 23:07:00,93.64
2013-07-17 24:07:00,103.81
2013-07-18 01:07:00,112.05
2013-07-18 02:07:00,107.17
2013-07-18 03:07:00,107.55
2013-07-18 04:07:00,100.76
2013-07-18 05:07:00,118.8
2013-07-18 06:07:00,99.18
2013-07-18 07:07:00,121.98
2013-07-18 08:07:00,112.06
2013-07-18 10:07:00,95.99
2013-07-18 14:07:00,126.87
2013-07-18 16:07:00,112.35
2013-07-18 17:07:00,87.38
2013-07-18 18:07:00,101.13
2013-07-18 19:07:00,102.88
2013-07-18 20:07:00,93.2
2013-07-18 21:07:00,93.81
2013-07-18 22:07:00,94.02
2013-07-18 23:07:00,98.47
2013-07-18 24:07:00,101.09
2013-07-19 01:07:00,100.28
2013-07-19 02:07:00,103.68
2013-07-19 03:07:00,104.06
2013-07-19 04:07:00,99.14
2013-07-19 05:07:00,100.81
2013-07-19 06:07:00,105.22
2013-07-19 07:07:00,94.83
2013-07-19 08:07:00,107.91
2013-07-19 09:07:00,93.45
2013-07-19 10:07:00,87.04
2013-07-19 11:07:00,94.24
2013-07-19 14:07:00,107.14
2013-07-19 15:07:00,109.75
2013-07-19 16:07:00,116.17
2013-07-19 17:07:00,95.27
2013-07-19 18:07:00,97.23
2013-07-19 19:07:00,97.36
2013-07-19 20:07:00,104.01
2013-07-19 21:07:00,98.75
2013-07-19 22:07:00,99.52
2013-07-19 23:07:00,100.54
2013-07-19 24:07:00,100.11
2013-07-20 01:07:00,101.34
2013-07-20 02:07:00,99.78
2013-07-20 03:07:00,91.41
2013-07-20 04:07:00,90
2013-07-20 05:07:00,96.87
2013-07-20 06:07:00,113.77
2013-07-20 07:07:00,95.2
2013-07-20 08:07:00,118.39
2013-07-20 09:07:00,101.55
2013-07-20 10:07:00,89.77
2013-07-20 13:07:00,102.97
2013-07-20 16:07:00,124.87
2013-07-20 17:07:00,102.15
2013-07-20 18:07:00,104.71
2013-07-20 19:07:00,104.68
2013-07-20 20:07:00,102.38
2013-07-20 21:07:00,107.38
2013-07-20 22:07:00,100.37
2013-07-20 23:07:00,95.08
2013-07-20 24:07:00,98.74
2013-07-21 01:07:00,105.06
2013-07-21 02:07:00,97.88
2013-07-21 03:07:00,87.3
2013-07-21 04:07:00,112.74
2013-07-21 05:07:00,120.56
2013-07-21 06:07:00,126.23
2013-07-21 09:07:00,121.89
2013-07-21 10:07:00,116.87
2013-07-21 11:07:00,93.24
2013-07-21 16:07:00,118.52
2013-07-21 18:07:00,102.4
2013-07-21 19:07:00,100.62
2013-07-21 20:07:00,103.91
2013-07-21 21:07:00,88.26
2013-07-21 22:07:00,100.16
2013-07-21 23:07:00,105.36
2013-07-21 24:07:00,112.75
2013-07-22 01:07:00,99.7
2013-07-22 02:07:00,91.46
2013-07-22 03:07:00,100.21
2013-07-22 04:07:00,108.14
2013-07-22 05:07:00,104.67
2013-07-22 06:07:00,103.68
2013-07-22 07:07:00,104.63
2013-07-22 09:07:00,88.44
2013-07-22 16:07:00,114.27
2013-07-22 17:07:00,101.88
2013-07-22 18:07:00,100.34
2013-07-22 19:07:00,99.11
2013-07-22 20:07:00,93.15
2013-07-22 21:07:00,98.8
2013-07-22 22:07:00,97.43
2013-07-22 23:07:00,101.71
2013-07-22 24:07:00,99.6
2013-07-23 01:07:00,98.11
2013-07-23 02:07:00,100.68
2013-07-23 03:07:00,101.51
2013-07-23 04:07:00,102.09
2013-07-23 05:07:00,102.13
2013-07-23 06:07:00,99.4
2013-07-23 07:07:00,118.71
2013-07-23 08:07:00,97.38
2013-07-23 09:07:00,101.46
2013-07-23 10:07:00,90.7
2013-07-23 12:07:00,127.13
2013-07-23 13:07:00,100.81
2013-07-23 15:07:00,138.44
2013-07-23 16:07:00,106.48
2013-07-23 17:07:00,102.48
2013-07-23 18:07:00,112.26
2013-07-23 19:07:00,102.2
2013-07-23 20:07:00,105
2013-07-23 21:07:00,104.13
2013-07-23 22:07:00,100.53
2013-07-23 23:07:00,99.74
2013-07-23 24:07:00,104.78
2013-07-24 01:07:00,92.97
2013-07-24 02:07:00,99.16
2013-07-24 03:07:00,106.91
2013-07-24 04:07:00,121.14
2013-07-24 05:07:00,105.29
2013-07-24 06:07:00,100.38
2013-07-24 07:07:00,106.58
2013-07-24 08:07:00,92.27
2013-07-24 09:07:00,109.96
2013-07-24 10:07:00,101.83
2013-07-24 11:07:00,95.76
2013-07-24 12:07:00,127.37
2013-07-24 13:07:00,114.27
2013-07-24 14:07:00,127.53
2013-07-24 15:07:00,106.96
2013-07-24 16:07:00,106.09
2013-07-24 17:07:00,104.66
2013-07-24 18:07:00,104.43
2013-07-24 19:07:00,101.76
2013-07-24 20:07:00,98.12
2013-07-24 21:07:00,98.37
2013-07-24 22:07:00,105
2013-07-24 23:07:00,99.98
2013-07-24 24:07:00,100.79
2013-07-25 01:07:00,95.79
2013-07-25 02:07:00,96.61
2013-07-25 03:07:00,101.86
2013-07-25 04:07:00,99.11
2013-07-25 05:07:00,100.98
2013-07-25 06:07:00,112.18
2013-07-25 07:07:00,112.98
2013-07-25 08:07:00,99.23
2013-07-25 09:07:00,90.19
2013-07-25 12:07:00,124.8
2013-07-25 14:07:00,111.28
2013-07-25 16:07:00,97.94
2013-07-25 17:07:00,109.63
2013-07-25 18:07:00,108.23
2013-07-25 19:07:00,104.67
2013-07-25 20:07:00,103.65
2013-07-25 21:07:00,92.21
2013-07-25 22:07:00,99.53
2013-07-25 23:07:00,101.85
2013-07-25 24:07:00,102.89
2013-07-26 01:07:00,104.14
2013-07-26 02:07:00,106.2
2013-07-26 03:07:00,108.57
2013-07-26 04:07:00,108.28
2013-07-26 05:07:00,99.48
2013-07-26 06:07:00,100.59
2013-07-26 07:07:00,122.36
2013-07-26 08:07:00,101.76
2013-07-26 09:07:00,95.97
2013-07-26 10:07:00,115.22
2013-07-26 12:07:00,107.13
2013-07-26 13:07:00,116.17
2013-07-26 14:07:00,98.07
2013-07-26 15:07:00,104.36
2013-07-26 16:07:00,101.38
2013-07-26 17:07:00,107.52
2013-07-26 18:07:00,103.45
2013-07-26 19:07:00,104.95
2013-07-26 20:07:00,103.9
2013-07-26 21:07:00,103.81
2013-07-26 22:07:00,102.94
2013-07-26 23:07:00,103.08
2013-07-26 24:07:00,100.91
2013-07-27 01:07:00,100.7
2013-07-27 02:07:00,103.35
2013-07-27 03:07:00,104.39
2013-07-27 04:07:00,100.71
2013-07-27 05:07:00,100.68
2013-07-27 06:07:00,100.98
2013-07-27 07:07:00,115.92
2013-07-27 08:07:00,100.82
2013-07-27 09:07:00,118.93
2013-07-27 10:07:00,96.02
2013-07-27 14:07:00,100.47
2013-07-27 15:07:00,111.03
2013-07-27 16:07:00,117.38
2013-07-27 17:07:00,117.93
2013-07-27 18:07:00,101.86
2013-07-27 19:07:00,99.37
2013-07-27 20:07:00,103.62
2013-07-27 21:07:00,104.87
2013-07-27 22:07:00,105.8
2013-07-27 23:07:00,101.41
2013-07-27 24:07:00,102.91
2013-07-28 01:07:00,83.56
2013-07-28 02:07:00,107.95
2013-07-28 03:07:00,102.8
2013-07-28 04:07:00,101
2013-07-28 05:07:00,112.2
2013-07-28 06:07:00,107.08
2013-07-28 07:07:00,96.29
2013-07-28 08:07:00,130.81
2013-07-28 09:07:00,100.12
2013-07-28 10:07:00,135.1
2013-07-28 13:07:00,118.75
2013-07-28 14:07:00,123.81
2013-07-28 16:07:00,113.05
2013-07-28 18:07:00,105.71
2013-07-28 19:07:00,118.98
2013-07-28 20:07:00,95.13
2013-07-28 21:07:00,104.79
2013-07-28 22:07:00,124.25
2013-07-28 23:07:00,114.6
2013-07-28 24:07:00,110.45
2013-07-29 01:07:00,114.12
2013-07-29 02:07:00,118.16
2013-07-29 03:07:00,110.33
2013-07-29 04:07:00,102.26
2013-07-29 05:07:00,100.64
2013-07-29 06:07:00,99.89
2013-07-29 07:07:00,101.56
2013-07-29 08:07:00,106.45
2013-07-29 09:07:00,116.22
2013-07-29 10:07:00,131.25
2013-07-29 11:07:00,125.37
2013-07-29 13:07:00,156.07
2013-07-29 14:07:00,153.39
2013-07-29 15:07:00,101.8
2013-07-29 16:07:00,102.38
2013-07-29 17:07:00,107.92
2013-07-29 18:07:00,108
2013-07-29 19:07:00,106.14
2013-07-29 20:07:00,108.58
2013-07-29 21:07:00,107.09
2013-07-29 22:07:00,109.17
2013-07-29 23:07:00,107.67
2013-07-29 24:07:00,107.49
2013-07-30 01:07:00,106.59
2013-07-30 02:07:00,112.61
2013-07-30 03:07:00,104.25
2013-07-30 04:07:00,106.09
2013-07-30 05:07:00,98.13
2013-07-30 06:07:00,103.89
2013-07-30 07:07:00,102.02
2013-07-30 08:07:00,101.75
2013-07-30 10:07:00,104
2013-07-30 11:07:00,103.67
2013-07-30 12:07:00,104.28
2013-07-30 13:07:00,111.11
2013-07-30 14:07:00,102.19
2013-07-30 15:07:00,99.99
2013-07-30 16:07:00,123.52
2013-07-30 17:07:00,113.94
2013-07-30 18:07:00,108.55
2013-07-30 19:07:00,104.75
2013-07-30 20:07:00,107.87
2013-07-30 21:07:00,110.91
2013-07-30 22:07:00,105.95
2013-07-30 23:07:00,104.59
2013-07-30 24:07:00,108.53
2013-07-31 01:07:00,104.47
2013-07-31 02:07:00,106.85
2013-07-31 03:07:00,112.97
2013-07-31 04:07:00,112.78
2013-07-31 05:07:00,107.09
2013-07-31 06:07:00,108.34
2013-07-31 07:07:00,103.95
2013-07-31 08:07:00,103.71
2013-07-31 09:07:00,107.45
2013-07-31 10:07:00,107.8
2013-07-31 11:07:00,115.08
2013-07-31 15:07:00,125.78
2013-07-31 16:07:00,131.27
2013-07-31 17:07:00,119.27
2013-07-31 18:07:00,123.03
2013-07-31 19:07:00,115.21
2013-07-31 20:07:00,106.98
2013-07-31 21:07:00,108.38
2013-07-31 22:07:00,107.32
2013-07-31 23:07:00,110.25
2013-07-31 24:07:00,111.25
2013-08-01 01:08:00,111.64
2013-08-01 02:08:00,111.66
2013-08-01 03:08:00,105.47
2013-08-01 04:08:00,114.69
2013-08-01 05:08:00,125.14
2013-08-01 06:08:00,117.69
2013-08-01 07:08:00,113.49
2013-08-01 08:08:00,107.32
2013-08-01 09:08:00,103.11
2013-08-01 10:08:00,104.76
2013-08-01 11:08:00,133.37
2013-08-01 12:08:00,103.1
2013-08-01 15:08:00,127.11
2013-08-01 16:08:00,109.96
2013-08-01 17:08:00,114.41
2013-08-01 18:08:00,111.39
2013-08-01 19:08:00,109.1
2013-08-01 20:08:00,110.56
2013-08-01 21:08:00,110.1
2013-08-01 22:08:00,110.61
2013-08-01 23:08:00,109.12
2013-08-01 24:08:00,93.4
2013-08-02 01:08:00,96.76
2013-08-02 02:08:00,106.88
2013-08-02 03:08:00,108.93
2013-08-02 04:08:00,109.56
2013-08-02 05:08:00,114.99
2013-08-02 06:08:00,104.57
2013-08-02 07:08:00,116.34
2013-08-02 08:08:00,110.13
2013-08-02 11:08:00,112.97
2013-08-02 14:08:00,111.14
2013-08-02 15:08:00,146.16
2013-08-02 16:08:00,113.14
2013-08-02 17:08:00,99.32
2013-08-02 18:08:00,111.89
2013-08-02 19:08:00,111.94
2013-08-02 20:08:00,111.26
2013-08-02 21:08:00,113.65
2013-08-02 22:08:00,109.22
2013-08-02 23:08:00,111.64
2013-08-02 24:08:00,107.52
2013-08-03 01:08:00,102.47
2013-08-03 02:08:00,107.24
2013-08-03 03:08:00,108.83
2013-08-03 04:08:00,86.22
2013-08-03 05:08:00,112.9
2013-08-03 06:08:00,105.75
2013-08-03 07:08:00,113.46
2013-08-03 08:08:00,113.14
2013-08-03 09:08:00,100.17
2013-08-03 12:08:00,133.39
2013-08-03 15:08:00,113.68
2013-08-03 16:08:00,110.16
2013-08-03 17:08:00,117.78
2013-08-03 18:08:00,116.75
2013-08-03 19:08:00,107.29
2013-08-03 20:08:00,113.18
2013-08-03 21:08:00,110.46
2013-08-03 22:08:00,111.41
2013-08-03 23:08:00,114.14
2013-08-03 24:08:00,107.02
2013-08-04 01:08:00,110.24
2013-08-04 02:08:00,105.1
2013-08-04 03:08:00,112.27
2013-08-04 04:08:00,107.51
2013-08-04 05:08:00,103.57
2013-08-04 07:08:00,120.98
2013-08-04 08:08:00,117.88
2013-08-04 09:08:00,111.83
2013-08-04 10:08:00,128.35
2013-08-04 11:08:00,138.31
2013-08-04 14:08:00,146.06
2013-08-04 18:08:00,116.33
2013-08-04 19:08:00,116.01
2013-08-04 20:08:00,120.3
2013-08-04 21:08:00,115.16
2013-08-04 22:08:00,118.72
2013-08-04 23:08:00,109.95
2013-08-04 24:08:00,105.75
2013-08-05 01:08:00,106.8
2013-08-05 02:08:00,116.82
2013-08-05 03:08:00,121.09
2013-08-05 04:08:00,105.05
2013-08-05 05:08:00,106.28
2013-08-05 06:08:00,109.14
2013-08-05 07:08:00,104.4
2013-08-05 08:08:00,112.21
2013-08-05 09:08:00,105.15
2013-08-05 10:08:00,139.66
2013-08-05 11:08:00,125.59
2013-08-05 13:08:00,104.72
2013-08-05 14:08:00,117.17
2013-08-05 15:08:00,110.74
2013-08-05 16:08:00,117.34
2013-08-05 17:08:00,114.03
2013-08-05 18:08:00,112.04
2013-08-05 19:08:00,111.89
2013-08-05 20:08:00,110.65
2013-08-05 21:08:00,111.02
2013-08-05 22:08:00,111.22
2013-08-05 23:08:00,111.81
2013-08-05 24:08:00,114.87
2013-08-06 01:08:00,115.13
2013-08-06 02:08:00,108.62
2013-08-06 03:08:00,109.33
2013-08-06 04:08:00,112.42
2013-08-06 05:08:00,106.56
2013-08-06 06:08:00,107.65
2013-08-06 07:08:00,110.52
2013-08-06 08:08:00,117.92
2013-08-06 09:08:00,102.83
2013-08-06 10:08:00,110.75
2013-08-06 11:08:00,111.94
2013-08-06 12:08:00,100.13
2013-08-06 15:08:00,149.13
2013-08-06 16:08:00,132.72
2013-08-06 17:08:00,112.12
2013-08-06 18:08:00,113.04
2013-08-06 19:08:00,107.71
2013-08-06 20:08:00,95.84
2013-08-06 21:08:00,109.66
2013-08-06 22:08:00,107.18
2013-08-06 23:08:00,108.73
2013-08-06 24:08:00,108.22
2013-08-07 01:08:00,107.16
2013-08-07 02:08:00,112.16
2013-08-07 03:08:00,111.97
2013-08-07 04:08:00,105.18
2013-08-07 05:08:00,103.69
2013-08-07 06:08:00,104.86
2013-08-07 07:08:00,104.64
2013-08-07 08:08:00,110.83
2013-08-07 09:08:00,102.03
2013-08-07 10:08:00,111.65
2013-08-07 14:08:00,145.86
2013-08-07 16:08:00,107.28
2013-08-07 17:08:00,112.07
2013-08-07 18:08:00,108.26
2013-08-07 19:08:00,107.41
2013-08-07 20:08:00,110.28
2013-08-07 21:08:00,109.02
2013-08-07 22:08:00,106.76
2013-08-07 23:08:00,105.62
2013-08-07 24:08:00,107.11
2013-08-08 01:08:00,108.07
2013-08-08 02:08:00,108.69
2013-08-08 03:08:00,103.8
2013-08-08 04:08:00,103.93
2013-08-08 05:08:00,102.05
2013-08-08 06:08:00,103.79
2013-08-08 07:08:00,123.55
2013-08-08 08:08:00,122.27
2013-08-08 10:08:00,91.19
2013-08-08 11:08:00,110.22
2013-08-08 12:08:00,101.29
2013-08-08 14:08:00,127.06
2013-08-08 16:08:00,99.3
2013-08-08 17:08:00,110.81
2013-08-08 18:08:00,108.29
2013-08-08 19:08:00,108.31
2013-08-08 20:08:00,107.41
2013-08-08 21:08:00,105.1
2013-08-08 22:08:00,104.72
2013-08-08 23:08:00,103.88
2013-08-08 24:08:00,108.37
2013-08-09 01:08:00,104.91
2013-08-09 02:08:00,103.96
2013-08-09 03:08:00,83.76
2013-08-09 04:08:00,106.76
2013-08-09 05:08:00,105.04
2013-08-09 06:08:00,103
2013-08-09 07:08:00,112.67
2013-08-09 08:08:00,112.28
2013-08-09 09:08:00,98.73
2013-08-09 10:08:00,110.16
2013-08-09 11:08:00,105.23
2013-08-09 14:08:00,104.1
2013-08-09 16:08:00,104.96
2013-08-09 17:08:00,108.53
2013-08-09 18:08:00,105.45
2013-08-09 19:08:00,104.62
2013-08-09 20:08:00,105.02
2013-08-09 21:08:00,105.38
2013-08-09 22:08:00,106.02
2013-08-09 23:08:00,104.64
2013-08-09 24:08:00,104.41
2013-08-10 01:08:00,102.2
2013-08-10 02:08:00,107.43
2013-08-10 03:08:00,108.53
2013-08-10 04:08:00,106.83
2013-08-10 05:08:00,103.59
2013-08-10 06:08:00,103.79
2013-08-10 07:08:00,101.72
2013-08-10 08:08:00,89.67
2013-08-10 09:08:00,100.36
2013-08-10 10:08:00,111.03
2013-08-10 11:08:00,136.76
2013-08-10 13:08:00,102.67
2013-08-10 14:08:00,97.36
2013-08-10 16:08:00,117.78
2013-08-10 17:08:00,108.42
2013-08-10 18:08:00,106.24
2013-08-10 19:08:00,106.06
2013-08-10 20:08:00,99.57
2013-08-10 21:08:00,101.32
2013-08-10 22:08:00,104.27
2013-08-10 23:08:00,102.81
2013-08-10 24:08:00,97.99
2013-08-11 01:08:00,105.84
2013-08-11 02:08:00,103.97
2013-08-11 03:08:00,113.65
2013-08-11 04:08:00,107.19
2013-08-11 05:08:00,99.84
2013-08-11 06:08:00,115.72
2013-08-11 07:08:00,110.71
2013-08-11 08:08:00,111.85
2013-08-11 09:08:00,111.88
2013-08-11 12:08:00,110.68
2013-08-11 13:08:00,103.18
2013-08-11 14:08:00,134.17
2013-08-11 15:08:00,110.19
2013-08-11 16:08:00,100.93
2013-08-11 18:08:00,108.88
2013-08-11 19:08:00,111.83
2013-08-11 20:08:00,107.66
2013-08-11 21:08:00,105.95
2013-08-11 22:08:00,108.46
2013-08-11 23:08:00,106.81
2013-08-11 24:08:00,114.06
2013-08-12 01:08:00,112.15
2013-08-12 02:08:00,108.82
2013-08-12 03:08:00,113.57
2013-08-12 04:08:00,107.42
2013-08-12 05:08:00,107.94
2013-08-12 06:08:00,111.46
2013-08-12 07:08:00,104.71
2013-08-12 08:08:00,111.45
2013-08-12 09:08:00,100.1
2013-08-12 10:08:00,107.89
2013-08-12 11:08:00,111.53
2013-08-12 12:08:00,116.48
2013-08-12 13:08:00,103.36
2013-08-12 14:08:00,145.87
2013-08-12 15:08:00,145.23
2013-08-12 16:08:00,109.81
2013-08-12 17:08:00,109.68
2013-08-12 18:08:00,105.04
2013-08-12 19:08:00,106.66
2013-08-12 20:08:00,105.19
2013-08-12 21:08:00,105.89
2013-08-12 22:08:00,106.52
2013-08-12 23:08:00,104.2
2013-08-12 24:08:00,108.18
2013-08-13 01:08:00,109.15
2013-08-13 02:08:00,107.64
2013-08-13 03:08:00,108.47
2013-08-13 04:08:00,109.18
2013-08-13 05:08:00,112.53
2013-08-13 06:08:00,103.82
2013-08-13 07:08:00,106.11
2013-08-13 08:08:00,105.58
2013-08-13 09:08:00,116.36
2013-08-13 10:08:00,137.18
2013-08-13 11:08:00,107.13
2013-08-13 14:08:00,112.82
2013-08-13 15:08:00,99.04
2013-08-13 16:08:00,110.09
2013-08-13 17:08:00,108.51
2013-08-13 18:08:00,109.22
2013-08-13 19:08:00,110.47
2013-08-13 20:08:00,107.52
2013-08-13 21:08:00,110.08
2013-08-13 22:08:00,103.68
2013-08-13 23:08:00,106.8
2013-08-13 24:08:00,113.56
2013-08-14 01:08:00,112.62
2013-08-14 02:08:00,112.16
2013-08-14 03:08:00,87.76
2013-08-14 04:08:00,108.64
2013-08-14 05:08:00,112.17
2013-08-14 06:08:00,100.67
2013-08-14 07:08:00,115.48
2013-08-14 08:08:00,108.72
2013-08-14 09:08:00,119.45
2013-08-14 10:08:00,101.6
2013-08-14 11:08:00,108.5
2013-08-14 12:08:00,106.11
2013-08-14 13:08:00,103.08
2013-08-14 14:08:00,142.81
2013-08-14 15:08:00,108.34
2013-08-14 16:08:00,116.64
2013-08-14 17:08:00,111.92
2013-08-14 18:08:00,108.94
2013-08-14 19:08:00,111.88
2013-08-14 20:08:00,111.74
2013-08-14 21:08:00,110.92
2013-08-14 22:08:00,109.32
2013-08-14 23:08:00,112.93
2013-08-14 24:08:00,111.81
2013-08-15 01:08:00,111.82
2013-08-15 02:08:00,113.1
2013-08-15 03:08:00,115.39
2013-08-15 04:08:00,116.53
2013-08-15 05:08:00,121.43
2013-08-15 06:08:00,108.14
2013-08-15 07:08:00,103.52
2013-08-15 08:08:00,104.76
2013-08-15 09:08:00,127.72
2013-08-15 10:08:00,104.36
2013-08-15 11:08:00,106.87
2013-08-15 12:08:00,109.17
2013-08-15 14:08:00,126.82
2013-08-15 15:08:00,115.19
2013-08-15 16:08:00,104.56
2013-08-15 17:08:00,105.21
2013-08-15 18:08:00,108.72
2013-08-15 19:08:00,107.29
2013-08-15 20:08:00,109.09
2013-08-15 21:08:00,108.11
2013-08-15 22:08:00,107.73
2013-08-15 23:08:00,112.52
2013-08-15 24:08:00,108.4
2013-08-16 01:08:00,106.92
2013-08-16 02:08:00,109.37
2013-08-16 03:08:00,104.95
2013-08-16 04:08:00,108.38
2013-08-16 05:08:00,103.87
2013-08-16 06:08:00,105.61
2013-08-16 07:08:00,110.54
2013-08-16 08:08:00,108.49
2013-08-16 09:08:00,133.58
2013-08-16 10:08:00,138.74
2013-08-16 11:08:00,104.58
2013-08-16 12:08:00,116.32
2013-08-16 14:08:00,110.94
2013-08-16 15:08:00,116.24
2013-08-16 16:08:00,108.62
2013-08-16 17:08:00,110.63
2013-08-16 18:08:00,117.9
2013-08-16 19:08:00,108.47
2013-08-16 20:08:00,107.6
2013-08-16 21:08:00,108.17
2013-08-16 22:08:00,107.11
2013-08-16 23:08:00,106.78
2013-08-16 24:08:00,108.94
2013-08-17 01:08:00,109.09
2013-08-17 02:08:00,111.35
2013-08-17 03:08:00,111.1
2013-08-17 04:08:00,107.71
2013-08-17 05:08:00,105.26
2013-08-17 06:08:00,111.9
2013-08-17 07:08:00,109.59
2013-08-17 08:08:00,107.95
2013-08-17 10:08:00,103.42
2013-08-17 13:08:00,104.17
2013-08-17 15:08:00,103.86
2013-08-17 17:08:00,108.37
2013-08-17 18:08:00,108.87
2013-08-17 19:08:00,109.41
2013-08-17 20:08:00,119.06
2013-08-17 21:08:00,107.98
2013-08-17 22:08:00,113.66
2013-08-17 23:08:00,108.42
2013-08-17 24:08:00,111.52
2013-08-18 01:08:00,110.53
2013-08-18 02:08:00,122.68
2013-08-18 03:08:00,110.83
2013-08-18 04:08:00,108.58
2013-08-18 05:08:00,117.97
2013-08-18 06:08:00,108.23
2013-08-18 07:08:00,112.66
2013-08-18 08:08:00,120.74
2013-08-18 09:08:00,116.73
2013-08-18 10:08:00,145.34
2013-08-18 12:08:00,118.76
2013-08-18 13:08:00,107.45
2013-08-18 15:08:00,114.04
2013-08-18 16:08:00,100.45
2013-08-18 17:08:00,117.24
2013-08-18 18:08:00,111.85
2013-08-18 19:08:00,113.93
2013-08-18 20:08:00,118.53
2013-08-18 21:08:00,121.77
2013-08-18 22:08:00,116.11
2013-08-18 23:08:00,113.99
2013-08-18 24:08:00,102.94
2013-08-19 01:08:00,115.2
2013-08-19 02:08:00,114.21
2013-08-19 03:08:00,108.03
2013-08-19 04:08:00,117.68
2013-08-19 05:08:00,104.27
2013-08-19 06:08:00,114.03
2013-08-19 07:08:00,111.06
2013-08-19 08:08:00,109.86
2013-08-19 10:08:00,112.97
2013-08-19 11:08:00,110.51
2013-08-19 12:08:00,145.2
2013-08-19 14:08:00,124
2013-08-19 15:08:00,93.6
2013-08-19 16:08:00,116.4
2013-08-19 17:08:00,116.18
2013-08-19 18:08:00,114.43
2013-08-19 19:08:00,115.5
2013-08-19 20:08:00,114.83
2013-08-19 21:08:00,112.28
2013-08-19 22:08:00,114.29
2013-08-19 23:08:00,107.91
2013-08-19 24:08:00,113.88
2013-08-20 01:08:00,111.15
2013-08-20 02:08:00,115.21
2013-08-20 03:08:00,112.59
2013-08-20 04:08:00,115.26
2013-08-20 05:08:00,111.45
2013-08-20 06:08:00,124.22
2013-08-20 07:08:00,109.94
2013-08-20 08:08:00,120.87
2013-08-20 09:08:00,113.66
2013-08-20 11:08:00,101.57
2013-08-20 13:08:00,110.18
2013-08-20 14:08:00,123.22
2013-08-20 15:08:00,117.8
2013-08-20 16:08:00,116.76
2013-08-20 17:08:00,116.07
2013-08-20 18:08:00,111.61
2013-08-20 19:08:00,116.04
2013-08-20 20:08:00,113.1
2013-08-20 21:08:00,116.78
2013-08-20 22:08:00,114.41
2013-08-20 23:08:00,116.64
2013-08-20 24:08:00,113.88
2013-08-21 01:08:00,112.93
2013-08-21 02:08:00,110.82
2013-08-21 03:08:00,117.66
2013-08-21 04:08:00,127.34
2013-08-21 05:08:00,126.12
2013-08-21 06:08:00,117.82
2013-08-21 07:08:00,126.87
2013-08-21 08:08:00,133.9
2013-08-21 09:08:00,155.99
2013-08-21 12:08:00,119.52
2013-08-21 14:08:00,116.13
2013-08-21 15:08:00,119.47
2013-08-21 16:08:00,119.5
2013-08-21 17:08:00,122.49
2013-08-21 18:08:00,113.32
2013-08-21 19:08:00,114.29
2013-08-21 20:08:00,115.26
2013-08-21 21:08:00,117.86
2013-08-21 22:08:00,118.47
2013-08-21 23:08:00,120.17
2013-08-21 24:08:00,121.09
2013-08-22 01:08:00,122.4
2013-08-22 02:08:00,130.95
2013-08-22 03:08:00,114.28
2013-08-22 04:08:00,126.09
2013-08-22 05:08:00,117.32
2013-08-22 06:08:00,121.88
2013-08-22 07:08:00,115.32
2013-08-22 08:08:00,119.7
2013-08-22 09:08:00,134.41
2013-08-22 10:08:00,116.34
2013-08-22 11:08:00,129.14
2013-08-22 13:08:00,123.08
2013-08-22 14:08:00,109.93
2013-08-22 15:08:00,97.56
2013-08-22 16:08:00,127.17
2013-08-22 17:08:00,121.14
2013-08-22 18:08:00,122.16
2013-08-22 19:08:00,118.38
2013-08-22 20:08:00,118.6
2013-08-22 21:08:00,118.72
2013-08-22 22:08:00,113.33
2013-08-22 23:08:00,116.92
2013-08-22 24:08:00,108.28
2013-08-23 01:08:00,112.71
2013-08-23 02:08:00,114.27
2013-08-23 03:08:00,117.65
2013-08-23 04:08:00,118.32
2013-08-23 05:08:00,118.9
2013-08-23 06:08:00,115.45
2013-08-23 07:08:00,119.53
2013-08-23 08:08:00,115.28
2013-08-23 09:08:00,115.59
2013-08-23 10:08:00,119.99
2013-08-23 11:08:00,110.67
2013-08-23 12:08:00,114
2013-08-23 13:08:00,120.16
2013-08-23 14:08:00,153.8
2013-08-23 15:08:00,112.97
2013-08-23 16:08:00,122.21
2013-08-23 17:08:00,114.55
2013-08-23 18:08:00,118.26
2013-08-23 19:08:00,116.55
2013-08-23 20:08:00,114.55
2013-08-23 21:08:00,116.81
2013-08-23 22:08:00,115.73
2013-08-23 23:08:00,116.96
2013-08-23 24:08:00,112.06
2013-08-24 01:08:00,116.59
2013-08-24 02:08:00,116.03
2013-08-24 03:08:00,107.26
2013-08-24 04:08:00,111.74
2013-08-24 05:08:00,118.95
2013-08-24 06:08:00,113.76
2013-08-24 07:08:00,143.96
2013-08-24 08:08:00,122.11
2013-08-24 09:08:00,111.55
2013-08-24 11:08:00,157.88
2013-08-24 13:08:00,110.56
2013-08-24 15:08:00,121.47
2013-08-24 16:08:00,114.52
2013-08-24 17:08:00,116.66
2013-08-24 18:08:00,117.1
2013-08-24 19:08:00,114.44
2013-08-24 20:08:00,117.5
2013-08-24 21:08:00,115.09
2013-08-24 22:08:00,124.83
2013-08-24 23:08:00,114.81
2013-08-24 24:08:00,109.48
2013-08-25 01:08:00,105.76
2013-08-25 02:08:00,121.01
2013-08-25 03:08:00,116.89
2013-08-25 04:08:00,110.21
2013-08-25 05:08:00,105.7
2013-08-25 06:08:00,112.63
2013-08-25 07:08:00,115.06
2013-08-25 08:08:00,143.31
2013-08-25 09:08:00,137.14
2013-08-25 10:08:00,132.67
2013-08-25 11:08:00,111.82
2013-08-25 12:08:00,121.4
2013-08-25 13:08:00,114.33
2013-08-25 14:08:00,122.63
2013-08-25 16:08:00,121.6
2013-08-25 17:08:00,133.26
2013-08-25 18:08:00,152.23
2013-08-25 19:08:00,117.06
2013-08-25 20:08:00,112.86
2013-08-25 21:08:00,118.64
2013-08-25 22:08:00,120.13
2013-08-25 23:08:00,133.54
2013-08-25 24:08:00,132.55
2013-08-26 01:08:00,119.44
2013-08-26 02:08:00,115.26
2013-08-26 03:08:00,118.88
2013-08-26 04:08:00,122.99
2013-08-26 05:08:00,121.26
2013-08-26 06:08:00,120.92
2013-08-26 07:08:00,117.59
2013-08-26 08:08:00,133.94
2013-08-26 09:08:00,125.38
2013-08-26 10:08:00,119.43
2013-08-26 11:08:00,132.78
2013-08-26 12:08:00,103.72
2013-08-26 13:08:00,116.96
2013-08-26 14:08:00,110.77
2013-08-26 15:08:00,125.06
2013-08-26 16:08:00,122.89
2013-08-26 17:08:00,119.27
2013-08-26 18:08:00,118.27
2013-08-26 19:08:00,122.4
2013-08-26 20:08:00,122.47
2013-08-26 21:08:00,121.42
2013-08-26 22:08:00,115.49
2013-08-26 23:08:00,118.95
2013-08-26 24:08:00,119.65
2013-08-27 01:08:00,120.5
2013-08-27 02:08:00,122.27
2013-08-27 03:08:00,122.87
2013-08-27 04:08:00,120.4
2013-08-27 05:08:00,119.96
2013-08-27 06:08:00,127.65
2013-08-27 07:08:00,141.22
2013-08-27 08:08:00,125.42
2013-08-27 09:08:00,118.93
2013-08-27 10:08:00,125.04
2013-08-27 11:08:00,175.95
2013-08-27 12:08:00,177.3
2013-08-27 13:08:00,141.27
2013-08-27 14:08:00,118.89
2013-08-27 15:08:00,139.78
2013-08-27 16:08:00,123.11
2013-08-27 17:08:00,125.11
2013-08-27 18:08:00,122.93
2013-08-27 19:08:00,125.07
2013-08-27 20:08:00,126.33
2013-08-27 21:08:00,123.84
2013-08-27 22:08:00,126.71
2013-08-27 23:08:00,125.72
2013-08-27 24:08:00,123.91
2013-08-28 01:08:00,122.94
2013-08-28 02:08:00,136.14
2013-08-28 03:08:00,123.41
2013-08-28 04:08:00,120.2
2013-08-28 05:08:00,131.07
2013-08-28 06:08:00,122.61
2013-08-28 07:08:00,125.71
2013-08-28 08:08:00,128.47
2013-08-28 09:08:00,128.19
2013-08-28 10:08:00,152.88
2013-08-28 11:08:00,128.83
2013-08-28 12:08:00,116.93
2013-08-28 13:08:00,145.88
2013-08-28 15:08:00,131.09
2013-08-28 16:08:00,124.88
2013-08-28 17:08:00,128.93
2013-08-28 18:08:00,129.53
2013-08-28 19:08:00,132.4
2013-08-28 20:08:00,126.61
2013-08-28 21:08:00,129.92
2013-08-28 22:08:00,129.41
2013-08-28 23:08:00,127.46
2013-08-28 24:08:00,127.18
2013-08-29 01:08:00,126.7
2013-08-29 02:08:00,130.86
2013-08-29 03:08:00,129.99
2013-08-29 04:08:00,131.69
2013-08-29 05:08:00,126.31
2013-08-29 06:08:00,137.26
2013-08-29 07:08:00,133.36
2013-08-29 08:08:00,131.44
2013-08-29 09:08:00,128.17
2013-08-29 10:08:00,137.01
2013-08-29 11:08:00,116.88
2013-08-29 13:08:00,121.8
2013-08-29 15:08:00,162.06
2013-08-29 16:08:00,124.3
2013-08-29 17:08:00,126.95
2013-08-29 18:08:00,125.61
2013-08-29 19:08:00,129.32
2013-08-29 20:08:00,126.01
2013-08-29 21:08:00,127.12
2013-08-29 22:08:00,125.52
2013-08-29 23:08:00,126.49
2013-08-29 24:08:00,125.81
2013-08-30 01:08:00,127.38
2013-08-30 02:08:00,126.39
2013-08-30 03:08:00,119.89
2013-08-30 04:08:00,125.76
2013-08-30 05:08:00,126.82
2013-08-30 06:08:00,123.33
2013-08-30 07:08:00,131.44
2013-08-30 08:08:00,120.82
2013-08-30 09:08:00,121.7
2013-08-30 11:08:00,122.44
2013-08-30 13:08:00,105.62
2013-08-30 16:08:00,126.72
2013-08-30 17:08:00,131.57
2013-08-30 18:08:00,125.12
2013-08-30 19:08:00,125.37
2013-08-30 20:08:00,124.83
2013-08-30 21:08:00,135.25
2013-08-30 22:08:00,128.3
2013-08-30 23:08:00,129.35
2013-08-30 24:08:00,129.99
2013-08-31 01:08:00,134.4
2013-08-31 02:08:00,131.43
2013-08-31 03:08:00,134.47
2013-08-31 04:08:00,134.5
2013-08-31 05:08:00,131.62
2013-08-31 06:08:00,140.47
2013-08-31 07:08:00,138.92
2013-08-31 08:08:00,129.35
2013-08-31 09:08:00,123.81
2013-08-31 10:08:00,141.71
2013-08-31 11:08:00,132.68
2013-08-31 16:08:00,183.14
2013-08-31 17:08:00,136.24
2013-08-31 18:08:00,137.24
2013-08-31 19:08:00,140.25
2013-08-31 20:08:00,139.99
2013-08-31 21:08:00,137.46
2013-08-31 22:08:00,139.22
2013-08-31 23:08:00,140.72
2013-08-31 24:08:00,141.96
2013-09-01 01:09:00,144.16
2013-09-01 02:09:00,151.31
2013-09-01 03:09:00,137.25
2013-09-01 04:09:00,142.2
2013-09-01 05:09:00,131.66
2013-09-01 06:09:00,135.14
2013-09-01 07:09:00,138.39
2013-09-01 08:09:00,168.97
2013-09-01 09:09:00,130.49
2013-09-01 10:09:00,154.53
2013-09-01 12:09:00,132.46
2013-09-01 15:09:00,137.4
2013-09-01 16:09:00,156.24
2013-09-01 17:09:00,140.75
2013-09-01 18:09:00,142.15
2013-09-01 19:09:00,149.47
2013-09-01 20:09:00,149.36
2013-09-01 21:09:00,161.69
2013-09-01 22:09:00,153.47
2013-09-01 23:09:00,132.39
2013-09-01 24:09:00,141.48
2013-09-02 01:09:00,136.93
2013-09-02 02:09:00,144.17
2013-09-02 03:09:00,154.2
2013-09-02 04:09:00,155.94
2013-09-02 05:09:00,143.92
2013-09-02 06:09:00,155.22
2013-09-02 07:09:00,144.24
2013-09-02 08:09:00,154.97
2013-09-02 09:09:00,142.37
2013-09-02 10:09:00,144.23
2013-09-02 11:09:00,139.7
2013-09-02 15:09:00,130.74
2013-09-02 17:09:00,141.62
2013-09-02 18:09:00,162.08
2013-09-02 19:09:00,151.3
2013-09-02 20:09:00,137.07
2013-09-02 21:09:00,158.08
2013-09-02 22:09:00,158.15
2013-09-02 23:09:00,146.86
2013-09-02 24:09:00,134.24
2013-09-03 01:09:00,153.43
2013-09-03 02:09:00,131.57
2013-09-03 03:09:00,147.27
2013-09-03 04:09:00,149.02
2013-09-03 05:09:00,141.94
2013-09-03 06:09:00,141.86
2013-09-03 07:09:00,142.79
2013-09-03 08:09:00,151.77
2013-09-03 09:09:00,143.54
2013-09-03 10:09:00,134.61
2013-09-03 11:09:00,142.75
2013-09-03 13:09:00,144.11
2013-09-03 14:09:00,173.35
2013-09-03 15:09:00,141.32
2013-09-03 16:09:00,144.14
2013-09-03 17:09:00,134.84
2013-09-03 18:09:00,136.51
2013-09-03 19:09:00,140.01
2013-09-03 20:09:00,139.13
2013-09-03 21:09:00,136.5
2013-09-03 22:09:00,136.38
2013-09-03 23:09:00,138.04
2013-09-03 24:09:00,137.38
2013-09-04 01:09:00,139.85
2013-09-04 02:09:00,139.75
2013-09-04 03:09:00,138.81
2013-09-04 04:09:00,151.4
2013-09-04 05:09:00,141.79
2013-09-04 06:09:00,136.78
2013-09-04 07:09:00,138.49
2013-09-04 08:09:00,134.27
2013-09-04 09:09:00,149.1
2013-09-04 10:09:00,138.95
2013-09-04 11:09:00,139.77
2013-09-04 12:09:00,152.55
2013-09-04 13:09:00,132.63
2013-09-04 14:09:00,142.68
2013-09-04 15:09:00,178.23
2013-09-04 16:09:00,136.11
2013-09-04 17:09:00,149.94
2013-09-04 18:09:00,141.16
2013-09-04 19:09:00,137.2
2013-09-04 20:09:00,142.08
2013-09-04 21:09:00,136.81
2013-09-04 22:09:00,136.86
2013-09-04 23:09:00,133.93
2013-09-04 24:09:00,132.06
2013-09-05 01:09:00,132.26
2013-09-05 02:09:00,130.96
2013-09-05 03:09:00,129.64
2013-09-05 04:09:00,134.11
2013-09-05 05:09:00,131.95
2013-09-05 06:09:00,145.38
2013-09-05 07:09:00,124.62
2013-09-05 08:09:00,127.6
2013-09-05 09:09:00,135.67
2013-09-05 11:09:00,130.06
2013-09-05 12:09:00,119.4
2013-09-05 13:09:00,122.41
2013-09-05 15:09:00,121.35
2013-09-05 16:09:00,156.3
2013-09-05 17:09:00,125
2013-09-05 18:09:00,124.97
2013-09-05 19:09:00,133.09
2013-09-05 20:09:00,129.32
2013-09-05 21:09:00,132.85
2013-09-05 22:09:00,128.94
2013-09-05 23:09:00,128.86
2013-09-05 24:09:00,126.93
2013-09-06 01:09:00,128.2
2013-09-06 02:09:00,130.73
2013-09-06 03:09:00,123.57
2013-09-06 04:09:00,132.44
2013-09-06 05:09:00,147.42
2013-09-06 06:09:00,130.43
2013-09-06 07:09:00,137.75
2013-09-06 08:09:00,134.42
2013-09-06 09:09:00,105.78
2013-09-06 10:09:00,137.31
2013-09-06 13:09:00,123.87
2013-09-06 14:09:00,126.97
2013-09-06 15:09:00,135.81
2013-09-06 16:09:00,130.9
2013-09-06 17:09:00,126.71
2013-09-06 18:09:00,135.31
2013-09-06 19:09:00,129.07
2013-09-06 20:09:00,133.11
2013-09-06 21:09:00,125.63
2013-09-06 22:09:00,126.18
2013-09-06 23:09:00,126.45
2013-09-06 24:09:00,126.54
2013-09-07 01:09:00,124.09
2013-09-07 02:09:00,123.77
2013-09-07 03:09:00,133.87
2013-09-07 04:09:00,126.44
2013-09-07 05:09:00,132.74
2013-09-07 06:09:00,134.91
2013-09-07 07:09:00,135.8
2013-09-07 08:09:00,150.47
2013-09-07 09:09:00,151.19
2013-09-07 10:09:00,135.55
2013-09-07 11:09:00,100.81
2013-09-07 13:09:00,171.79
2013-09-07 15:09:00,148.74
2013-09-07 16:09:00,121.42
2013-09-07 17:09:00,127.94
2013-09-07 18:09:00,129.88
2013-09-07 19:09:00,136.18
2013-09-07 20:09:00,144.66
2013-09-07 21:09:00,129.34
2013-09-07 22:09:00,129.39
2013-09-07 23:09:00,133.86
2013-09-07 24:09:00,124.82
2013-09-08 01:09:00,126.34
2013-09-08 02:09:00,121.88
2013-09-08 03:09:00,134.72
2013-09-08 04:09:00,135.35
2013-09-08 05:09:00,121.7
2013-09-08 06:09:00,120.34
2013-09-08 07:09:00,119.84
2013-09-08 08:09:00,121.92
2013-09-08 09:09:00,129.8
2013-09-08 10:09:00,133.69
2013-09-08 11:09:00,164.75
2013-09-08 12:09:00,179.69
2013-09-08 16:09:00,139.53
2013-09-08 17:09:00,136.12
2013-09-08 18:09:00,124.92
2013-09-08 19:09:00,135.02
2013-09-08 20:09:00,147.36
2013-09-08 21:09:00,123.73
2013-09-08 22:09:00,145.88
2013-09-08 23:09:00,128.58
2013-09-08 24:09:00,135.65
2013-09-09 01:09:00,132.12
2013-09-09 02:09:00,128.53
2013-09-09 03:09:00,124.54
2013-09-09 04:09:00,139.16
2013-09-09 05:09:00,129.65
2013-09-09 06:09:00,128.18
2013-09-09 07:09:00,130.25
2013-09-09 08:09:00,116.66
2013-09-09 09:09:00,123.77
2013-09-09 10:09:00,126.56
2013-09-09 11:09:00,127
2013-09-09 13:09:00,123.56
2013-09-09 14:09:00,134.65
2013-09-09 16:09:00,123.17
2013-09-09 17:09:00,127.68
2013-09-09 18:09:00,128.6
2013-09-09 19:09:00,124.71
2013-09-09 20:09:00,128.74
2013-09-09 21:09:00,127.85
2013-09-09 22:09:00,130.86
2013-09-09 23:09:00,134.34
2013-09-09 24:09:00,131.27
2013-09-10 01:09:00,126.45
2013-09-10 02:09:00,130.08
2013-09-10 03:09:00,131.99
2013-09-10 04:09:00,136.98
2013-09-10 05:09:00,136.51
2013-09-10 06:09:00,125.07
2013-09-10 07:09:00,151.6
2013-09-10 08:09:00,127.53
2013-09-10 09:09:00,135.51
2013-09-10 10:09:00,149.09
2013-09-10 11:09:00,158.46
2013-09-10 12:09:00,125.19
2013-09-10 13:09:00,128.48
2013-09-10 14:09:00,137.84
2013-09-10 15:09:00,118.66
2013-09-10 16:09:00,136.14
2013-09-10 17:09:00,132.96
2013-09-10 18:09:00,132.8
2013-09-10 19:09:00,133.08
2013-09-10 20:09:00,131.08
2013-09-10 21:09:00,131.72
2013-09-10 22:09:00,129.88
2013-09-10 23:09:00,132.06
2013-09-10 24:09:00,129.72
2013-09-11 01:09:00,129.98
2013-09-11 02:09:00,136.24
2013-09-11 03:09:00,129.27
2013-09-11 04:09:00,134.11
2013-09-11 05:09:00,134.74
2013-09-11 06:09:00,125.34
2013-09-11 07:09:00,144.71
2013-09-11 08:09:00,128.65
2013-09-11 09:09:00,131.29
2013-09-11 10:09:00,133.56
2013-09-11 11:09:00,136.47
2013-09-11 12:09:00,122.28
2013-09-11 13:09:00,125.08
2013-09-11 15:09:00,124.12
2013-09-11 16:09:00,158.46
2013-09-11 17:09:00,133.95
2013-09-11 18:09:00,128.97
2013-09-11 19:09:00,130.36
2013-09-11 20:09:00,130.59
2013-09-11 21:09:00,133.35
2013-09-11 22:09:00,140.67
2013-09-11 23:09:00,134.58
2013-09-11 24:09:00,138.12
2013-09-12 01:09:00,134.92
2013-09-12 02:09:00,134.24
2013-09-12 03:09:00,136.47
2013-09-12 04:09:00,145.23
2013-09-12 05:09:00,147.28
2013-09-12 06:09:00,158.53
2013-09-12 07:09:00,139.77
2013-09-12 08:09:00,145.91
2013-09-12 09:09:00,121.76
2013-09-12 10:09:00,148.45
2013-09-12 11:09:00,137.73
2013-09-12 12:09:00,140.37
2013-09-12 13:09:00,124.25
2013-09-12 15:09:00,137.1
2013-09-12 16:09:00,146.15
2013-09-12 17:09:00,136.97
2013-09-12 18:09:00,136.61
2013-09-12 19:09:00,135.43
2013-09-12 20:09:00,131.48
2013-09-12 21:09:00,134.46
2013-09-12 22:09:00,139.54
2013-09-12 23:09:00,135.18
2013-09-12 24:09:00,138.04
2013-09-13 01:09:00,138.15
2013-09-13 02:09:00,136.48
2013-09-13 03:09:00,132.58
2013-09-13 04:09:00,136.86
2013-09-13 05:09:00,143.62
2013-09-13 06:09:00,127.96
2013-09-13 07:09:00,140.26
2013-09-13 08:09:00,143.16
2013-09-13 09:09:00,144.47
2013-09-13 10:09:00,130.07
2013-09-13 11:09:00,141.37
2013-09-13 12:09:00,129.93
2013-09-13 13:09:00,169.78
2013-09-13 15:09:00,121.74
2013-09-13 16:09:00,136.45
2013-09-13 17:09:00,138.55
2013-09-13 18:09:00,140.81
2013-09-13 19:09:00,139.95
2013-09-13 20:09:00,139.74
2013-09-13 21:09:00,138.09
2013-09-13 22:09:00,136.98
2013-09-13 23:09:00,139.39
2013-09-13 24:09:00,136.97
2013-09-14 01:09:00,139.4
2013-09-14 02:09:00,137.83
2013-09-14 03:09:00,136.09
2013-09-14 04:09:00,132.53
2013-09-14 05:09:00,144.62
2013-09-14 06:09:00,148.58
2013-09-14 07:09:00,137.64
2013-09-14 09:09:00,112.8
2013-09-14 10:09:00,168.05
2013-09-14 11:09:00,131.42
2013-09-14 12:09:00,130.97
2013-09-14 13:09:00,171.56
2013-09-14 16:09:00,134.79
2013-09-14 17:09:00,139.9
2013-09-14 18:09:00,137.55
2013-09-14 19:09:00,144.93
2013-09-14 20:09:00,141.58
2013-09-14 21:09:00,143.92
2013-09-14 22:09:00,138.47
2013-09-14 23:09:00,135.78
2013-09-14 24:09:00,152.71
2013-09-15 01:09:00,144.85
2013-09-15 02:09:00,131.18
2013-09-15 03:09:00,137.91
2013-09-15 04:09:00,130.33
2013-09-15 05:09:00,132.29
2013-09-15 06:09:00,139.26
2013-09-15 07:09:00,141.32
2013-09-15 08:09:00,139.36
2013-09-15 10:09:00,121.72
2013-09-15 11:09:00,140.55
2013-09-15 12:09:00,143.18
2013-09-15 14:09:00,141
2013-09-15 15:09:00,138.62
2013-09-15 16:09:00,132.21
2013-09-15 18:09:00,153.5
2013-09-15 19:09:00,140.18
2013-09-15 20:09:00,160.73
2013-09-15 21:09:00,143.35
2013-09-15 22:09:00,148.74
2013-09-15 23:09:00,140.65
2013-09-15 24:09:00,131.95
2013-09-16 01:09:00,147.44
2013-09-16 02:09:00,140.65
2013-09-16 03:09:00,149.07
2013-09-16 04:09:00,151.75
2013-09-16 05:09:00,132.18
2013-09-16 06:09:00,150.27
2013-09-16 07:09:00,133.3
2013-09-16 08:09:00,139.2
2013-09-16 10:09:00,133.53
2013-09-16 12:09:00,124.2
2013-09-16 14:09:00,134.7
2013-09-16 15:09:00,140.61
2013-09-16 16:09:00,133.04
2013-09-16 17:09:00,137.56
2013-09-16 18:09:00,137.86
2013-09-16 19:09:00,137.45
2013-09-16 20:09:00,138.24
2013-09-16 21:09:00,138.43
2013-09-16 22:09:00,138.42
2013-09-16 23:09:00,138.02
2013-09-16 24:09:00,138.21
2013-09-17 01:09:00,135.74
2013-09-17 02:09:00,137.15
2013-09-17 03:09:00,145.83
2013-09-17 04:09:00,149.41
2013-09-17 05:09:00,150.37
2013-09-17 06:09:00,134.18
2013-09-17 07:09:00,142.42
2013-09-17 08:09:00,149.71
2013-09-17 09:09:00,141.11
2013-09-17 10:09:00,146.18
2013-09-17 15:09:00,146.38
2013-09-17 16:09:00,139.27
2013-09-17 17:09:00,136.94
2013-09-17 18:09:00,138.77
2013-09-17 19:09:00,137.78
2013-09-17 20:09:00,136.43
2013-09-17 21:09:00,138.27
2013-09-17 22:09:00,136.84
2013-09-17 23:09:00,138.61
2013-09-17 24:09:00,139.9
2013-09-18 01:09:00,140.14
2013-09-18 02:09:00,136.38
2013-09-18 03:09:00,143.95
2013-09-18 04:09:00,138.65
2013-09-18 05:09:00,126.48
2013-09-18 06:09:00,129.29
2013-09-18 07:09:00,128.87
2013-09-18 08:09:00,130.81
2013-09-18 09:09:00,152.34
2013-09-18 10:09:00,128.98
2013-09-18 11:09:00,171.61
2013-09-18 12:09:00,125.47
2013-09-18 14:09:00,135.63
2013-09-18 15:09:00,155.11
2013-09-18 16:09:00,138.4
2013-09-18 17:09:00,136.02
2013-09-18 18:09:00,139.01
2013-09-18 19:09:00,139.46
2013-09-18 20:09:00,138.29
2013-09-18 21:09:00,137.08
2013-09-18 22:09:00,140.22
2013-09-18 23:09:00,138.2
2013-09-18 24:09:00,138.06
2013-09-19 01:09:00,140.6
2013-09-19 02:09:00,142.25
2013-09-19 03:09:00,137.49
2013-09-19 04:09:00,134.19
2013-09-19 05:09:00,148.35
2013-09-19 06:09:00,127.17
2013-09-19 07:09:00,127.22
2013-09-19 08:09:00,127.47
2013-09-19 10:09:00,134.51
2013-09-19 11:09:00,130.93
2013-09-19 12:09:00,146.8
2013-09-19 15:09:00,135.86
2013-09-19 16:09:00,133.91
2013-09-19 17:09:00,138.18
2013-09-19 18:09:00,139.77
2013-09-19 19:09:00,140.01
2013-09-19 20:09:00,133.55
2013-09-19 21:09:00,134.74
2013-09-19 22:09:00,131.87
2013-09-19 23:09:00,130.96
2013-09-19 24:09:00,134.55
2013-09-20 01:09:00,133.65
2013-09-20 02:09:00,130.43
2013-09-20 03:09:00,135.77
2013-09-20 04:09:00,131.56
2013-09-20 05:09:00,135.27
2013-09-20 06:09:00,127.94
2013-09-20 07:09:00,128.02
2013-09-20 08:09:00,126.41
2013-09-20 09:09:00,166.36
2013-09-20 10:09:00,143.43
2013-09-20 11:09:00,169.1
2013-09-20 12:09:00,135.71
2013-09-20 13:09:00,127.33
2013-09-20 14:09:00,125.94
2013-09-20 15:09:00,127.45
2013-09-20 16:09:00,131.47
2013-09-20 17:09:00,141.36
2013-09-20 18:09:00,131.8
2013-09-20 19:09:00,135.09
2013-09-20 20:09:00,133.55
2013-09-20 21:09:00,131.83
2013-09-20 22:09:00,132.2
2013-09-20 23:09:00,131.6
2013-09-20 24:09:00,132.7
2013-09-21 01:09:00,131.49
2013-09-21 02:09:00,132.71
2013-09-21 03:09:00,134.92
2013-09-21 04:09:00,143.41
2013-09-21 05:09:00,133.93
2013-09-21 06:09:00,155.37
2013-09-21 07:09:00,141.78
2013-09-21 08:09:00,121.91
2013-09-21 10:09:00,157.72
2013-09-21 12:09:00,131.15
2013-09-21 14:09:00,153.52
2013-09-21 16:09:00,140.08
2013-09-21 17:09:00,135.78
2013-09-21 18:09:00,136.11
2013-09-21 19:09:00,135.65
2013-09-21 20:09:00,135.68
2013-09-21 21:09:00,143.46
2013-09-21 22:09:00,133.44
2013-09-21 23:09:00,133.97
2013-09-21 24:09:00,139.7
2013-09-22 01:09:00,137.34
2013-09-22 02:09:00,140.76
2013-09-22 03:09:00,140.82
2013-09-22 04:09:00,134.5
2013-09-22 05:09:00,136.57
2013-09-22 06:09:00,127.6
2013-09-22 07:09:00,126.56
2013-09-22 08:09:00,129.33
2013-09-22 10:09:00,125.63
2013-09-22 11:09:00,135.62
2013-09-22 13:09:00,125.77
2013-09-22 14:09:00,140.19
2013-09-22 17:09:00,167.06
2013-09-22 18:09:00,136.71
2013-09-22 19:09:00,151.41
2013-09-22 20:09:00,142.05
2013-09-22 21:09:00,139.12
2013-09-22 22:09:00,131.01
2013-09-22 23:09:00,138.56
2013-09-22 24:09:00,125.63
2013-09-23 01:09:00,136.78
2013-09-23 02:09:00,140.18
2013-09-23 03:09:00,143.79
2013-09-23 04:09:00,138.29
2013-09-23 05:09:00,130.26
2013-09-23 06:09:00,129.82
2013-09-23 07:09:00,148.81
2013-09-23 08:09:00,130.94
2013-09-23 09:09:00,142.13
2013-09-23 11:09:00,150.4
2013-09-23 13:09:00,135.69
2013-09-23 16:09:00,132.08
2013-09-23 17:09:00,131.95
2013-09-23 18:09:00,134.42
2013-09-23 19:09:00,133.73
2013-09-23 20:09:00,130.1
2013-09-23 21:09:00,133.97
2013-09-23 22:09:00,133.09
2013-09-23 23:09:00,132.38
2013-09-23 24:09:00,131.66
2013-09-24 01:09:00,129.15
2013-09-24 02:09:00,131.89
2013-09-24 03:09:00,130.63
2013-09-24 04:09:00,133.01
2013-09-24 05:09:00,142.49
2013-09-24 06:09:00,139.43
2013-09-24 07:09:00,133.82
2013-09-24 08:09:00,129.74
2013-09-24 09:09:00,132.23
2013-09-24 10:09:00,129.68
2013-09-24 11:09:00,132.02
2013-09-24 14:09:00,143.44
2013-09-24 15:09:00,139.71
2013-09-24 16:09:00,131.32
2013-09-24 17:09:00,130.52
2013-09-24 18:09:00,131.11
2013-09-24 19:09:00,131.86
2013-09-24 20:09:00,134.6
2013-09-24 21:09:00,130.37
2013-09-24 22:09:00,129.28
2013-09-24 23:09:00,129.88
2013-09-24 24:09:00,131.94
2013-09-25 01:09:00,134.28
2013-09-25 02:09:00,130.37
2013-09-25 03:09:00,132.22
2013-09-25 04:09:00,147.8
2013-09-25 05:09:00,138.71
2013-09-25 06:09:00,134.03
2013-09-25 07:09:00,139.82
2013-09-25 08:09:00,132.73
2013-09-25 09:09:00,134.09
2013-09-25 10:09:00,132.18
2013-09-25 11:09:00,128.48
2013-09-25 12:09:00,148.29
2013-09-25 14:09:00,133.1
2013-09-25 15:09:00,134.06
2013-09-25 16:09:00,132.57
2013-09-25 17:09:00,133.52
2013-09-25 18:09:00,134.07
2013-09-25 19:09:00,131.02
2013-09-25 20:09:00,134.74
2013-09-25 21:09:00,133.74
2013-09-25 22:09:00,134.29
2013-09-25 23:09:00,133.45
2013-09-25 24:09:00,132
2013-09-26 01:09:00,131.72
2013-09-26 02:09:00,135.27
2013-09-26 03:09:00,138.18
2013-09-26 04:09:00,141.79
2013-09-26 05:09:00,127.8
2013-09-26 06:09:00,143.38
2013-09-26 07:09:00,139.17
2013-09-26 08:09:00,186.22
2013-09-26 09:09:00,128.4
2013-09-26 10:09:00,131.72
2013-09-26 11:09:00,185.94
2013-09-26 12:09:00,132.37
2013-09-26 13:09:00,126.36
2013-09-26 14:09:00,186.59
2013-09-26 15:09:00,123.41
2013-09-26 16:09:00,134.37
2013-09-26 17:09:00,133.32
2013-09-26 18:09:00,134.23
2013-09-26 19:09:00,133.29
2013-09-26 20:09:00,132.18
2013-09-26 21:09:00,132.6
2013-09-26 22:09:00,131.77
2013-09-26 23:09:00,130.13
2013-09-26 24:09:00,133.9
2013-09-27 01:09:00,135.36
2013-09-27 02:09:00,133.61
2013-09-27 03:09:00,137.89
2013-09-27 04:09:00,133.25
2013-09-27 05:09:00,152.03
2013-09-27 06:09:00,135.86
2013-09-27 07:09:00,126.54
2013-09-27 08:09:00,148.02
2013-09-27 10:09:00,133.59
2013-09-27 11:09:00,130.3
2013-09-27 12:09:00,151.25
2013-09-27 13:09:00,132.94
2013-09-27 15:09:00,125.31
2013-09-27 16:09:00,138.77
2013-09-27 17:09:00,133.36
2013-09-27 18:09:00,131.08
2013-09-27 19:09:00,136.69
2013-09-27 20:09:00,133.49
2013-09-27 21:09:00,129.85
2013-09-27 22:09:00,131.07
2013-09-27 23:09:00,131.22
2013-09-27 24:09:00,131.18
2013-09-28 01:09:00,133.05
2013-09-28 02:09:00,131.55
2013-09-28 03:09:00,141.59
2013-09-28 04:09:00,133.5
2013-09-28 05:09:00,128.91
2013-09-28 06:09:00,138.34
2013-09-28 07:09:00,146.77
2013-09-28 08:09:00,143
2013-09-28 09:09:00,131.08
2013-09-28 10:09:00,132.22
2013-09-28 12:09:00,151.86
2013-09-28 13:09:00,129.02
2013-09-28 14:09:00,145.44
2013-09-28 15:09:00,139.99
2013-09-28 16:09:00,145.23
2013-09-28 17:09:00,135.97
2013-09-28 18:09:00,139.16
2013-09-28 19:09:00,135.18
2013-09-28 20:09:00,135.32
2013-09-28 21:09:00,134.41
2013-09-28 22:09:00,130.62
2013-09-28 23:09:00,135.64
2013-09-28 24:09:00,136.48
2013-09-29 01:09:00,138.77
2013-09-29 02:09:00,131.97
2013-09-29 03:09:00,147.79
2013-09-29 04:09:00,136.1
2013-09-29 05:09:00,140.21
2013-09-29 06:09:00,127.2
2013-09-29 07:09:00,152.01
2013-09-29 08:09:00,140.44
2013-09-29 09:09:00,141.85
2013-09-29 10:09:00,119.43
2013-09-29 11:09:00,157.03
2013-09-29 12:09:00,169.64
2013-09-29 14:09:00,139.3
2013-09-29 15:09:00,139.28
2013-09-29 16:09:00,141.19
2013-09-29 17:09:00,131.32
2013-09-29 18:09:00,136.85
2013-09-29 19:09:00,136.73
2013-09-29 20:09:00,151.43
2013-09-29 21:09:00,137.73
2013-09-29 22:09:00,140.37
2013-09-29 23:09:00,139.46
2013-09-29 24:09:00,143.65
2013-09-30 01:09:00,154.63
2013-09-30 02:09:00,144.13
2013-09-30 03:09:00,149.55
2013-09-30 04:09:00,143.75
2013-09-30 05:09:00,132.33
2013-09-30 06:09:00,146.12
2013-09-30 07:09:00,142.88
2013-09-30 08:09:00,155.04
2013-09-30 09:09:00,162.71
2013-09-30 10:09:00,128.55
2013-09-30 11:09:00,132.54
2013-09-30 12:09:00,132.21
2013-09-30 14:09:00,128.45
2013-09-30 15:09:00,127.98
2013-09-30 16:09:00,135.53
2013-09-30 17:09:00,137.42
2013-09-30 18:09:00,134.83
2013-09-30 19:09:00,133.62
2013-09-30 20:09:00,134.74
2013-09-30 21:09:00,132.99
2013-09-30 22:09:00,134.18
2013-09-30 23:09:00,134.08
2013-09-30 24:09:00,133.86
2013-10-01 01:10:00,140.5
2013-10-01 02:10:00,136.59
2013-10-01 03:10:00,140.36
2013-10-01 04:10:00,130.6
2013-10-01 05:10:00,135.86
2013-10-01 06:10:00,134.36
2013-10-01 07:10:00,134.01
2013-10-01 08:10:00,132
2013-10-01 09:10:00,131.03
2013-10-01 10:10:00,134.99
2013-10-01 11:10:00,133.8
2013-10-01 13:10:00,136.7
2013-10-01 14:10:00,150.69
2013-10-01 15:10:00,128.63
2013-10-01 16:10:00,138.87
2013-10-01 17:10:00,135.53
2013-10-01 18:10:00,137.32
2013-10-01 19:10:00,135.09
2013-10-01 20:10:00,138.64
2013-10-01 21:10:00,135.98
2013-10-01 22:10:00,133.88
2013-10-01 23:10:00,135.72
2013-10-01 24:10:00,138.56
2013-10-02 01:10:00,138.22
2013-10-02 02:10:00,133.61
2013-10-02 03:10:00,134.71
2013-10-02 04:10:00,135.83
2013-10-02 05:10:00,146.01
2013-10-02 06:10:00,140.06
2013-10-02 07:10:00,139.01
2013-10-02 08:10:00,136.64
2013-10-02 09:10:00,145.84
2013-10-02 10:10:00,159.01
2013-10-02 11:10:00,141.73
2013-10-02 12:10:00,139.99
2013-10-02 14:10:00,146.98
2013-10-02 15:10:00,158.73
2013-10-02 16:10:00,135.42
2013-10-02 17:10:00,133.13
2013-10-02 18:10:00,137.02
2013-10-02 19:10:00,134.51
2013-10-02 20:10:00,132.84
2013-10-02 21:10:00,112.35
2013-10-02 22:10:00,116.85
2013-10-02 23:10:00,111.64
2013-10-02 24:10:00,127.44
2013-10-03 01:10:00,125.75
2013-10-03 02:10:00,112.44
2013-10-03 03:10:00,115.77
2013-10-03 04:10:00,109.5
2013-10-03 05:10:00,117.38
2013-10-03 06:10:00,128.82
2013-10-03 07:10:00,135.21
2013-10-03 08:10:00,124.74
2013-10-03 09:10:00,121.31
2013-10-03 10:10:00,131.14
2013-10-03 11:10:00,138.28
2013-10-03 12:10:00,150.79
2013-10-03 14:10:00,124.84
2013-10-03 15:10:00,138.98
2013-10-03 16:10:00,124.14
2013-10-03 17:10:00,122.37
2013-10-03 18:10:00,121.68
2013-10-03 19:10:00,122.23
2013-10-03 20:10:00,126.23
2013-10-03 21:10:00,125.04
2013-10-03 22:10:00,124.54
2013-10-03 23:10:00,128.43
2013-10-03 24:10:00,126.27
2013-10-04 01:10:00,123.98
2013-10-04 02:10:00,127.82
2013-10-04 03:10:00,123.89
2013-10-04 04:10:00,135.29
2013-10-04 05:10:00,140.71
2013-10-04 06:10:00,132.39
2013-10-04 07:10:00,154.77
2013-10-04 08:10:00,115.74
2013-10-04 09:10:00,158.07
2013-10-04 10:10:00,141.29
2013-10-04 11:10:00,134.28
2013-10-04 12:10:00,125.21
2013-10-04 15:10:00,135.81
2013-10-04 16:10:00,124.01
2013-10-04 17:10:00,115.98
2013-10-04 18:10:00,130.72
2013-10-04 19:10:00,134.63
2013-10-04 20:10:00,129.36
2013-10-04 21:10:00,131.97
2013-10-04 22:10:00,129.65
2013-10-04 23:10:00,128.22
2013-10-04 24:10:00,134.29
2013-10-05 01:10:00,126.22
2013-10-05 02:10:00,138.02
2013-10-05 03:10:00,137.93
2013-10-05 04:10:00,125.5
2013-10-05 05:10:00,151.93
2013-10-05 06:10:00,135.1
2013-10-05 07:10:00,142.48
2013-10-05 08:10:00,154.81
2013-10-05 09:10:00,144.02
2013-10-05 10:10:00,161.68
2013-10-05 11:10:00,161.62
2013-10-05 15:10:00,136.91
2013-10-05 16:10:00,127.2
2013-10-05 17:10:00,131.54
2013-10-05 18:10:00,133.81
2013-10-05 19:10:00,131.63
2013-10-05 20:10:00,133.12
2013-10-05 21:10:00,125.46
2013-10-05 22:10:00,130.97
2013-10-05 23:10:00,132.43
2013-10-05 24:10:00,147.48
2013-10-06 01:10:00,135.9
2013-10-06 02:10:00,134.67
2013-10-06 03:10:00,136.66
2013-10-06 04:10:00,150.24
2013-10-06 05:10:00,127.23
2013-10-06 06:10:00,181.72
2013-10-06 07:10:00,123.31
2013-10-06 08:10:00,163.01
2013-10-06 09:10:00,160.32
2013-10-06 10:10:00,149.59
2013-10-06 11:10:00,162.02
2013-10-06 12:10:00,154.96
2013-10-06 15:10:00,127.67
2013-10-06 16:10:00,132.87
2013-10-06 17:10:00,144.44
2013-10-06 18:10:00,137
2013-10-06 19:10:00,131.16
2013-10-06 20:10:00,129.35
2013-10-06 21:10:00,140.99
2013-10-06 22:10:00,142.96
2013-10-06 23:10:00,129.34
2013-10-06 24:10:00,131.92
2013-10-07 01:10:00,143.9
2013-10-07 02:10:00,151.08
2013-10-07 03:10:00,146.61
2013-10-07 04:10:00,140.62
2013-10-07 05:10:00,173.86
2013-10-07 06:10:00,158.15
2013-10-07 07:10:00,141.18
2013-10-07 08:10:00,141.16
2013-10-07 09:10:00,139.87
2013-10-07 10:10:00,141.47
2013-10-07 11:10:00,134.99
2013-10-07 13:10:00,134.51
2013-10-07 14:10:00,137.39
2013-10-07 16:10:00,133.31
2013-10-07 17:10:00,135.59
2013-10-07 18:10:00,132.86
2013-10-07 19:10:00,131.72
2013-10-07 20:10:00,135.45
2013-10-07 21:10:00,131.25
2013-10-07 22:10:00,132.63
2013-10-07 23:10:00,132.15
2013-10-07 24:10:00,130.33
2013-10-08 01:10:00,130.86
2013-10-08 02:10:00,132.36
2013-10-08 03:10:00,135.52
2013-10-08 04:10:00,123.16
2013-10-08 05:10:00,130.86
2013-10-08 06:10:00,129.25
2013-10-08 07:10:00,162.27
2013-10-08 08:10:00,133.89
2013-10-08 09:10:00,132.56
2013-10-08 11:10:00,119.81
2013-10-08 12:10:00,127.72
2013-10-08 13:10:00,129.7
2013-10-08 15:10:00,124.43
2013-10-08 16:10:00,130.55
2013-10-08 17:10:00,136.52
2013-10-08 18:10:00,130.82
2013-10-08 19:10:00,135.71
2013-10-08 20:10:00,133.22
2013-10-08 21:10:00,130.85
2013-10-08 22:10:00,134.91
2013-10-08 23:10:00,130.39
2013-10-08 24:10:00,131.31
2013-10-09 01:10:00,129.26
2013-10-09 02:10:00,130.16
2013-10-09 03:10:00,134.12
2013-10-09 04:10:00,137.88
2013-10-09 05:10:00,141.2
2013-10-09 06:10:00,133.03
2013-10-09 07:10:00,141.85
2013-10-09 08:10:00,141
2013-10-09 09:10:00,150.95
2013-10-09 10:10:00,127.89
2013-10-09 11:10:00,141.2
2013-10-09 12:10:00,123.75
2013-10-09 13:10:00,127.66
2013-10-09 14:10:00,128.33
2013-10-09 15:10:00,125.84
2013-10-09 16:10:00,141.22
2013-10-09 17:10:00,135.23
2013-10-09 18:10:00,135.84
2013-10-09 19:10:00,135.23
2013-10-09 20:10:00,132.73
2013-10-09 21:10:00,133.15
2013-10-09 22:10:00,131.27
2013-10-09 23:10:00,131.82
2013-10-09 24:10:00,133.8
2013-10-10 01:10:00,133.18
2013-10-10 02:10:00,132.58
2013-10-10 03:10:00,131.65
2013-10-10 04:10:00,131.98
2013-10-10 05:10:00,147.28
2013-10-10 06:10:00,140.67
2013-10-10 07:10:00,152.18
2013-10-10 08:10:00,141.15
2013-10-10 09:10:00,176.7
2013-10-10 10:10:00,128.51
2013-10-10 11:10:00,147.86
2013-10-10 12:10:00,131.7
2013-10-10 13:10:00,130.29
2013-10-10 15:10:00,141.86
2013-10-10 16:10:00,140.95
2013-10-10 17:10:00,132.9
2013-10-10 18:10:00,136.68
2013-10-10 19:10:00,136.74
2013-10-10 20:10:00,141.06
2013-10-10 21:10:00,133.17
2013-10-10 22:10:00,130.82
2013-10-10 23:10:00,131.18
2013-10-10 24:10:00,132.9
2013-10-11 01:10:00,135.15
2013-10-11 02:10:00,133.76
2013-10-11 03:10:00,139.18
2013-10-11 04:10:00,129.86
2013-10-11 05:10:00,136.34
2013-10-11 06:10:00,136.81
2013-10-11 07:10:00,141.07
2013-10-11 08:10:00,141.36
2013-10-11 09:10:00,132.51
2013-10-11 10:10:00,144.89
2013-10-11 11:10:00,132.58
2013-10-11 12:10:00,135.58
2013-10-11 13:10:00,130.98
2013-10-11 14:10:00,189.83
2013-10-11 15:10:00,132.32
2013-10-11 16:10:00,140.42
2013-10-11 17:10:00,131.58
2013-10-11 18:10:00,131.87
2013-10-11 19:10:00,133.72
2013-10-11 20:10:00,133.98
2013-10-11 21:10:00,132.16
2013-10-11 22:10:00,134.34
2013-10-11 23:10:00,132.68
2013-10-11 24:10:00,134.88
2013-10-12 01:10:00,135.54
2013-10-12 02:10:00,139.71
2013-10-12 03:10:00,139.28
2013-10-12 04:10:00,134.48
2013-10-12 05:10:00,157.69
2013-10-12 06:10:00,131.03
2013-10-12 07:10:00,139.64
2013-10-12 08:10:00,145.7
2013-10-12 09:10:00,146.65
2013-10-12 10:10:00,127.14
2013-10-12 11:10:00,147.62
2013-10-12 12:10:00,152.48
2013-10-12 13:10:00,133.79
2013-10-12 15:10:00,132.5
2013-10-12 16:10:00,140.73
2013-10-12 17:10:00,138.89
2013-10-12 18:10:00,135.62
2013-10-12 19:10:00,134.84
2013-10-12 20:10:00,134.54
2013-10-12 21:10:00,134.79
2013-10-12 22:10:00,138.57
2013-10-12 23:10:00,133.57
2013-10-12 24:10:00,136.59
2013-10-13 01:10:00,140.02
2013-10-13 02:10:00,144.21
2013-10-13 03:10:00,141.28
2013-10-13 04:10:00,138.89
2013-10-13 05:10:00,141.54
2013-10-13 06:10:00,148.09
2013-10-13 07:10:00,139.21
2013-10-13 08:10:00,135.76
2013-10-13 09:10:00,144.5
2013-10-13 10:10:00,147.2
2013-10-13 11:10:00,147.22
2013-10-13 14:10:00,147.45
2013-10-13 15:10:00,142.86
2013-10-13 17:10:00,133.85
2013-10-13 18:10:00,144.42
2013-10-13 19:10:00,134.98
2013-10-13 20:10:00,157.39
2013-10-13 21:10:00,141.51
2013-10-13 22:10:00,141.3
2013-10-13 23:10:00,156.27
2013-10-13 24:10:00,141.7
2013-10-14 01:10:00,149.01
2013-10-14 02:10:00,172.23
2013-10-14 03:10:00,150.49
2013-10-14 04:10:00,156.85
2013-10-14 05:10:00,167.15
2013-10-14 06:10:00,156.01
2013-10-14 07:10:00,144.43
2013-10-14 08:10:00,138.23
2013-10-14 09:10:00,158.54
2013-10-14 10:10:00,154.29
2013-10-14 11:10:00,137.55
2013-10-14 14:10:00,135.37
2013-10-14 15:10:00,135.68
2013-10-14 16:10:00,145.95
2013-10-14 17:10:00,139.13
2013-10-14 18:10:00,145.79
2013-10-14 19:10:00,141.62
2013-10-14 20:10:00,143.59
2013-10-14 21:10:00,145.11
2013-10-14 22:10:00,146.43
2013-10-14 23:10:00,145.91
2013-10-14 24:10:00,144.01
2013-10-15 01:10:00,146.85
2013-10-15 02:10:00,142.88
2013-10-15 03:10:00,141.56
2013-10-15 04:10:00,148.1
2013-10-15 05:10:00,147.47
2013-10-15 06:10:00,156.12
2013-10-15 07:10:00,142.44
2013-10-15 08:10:00,153.49
2013-10-15 09:10:00,147.43
2013-10-15 10:10:00,154.9
2013-10-15 11:10:00,160.38
2013-10-15 12:10:00,149.12
2013-10-15 13:10:00,155.54
2013-10-15 14:10:00,142.62
2013-10-15 16:10:00,143.22
2013-10-15 17:10:00,143.46
2013-10-15 18:10:00,149.61
2013-10-15 19:10:00,144.05
2013-10-15 20:10:00,145.7
2013-10-15 21:10:00,147.19
2013-10-15 22:10:00,146.17
2013-10-15 23:10:00,150.63
2013-10-15 24:10:00,152.67
2013-10-16 01:10:00,146.92
2013-10-16 02:10:00,141.99
2013-10-16 03:10:00,138.33
2013-10-16 04:10:00,152.91
2013-10-16 05:10:00,158.43
2013-10-16 06:10:00,154.15
2013-10-16 07:10:00,171.37
2013-10-16 08:10:00,163.19
2013-10-16 09:10:00,140.45
2013-10-16 10:10:00,161.72
2013-10-16 11:10:00,145.89
2013-10-16 13:10:00,165.17
2013-10-16 14:10:00,136.61
2013-10-16 15:10:00,147.38
2013-10-16 16:10:00,161.91
2013-10-16 17:10:00,158.15
2013-10-16 18:10:00,154.25
2013-10-16 19:10:00,155.24
2013-10-16 20:10:00,151.47
2013-10-16 21:10:00,148.69
2013-10-16 22:10:00,148.49
2013-10-16 23:10:00,153.15
2013-10-16 24:10:00,150.92
2013-10-17 01:10:00,150.14
2013-10-17 02:10:00,153.69
2013-10-17 03:10:00,148.9
2013-10-17 04:10:00,155.22
2013-10-17 05:10:00,146.14
2013-10-17 06:10:00,164.83
2013-10-17 07:10:00,165.65
2013-10-17 08:10:00,153.42
2013-10-17 09:10:00,142.79
2013-10-17 10:10:00,148.56
2013-10-17 11:10:00,159.99
2013-10-17 12:10:00,142.11
2013-10-17 13:10:00,135.32
2013-10-17 14:10:00,139.43
2013-10-17 16:10:00,132.37
2013-10-17 17:10:00,154.34
2013-10-17 18:10:00,151.13
2013-10-17 19:10:00,152.76
2013-10-17 20:10:00,153.28
2013-10-17 21:10:00,150.9
2013-10-17 22:10:00,153.66
2013-10-17 23:10:00,151.68
2013-10-17 24:10:00,153.37
2013-10-18 01:10:00,155.36
2013-10-18 02:10:00,159.79
2013-10-18 03:10:00,152.05
2013-10-18 04:10:00,157.76
2013-10-18 05:10:00,170.98
2013-10-18 06:10:00,150.46
2013-10-18 07:10:00,146.05
2013-10-18 08:10:00,154.13
2013-10-18 09:10:00,162.93
2013-10-18 10:10:00,160.82
2013-10-18 13:10:00,154.95
2013-10-18 15:10:00,161.03
2013-10-18 16:10:00,157.97
2013-10-18 17:10:00,155.63
2013-10-18 18:10:00,154.82
2013-10-18 19:10:00,160.57
2013-10-18 20:10:00,159.68
2013-10-18 21:10:00,160.72
2013-10-18 22:10:00,159.08
2013-10-18 23:10:00,159.19
2013-10-18 24:10:00,164.38
2013-10-19 01:10:00,157.26
2013-10-19 02:10:00,159.63
2013-10-19 03:10:00,155.37
2013-10-19 04:10:00,161.27
2013-10-19 05:10:00,171.83
2013-10-19 06:10:00,167.21
2013-10-19 07:10:00,167.96
2013-10-19 08:10:00,162.03
2013-10-19 09:10:00,166.04
2013-10-19 10:10:00,154.04
2013-10-19 11:10:00,154.35
2013-10-19 12:10:00,162.69
2013-10-19 13:10:00,166.7
2013-10-19 14:10:00,175.14
2013-10-19 16:10:00,168.74
2013-10-19 17:10:00,174.85
2013-10-19 18:10:00,177.68
2013-10-19 19:10:00,178.83
2013-10-19 20:10:00,168.78
2013-10-19 21:10:00,168.2
2013-10-19 22:10:00,176.28
2013-10-19 23:10:00,170.98
2013-10-19 24:10:00,176.82
2013-10-20 01:10:00,182.24
2013-10-20 02:10:00,158.78
2013-10-20 03:10:00,173.5
2013-10-20 04:10:00,174.46
2013-10-20 05:10:00,176.23
2013-10-20 06:10:00,181.47
2013-10-20 07:10:00,194.46
2013-10-20 08:10:00,183.91
2013-10-20 10:10:00,188.68
2013-10-20 11:10:00,179.21
2013-10-20 12:10:00,169.26
2013-10-20 13:10:00,190.14
2013-10-20 14:10:00,177.23
2013-10-20 15:10:00,173.96
2013-10-20 16:10:00,175.88
2013-10-20 17:10:00,187.22
2013-10-20 18:10:00,170.56
2013-10-20 19:10:00,184.44
2013-10-20 20:10:00,169.98
2013-10-20 21:10:00,173.94
2013-10-20 22:10:00,183.4
2013-10-20 23:10:00,184.11
2013-10-20 24:10:00,180.07
2013-10-21 01:10:00,174.3
2013-10-21 02:10:00,175.68
2013-10-21 03:10:00,189.04
2013-10-21 04:10:00,190.6
2013-10-21 05:10:00,172.72
2013-10-21 06:10:00,187.14
2013-10-21 07:10:00,188.74
2013-10-21 08:10:00,174.34
2013-10-21 09:10:00,179.58
2013-10-21 10:10:00,192.59
2013-10-21 11:10:00,178.05
2013-10-21 12:10:00,176.85
2013-10-21 13:10:00,174.74
2013-10-21 14:10:00,173.53
2013-10-21 15:10:00,176.73
2013-10-21 16:10:00,168.45
2013-10-21 17:10:00,178.44
2013-10-21 18:10:00,186.76
2013-10-21 19:10:00,188.87
2013-10-21 20:10:00,188.49
2013-10-21 21:10:00,188.12
2013-10-21 22:10:00,182.4
2013-10-21 23:10:00,187.93
2013-10-21 24:10:00,191.16
2013-10-22 01:10:00,189.92
2013-10-22 02:10:00,190.61
2013-10-22 03:10:00,182.18
2013-10-22 04:10:00,153.26
2013-10-22 05:10:00,196.11
2013-10-22 06:10:00,194.82
2013-10-22 07:10:00,219.98
2013-10-22 08:10:00,205.85
2013-10-22 09:10:00,190.41
2013-10-22 10:10:00,197.71
2013-10-22 11:10:00,227.68
2013-10-22 12:10:00,190.18
2013-10-22 13:10:00,181.86
2013-10-22 14:10:00,189.05
2013-10-22 15:10:00,202.94
2013-10-22 16:10:00,172.94
2013-10-22 17:10:00,198.22
2013-10-22 18:10:00,198.62
2013-10-22 19:10:00,200.73
2013-10-22 20:10:00,202.62
2013-10-22 21:10:00,209
2013-10-22 22:10:00,202.58
2013-10-22 23:10:00,201.61
2013-10-22 24:10:00,205.85
2013-10-23 01:10:00,198.74
2013-10-23 02:10:00,207.94
2013-10-23 03:10:00,207.26
2013-10-23 04:10:00,200.46
2013-10-23 05:10:00,204.61
2013-10-23 06:10:00,200.51
2013-10-23 07:10:00,192.31
2013-10-23 08:10:00,200.89
2013-10-23 09:10:00,202.78
2013-10-23 10:10:00,196.31
2013-10-23 12:10:00,193.92
2013-10-23 13:10:00,187.43
2013-10-23 14:10:00,229.61
2013-10-23 15:10:00,192.65
2013-10-23 16:10:00,208.85
2013-10-23 17:10:00,201.39
2013-10-23 18:10:00,212.44
2013-10-23 19:10:00,205.56
2013-10-23 20:10:00,208.63
2013-10-23 21:10:00,209
2013-10-23 22:10:00,206.34
2013-10-23 23:10:00,207.9
2013-10-23 24:10:00,213.59
2013-10-24 01:10:00,220.36
2013-10-24 02:10:00,203.84
2013-10-24 03:10:00,210.24
2013-10-24 04:10:00,208.9
2013-10-24 05:10:00,198.18
2013-10-24 06:10:00,247.33
2013-10-24 07:10:00,232.47
2013-10-24 08:10:00,204.74
2013-10-24 09:10:00,191.07
2013-10-24 10:10:00,186.17
2013-10-24 11:10:00,202.72
2013-10-24 13:10:00,187.73
2013-10-24 15:10:00,184.28
2013-10-24 16:10:00,206.08
2013-10-24 17:10:00,195.1
2013-10-24 18:10:00,204.4
2013-10-24 19:10:00,211.81
2013-10-24 20:10:00,206.68
2013-10-24 21:10:00,206.33
2013-10-24 22:10:00,209.17
2013-10-24 23:10:00,200.42
2013-10-24 24:10:00,205.71
2013-10-25 01:10:00,204.19
2013-10-25 02:10:00,203.89
2013-10-25 03:10:00,209.63
2013-10-25 04:10:00,196.2
2013-10-25 05:10:00,202
2013-10-25 06:10:00,212.93
2013-10-25 07:10:00,215.37
2013-10-25 08:10:00,209.76
2013-10-25 09:10:00,219.24
2013-10-25 10:10:00,186.23
2013-10-25 11:10:00,205.76
2013-10-25 12:10:00,212.68
2013-10-25 13:10:00,198.47
2013-10-25 14:10:00,199.13
2013-10-25 15:10:00,212.42
2013-10-25 16:10:00,212.28
2013-10-25 17:10:00,198.78
2013-10-25 18:10:00,203.41
2013-10-25 19:10:00,191.05
2013-10-25 20:10:00,194.78
2013-10-25 21:10:00,182.04
2013-10-25 22:10:00,178.39
2013-10-25 23:10:00,191.23
2013-10-25 24:10:00,194.22
2013-10-26 01:10:00,194.36
2013-10-26 02:10:00,201.88
2013-10-26 03:10:00,199.22
2013-10-26 04:10:00,195.93
2013-10-26 05:10:00,199.08
2013-10-26 06:10:00,202.58
2013-10-26 07:10:00,205.22
2013-10-26 08:10:00,190.5
2013-10-26 09:10:00,196.83
2013-10-26 10:10:00,191.47
2013-10-26 11:10:00,188.85
2013-10-26 12:10:00,219
2013-10-26 13:10:00,221.08
2013-10-26 14:10:00,202.64
2013-10-26 15:10:00,187.62
2013-10-26 16:10:00,203.55
2013-10-26 17:10:00,198.17
2013-10-26 18:10:00,196.73
2013-10-26 19:10:00,198.44
2013-10-26 20:10:00,194.99
2013-10-26 21:10:00,186.83
2013-10-26 22:10:00,196.6
2013-10-26 23:10:00,182.3
2013-10-26 24:10:00,196.35
2013-10-27 01:10:00,203.44
2013-10-27 02:10:00,198.06
2013-10-27 03:10:00,198.81
2013-10-27 03:10:00,204.56
2013-10-27 04:10:00,190.93
2013-10-27 05:10:00,196.41
2013-10-27 06:10:00,220.01
2013-10-27 07:10:00,219.97
2013-10-27 08:10:00,235.84
2013-10-27 09:10:00,218.93
2013-10-27 10:10:00,183.13
2013-10-27 11:10:00,218.41
2013-10-27 12:10:00,191.11
2013-10-27 13:10:00,350.01
2013-10-27 14:10:00,315.1
2013-10-27 15:10:00,309.74
2013-10-27 16:10:00,197.06
2013-10-27 17:10:00,182.13
2013-10-27 18:10:00,196.47
2013-10-27 19:10:00,204.75
2013-10-27 20:10:00,196.48
2013-10-27 21:10:00,199.57
2013-10-27 22:10:00,191.08
2013-10-27 23:10:00,223
2013-10-27 24:10:00,224.74
2013-10-28 01:10:00,215.53
2013-10-28 02:10:00,215.31
2013-10-28 03:10:00,219.49
2013-10-28 04:10:00,201.73
2013-10-28 05:10:00,215.1
2013-10-28 06:10:00,233.28
2013-10-28 07:10:00,222.86
2013-10-28 08:10:00,223.25
2013-10-28 09:10:00,209.39
2013-10-28 10:10:00,191.1
2013-10-28 11:10:00,196.88
2013-10-28 13:10:00,187.27
2013-10-28 14:10:00,191.51
2013-10-28 15:10:00,206.37
2013-10-28 16:10:00,210.79
2013-10-28 17:10:00,207.12
2013-10-28 18:10:00,206.61
2013-10-28 19:10:00,207.77
2013-10-28 20:10:00,210.32
2013-10-28 21:10:00,210.76
2013-10-28 22:10:00,207.38
2013-10-28 23:10:00,210.7
2013-10-28 24:10:00,203.29
2013-10-29 01:10:00,211.16
2013-10-29 02:10:00,199.1
2013-10-29 03:10:00,219.46
2013-10-29 04:10:00,195.75
2013-10-29 05:10:00,223.81
2013-10-29 06:10:00,157.72
2013-10-29 07:10:00,208.21
2013-10-29 08:10:00,200.45
2013-10-29 09:10:00,290
2013-10-29 10:10:00,206.69
2013-10-29 12:10:00,237.06
2013-10-29 13:10:00,237.3
2013-10-29 14:10:00,224.94
2013-10-29 15:10:00,197.62
2013-10-29 16:10:00,211.28
2013-10-29 17:10:00,212.8
2013-10-29 18:10:00,211.09
2013-10-29 19:10:00,212.25
2013-10-29 20:10:00,213.96
2013-10-29 21:10:00,213.49
2013-10-29 22:10:00,214.27
2013-10-29 23:10:00,215.74
2013-10-29 24:10:00,209.91
2013-10-30 01:10:00,222.41
2013-10-30 02:10:00,213.57
2013-10-30 03:10:00,220.44
2013-10-30 04:10:00,209.77
2013-10-30 05:10:00,204.54
2013-10-30 06:10:00,216.45
2013-10-30 07:10:00,230.7
2013-10-30 08:10:00,189.06
2013-10-30 09:10:00,269.24
2013-10-30 10:10:00,241.08
2013-10-30 11:10:00,218.8
2013-10-30 12:10:00,209.55
2013-10-30 13:10:00,208.33
2013-10-30 14:10:00,235.3
2013-10-30 15:10:00,203.13
2013-10-30 16:10:00,234.29
2013-10-30 17:10:00,255.04
2013-10-30 18:10:00,236.98
2013-10-30 19:10:00,233.92
2013-10-30 20:10:00,218.64
2013-10-30 21:10:00,216.85
2013-10-30 22:10:00,211.21
2013-10-30 23:10:00,213.44
2013-10-30 24:10:00,212.57
2013-10-31 01:10:00,212.46
2013-10-31 02:10:00,211.07
2013-10-31 03:10:00,213.33
2013-10-31 04:10:00,223.61
2013-10-31 05:10:00,225.99
2013-10-31 06:10:00,220.37
2013-10-31 07:10:00,221.85
2013-10-31 08:10:00,181.22
2013-10-31 09:10:00,203.96
2013-10-31 10:10:00,258.49
2013-10-31 11:10:00,200.11
2013-10-31 12:10:00,217.38
2013-10-31 13:10:00,211.99
2013-10-31 14:10:00,241.87
2013-10-31 15:10:00,216.33
2013-10-31 16:10:00,219.75
2013-10-31 17:10:00,214.13
2013-10-31 18:10:00,196.16
2013-10-31 19:10:00,211.93
2013-10-31 20:10:00,213.85
2013-10-31 21:10:00,217.14
2013-10-31 22:10:00,212.05
2013-10-31 23:10:00,216.89
2013-10-31 24:10:00,212.62
2013-11-01 01:11:00,219.19
2013-11-01 02:11:00,210.87
2013-11-01 03:11:00,214.67
2013-11-01 04:11:00,197.98
2013-11-01 05:11:00,213.91
2013-11-01 06:11:00,202.14
2013-11-01 07:11:00,222.44
2013-11-01 08:11:00,213.37
2013-11-01 09:11:00,208.27
2013-11-01 10:11:00,203.51
2013-11-01 11:11:00,206.88
2013-11-01 12:11:00,205.96
2013-11-01 13:11:00,215.57
2013-11-01 14:11:00,202.39
2013-11-01 15:11:00,220.77
2013-11-01 16:11:00,215.32
2013-11-01 17:11:00,216.24
2013-11-01 18:11:00,207.05
2013-11-01 19:11:00,218.92
2013-11-01 20:11:00,215.04
2013-11-01 21:11:00,220.66
2013-11-01 22:11:00,213
2013-11-01 23:11:00,213.2
2013-11-01 24:11:00,207.97
2013-11-02 01:11:00,219.04
2013-11-02 02:11:00,204.27
2013-11-02 03:11:00,211.31
2013-11-02 04:11:00,238.91
2013-11-02 05:11:00,217.64
2013-11-02 06:11:00,223.72
2013-11-02 07:11:00,215.33
2013-11-02 08:11:00,226.4
2013-11-02 09:11:00,209.16
2013-11-02 10:11:00,212.8
2013-11-02 11:11:00,306.25
2013-11-02 13:11:00,230
2013-11-02 14:11:00,204.41
2013-11-02 15:11:00,207.27
2013-11-02 16:11:00,220.55
2013-11-02 17:11:00,221.95
2013-11-02 18:11:00,220.18
2013-11-02 19:11:00,220.81
2013-11-02 20:11:00,220.49
2013-11-02 21:11:00,216.99
2013-11-02 22:11:00,219.2
2013-11-02 23:11:00,217.17
2013-11-02 24:11:00,225.52
2013-11-03 01:11:00,221.54
2013-11-03 02:11:00,229.54
2013-11-03 03:11:00,217.85
2013-11-03 04:11:00,210.99
2013-11-03 05:11:00,214.5
2013-11-03 06:11:00,230.09
2013-11-03 07:11:00,206.78
2013-11-03 08:11:00,221.46
2013-11-03 09:11:00,205.8
2013-11-03 10:11:00,216.62
2013-11-03 11:11:00,207.25
2013-11-03 12:11:00,203.81
2013-11-03 13:11:00,198.16
2013-11-03 14:11:00,212.43
2013-11-03 15:11:00,203.93
2013-11-03 16:11:00,211.33
2013-11-03 17:11:00,204.98
2013-11-03 18:11:00,205.72
2013-11-03 19:11:00,217.26
2013-11-03 20:11:00,232.03
2013-11-03 21:11:00,224.11
2013-11-03 22:11:00,244.02
2013-11-03 23:11:00,226.41
2013-11-03 24:11:00,227.07
2013-11-04 01:11:00,216.05
2013-11-04 02:11:00,219.41
2013-11-04 03:11:00,233.57
2013-11-04 04:11:00,228.46
2013-11-04 05:11:00,240.91
2013-11-04 06:11:00,235.21
2013-11-04 07:11:00,272.54
2013-11-04 08:11:00,207.79
2013-11-04 09:11:00,244.37
2013-11-04 10:11:00,211.01
2013-11-04 11:11:00,254.93
2013-11-04 12:11:00,218.33
2013-11-04 13:11:00,221.9
2013-11-04 15:11:00,213.43
2013-11-04 16:11:00,227.33
2013-11-04 17:11:00,233.39
2013-11-04 18:11:00,234.43
2013-11-04 19:11:00,238.78
2013-11-04 20:11:00,237.6
2013-11-04 21:11:00,240.3
2013-11-04 22:11:00,230.84
2013-11-04 23:11:00,238.79
2013-11-04 24:11:00,235.92
2013-11-05 01:11:00,235.24
2013-11-05 02:11:00,242.07
2013-11-05 03:11:00,230.17
2013-11-05 04:11:00,244.41
2013-11-05 05:11:00,246.57
2013-11-05 06:11:00,259.33
2013-11-05 07:11:00,253.91
2013-11-05 08:11:00,199.81
2013-11-05 09:11:00,238.27
2013-11-05 10:11:00,229.8
2013-11-05 11:11:00,257.32
2013-11-05 12:11:00,248.52
2013-11-05 13:11:00,250.31
2013-11-05 14:11:00,271.89
2013-11-05 15:11:00,237.64
2013-11-05 16:11:00,245.3
2013-11-05 17:11:00,254.47
2013-11-05 18:11:00,256.76
2013-11-05 19:11:00,250.35
2013-11-05 20:11:00,255.18
2013-11-05 21:11:00,261.98
2013-11-05 22:11:00,261.63
2013-11-05 23:11:00,255.47
2013-11-05 24:11:00,251.78
2013-11-06 01:11:00,262.14
2013-11-06 02:11:00,258.48
2013-11-06 03:11:00,248.08
2013-11-06 04:11:00,266.15
2013-11-06 05:11:00,305.91
2013-11-06 06:11:00,262
2013-11-06 07:11:00,267.29
2013-11-06 08:11:00,246.01
2013-11-06 09:11:00,239.32
2013-11-06 10:11:00,257.69
2013-11-06 11:11:00,255.96
2013-11-06 12:11:00,243.92
2013-11-06 13:11:00,260.62
2013-11-06 14:11:00,324.56
2013-11-06 15:11:00,292.51
2013-11-06 16:11:00,264.79
2013-11-06 17:11:00,266.75
2013-11-06 18:11:00,270.86
2013-11-06 19:11:00,319.92
2013-11-06 20:11:00,314.37
2013-11-06 21:11:00,272.99
2013-11-06 22:11:00,269.33
2013-11-06 23:11:00,274.64
2013-11-06 24:11:00,269.88
2013-11-07 01:11:00,279.08
2013-11-07 02:11:00,267.04
2013-11-07 03:11:00,284.88
2013-11-07 04:11:00,280.94
2013-11-07 05:11:00,270.81
2013-11-07 06:11:00,333.34
2013-11-07 07:11:00,284.9
2013-11-07 08:11:00,265.02
2013-11-07 09:11:00,388.43
2013-11-07 10:11:00,283.76
2013-11-07 11:11:00,349.12
2013-11-07 12:11:00,295.98
2013-11-07 13:11:00,361.33
2013-11-07 14:11:00,389.73
2013-11-07 15:11:00,266.3
2013-11-07 16:11:00,291.68
2013-11-07 17:11:00,301.95
2013-11-07 18:11:00,307.73
2013-11-07 19:11:00,311.83
2013-11-07 20:11:00,313.71
2013-11-07 21:11:00,304.18
2013-11-07 22:11:00,302.22
2013-11-07 23:11:00,305.33
2013-11-07 24:11:00,296.85
2013-11-08 01:11:00,311.08
2013-11-08 02:11:00,302.61
2013-11-08 03:11:00,314.24
2013-11-08 04:11:00,304.71
2013-11-08 05:11:00,311.74
2013-11-08 06:11:00,330.32
2013-11-08 07:11:00,316.66
2013-11-08 08:11:00,338.09
2013-11-08 09:11:00,316.47
2013-11-08 10:11:00,315.56
2013-11-08 11:11:00,357.85
2013-11-08 12:11:00,335.33
2013-11-08 13:11:00,276.18
2013-11-08 14:11:00,323.99
2013-11-08 15:11:00,307.94
2013-11-08 16:11:00,331.08
2013-11-08 17:11:00,344.58
2013-11-08 18:11:00,345.93
2013-11-08 19:11:00,323.82
2013-11-08 20:11:00,341.94
2013-11-08 21:11:00,347.52
2013-11-08 22:11:00,339.4
2013-11-08 23:11:00,347.88
2013-11-08 24:11:00,310.43
2013-11-09 01:11:00,351.36
2013-11-09 02:11:00,350.22
2013-11-09 03:11:00,336.86
2013-11-09 04:11:00,342.84
2013-11-09 05:11:00,369.25
2013-11-09 06:11:00,353.55
2013-11-09 07:11:00,398.97
2013-11-09 08:11:00,316.07
2013-11-09 09:11:00,323.4
2013-11-09 10:11:00,376.52
2013-11-09 11:11:00,353.08
2013-11-09 12:11:00,392.53
2013-11-09 13:11:00,421.03
2013-11-09 14:11:00,362.98
2013-11-09 15:11:00,339.16
2013-11-09 16:11:00,361.2
2013-11-09 17:11:00,366.83
2013-11-09 18:11:00,369.24
2013-11-09 19:11:00,379
2013-11-09 20:11:00,352.82
2013-11-09 21:11:00,381.85
2013-11-09 22:11:00,367.7
2013-11-09 23:11:00,362.05
2013-11-09 24:11:00,375.46
2013-11-10 01:11:00,374.34
2013-11-10 02:11:00,349.3
2013-11-10 03:11:00,341.52
2013-11-10 04:11:00,329.03
2013-11-10 05:11:00,349.46
2013-11-10 06:11:00,323.22
2013-11-10 07:11:00,314.04
2013-11-10 08:11:00,345.94
2013-11-10 09:11:00,335.78
2013-11-10 10:11:00,329.37
2013-11-10 11:11:00,449.86
2013-11-10 12:11:00,302.99
2013-11-10 13:11:00,313.57
2013-11-10 14:11:00,311.28
2013-11-10 16:11:00,361.3
2013-11-10 17:11:00,326.48
2013-11-10 18:11:00,296.64
2013-11-10 19:11:00,363.36
2013-11-10 20:11:00,314.18
2013-11-10 21:11:00,330.57
2013-11-10 22:11:00,319.9
2013-11-10 23:11:00,312.54
2013-11-10 24:11:00,323.58
2013-11-11 01:11:00,320.32
2013-11-11 02:11:00,347.01
2013-11-11 03:11:00,358.72
2013-11-11 04:11:00,308.11
2013-11-11 05:11:00,332.53
2013-11-11 06:11:00,376.72
2013-11-11 07:11:00,341.4
2013-11-11 08:11:00,380.56
2013-11-11 09:11:00,351.86
2013-11-11 10:11:00,349.66
2013-11-11 11:11:00,337.41
2013-11-11 12:11:00,271.9
2013-11-11 13:11:00,315.74
2013-11-11 14:11:00,339.33
2013-11-11 15:11:00,337.48
2013-11-11 16:11:00,370.79
2013-11-11 17:11:00,361.85
2013-11-11 18:11:00,362.11
2013-11-11 19:11:00,379.72
2013-11-11 20:11:00,366.18
2013-11-11 21:11:00,358.01
2013-11-11 22:11:00,355.56
2013-11-11 23:11:00,346.9
2013-11-11 24:11:00,348.3
2013-11-12 01:11:00,354.35
2013-11-12 02:11:00,359.28
2013-11-12 03:11:00,371
2013-11-12 04:11:00,355
2013-11-12 05:11:00,336.92
2013-11-12 06:11:00,360.05
2013-11-12 07:11:00,330.22
2013-11-12 08:11:00,404.46
2013-11-12 09:11:00,362.06
2013-11-12 10:11:00,375.32
2013-11-12 11:11:00,357.19
2013-11-12 12:11:00,381.93
2013-11-12 13:11:00,367.27
2013-11-12 14:11:00,365.05
2013-11-12 15:11:00,361.47
2013-11-12 16:11:00,424.72
2013-11-12 17:11:00,367.08
2013-11-12 18:11:00,373.79
2013-11-12 19:11:00,375.64
2013-11-12 20:11:00,375.54
2013-11-12 21:11:00,373.61
2013-11-12 22:11:00,365.33
2013-11-12 23:11:00,377.15
2013-11-12 24:11:00,362.48
2013-11-13 01:11:00,376.39
2013-11-13 02:11:00,397.96
2013-11-13 03:11:00,384.08
2013-11-13 04:11:00,380.33
2013-11-13 05:11:00,365.51
2013-11-13 06:11:00,368.04
2013-11-13 07:11:00,395.21
2013-11-13 08:11:00,377.23
2013-11-13 09:11:00,383.37
2013-11-13 10:11:00,382.04
2013-11-13 11:11:00,383.46
2013-11-13 12:11:00,379.99
2013-11-13 13:11:00,400.71
2013-11-13 14:11:00,402.96
2013-11-13 15:11:00,411.71
2013-11-13 16:11:00,386.07
2013-11-13 17:11:00,405.89
2013-11-13 18:11:00,419.4
2013-11-13 19:11:00,390.54
2013-11-13 20:11:00,413.75
2013-11-13 21:11:00,407.2
2013-11-13 22:11:00,411.06
2013-11-13 23:11:00,419.4
2013-11-13 24:11:00,412.33
2013-11-14 01:11:00,419.54
2013-11-14 02:11:00,436.19
2013-11-14 03:11:00,421.87
2013-11-14 04:11:00,361.06
2013-11-14 05:11:00,446.14
2013-11-14 06:11:00,455.71
2013-11-14 07:11:00,448.71
2013-11-14 08:11:00,421.49
2013-11-14 09:11:00,437.47
2013-11-14 10:11:00,354.68
2013-11-14 11:11:00,429.66
2013-11-14 12:11:00,434.63
2013-11-14 13:11:00,410.58
2013-11-14 14:11:00,418.25
2013-11-14 15:11:00,409.57
2013-11-14 16:11:00,420.9
2013-11-14 17:11:00,414.46
2013-11-14 18:11:00,424.03
2013-11-14 19:11:00,432.94
2013-11-14 20:11:00,440.36
2013-11-14 21:11:00,435.11
2013-11-14 22:11:00,434.21
2013-11-14 23:11:00,421.74
2013-11-14 24:11:00,425.14
2013-11-15 01:11:00,433.44
2013-11-15 02:11:00,428.94
2013-11-15 03:11:00,430.93
2013-11-15 04:11:00,439.99
2013-11-15 05:11:00,419.14
2013-11-15 06:11:00,455.72
2013-11-15 07:11:00,457.33
2013-11-15 08:11:00,435.62
2013-11-15 09:11:00,451.58
2013-11-15 10:11:00,385.28
2013-11-15 11:11:00,432.35
2013-11-15 12:11:00,428.64
2013-11-15 13:11:00,418.51
2013-11-15 14:11:00,431.5
2013-11-15 15:11:00,428.2
2013-11-15 16:11:00,450.36
2013-11-15 17:11:00,449.03
2013-11-15 18:11:00,452.31
2013-11-15 19:11:00,444.01
2013-11-15 20:11:00,449.36
2013-11-15 21:11:00,436.13
2013-11-15 22:11:00,443.24
2013-11-15 23:11:00,428.68
2013-11-15 24:11:00,440.15
2013-11-16 01:11:00,426.19
2013-11-16 02:11:00,423.26
2013-11-16 03:11:00,434.81
2013-11-16 04:11:00,424.26
2013-11-16 05:11:00,445.57
2013-11-16 06:11:00,451.75
2013-11-16 07:11:00,449.17
2013-11-16 08:11:00,423.46
2013-11-16 09:11:00,444.19
2013-11-16 10:11:00,430.76
2013-11-16 11:11:00,440.71
2013-11-16 12:11:00,446.26
2013-11-16 13:11:00,435.86
2013-11-16 14:11:00,440.56
2013-11-16 15:11:00,484.01
2013-11-16 16:11:00,460.1
2013-11-16 17:11:00,449.01
2013-11-16 18:11:00,445.3
2013-11-16 19:11:00,462.55
2013-11-16 20:11:00,441.72
2013-11-16 21:11:00,435.44
2013-11-16 22:11:00,459.53
2013-11-16 23:11:00,456.24
2013-11-16 24:11:00,450.56
2013-11-17 01:11:00,454.3
2013-11-17 02:11:00,423.32
2013-11-17 03:11:00,470.87
2013-11-17 04:11:00,436.88
2013-11-17 05:11:00,459.93
2013-11-17 06:11:00,439.72
2013-11-17 07:11:00,462.6
2013-11-17 08:11:00,463.54
2013-11-17 09:11:00,475.14
2013-11-17 10:11:00,463.72
2013-11-17 11:11:00,460.22
2013-11-17 12:11:00,487.62
2013-11-17 13:11:00,550.96
2013-11-17 14:11:00,500.49
2013-11-17 15:11:00,470.59
2013-11-17 16:11:00,550.06
2013-11-17 17:11:00,504.12
2013-11-17 18:11:00,522.23
2013-11-17 19:11:00,481.02
2013-11-17 20:11:00,499.37
2013-11-17 21:11:00,498.38
2013-11-17 22:11:00,485.07
2013-11-17 23:11:00,507.24
2013-11-17 24:11:00,495.6
2013-11-18 01:11:00,479.71
2013-11-18 02:11:00,493.65
2013-11-18 03:11:00,540.8
2013-11-18 04:11:00,512.69
2013-11-18 05:11:00,515.96
2013-11-18 06:11:00,536.91
2013-11-18 07:11:00,474.09
2013-11-18 08:11:00,465.48
2013-11-18 09:11:00,546.32
2013-11-18 10:11:00,553.51
2013-11-18 11:11:00,535.79
2013-11-18 12:11:00,555.85
2013-11-18 13:11:00,535.19
2013-11-18 14:11:00,447.17
2013-11-18 15:11:00,520.33
2013-11-18 16:11:00,559.9
2013-11-18 17:11:00,547.5
2013-11-18 18:11:00,573.49
2013-11-18 19:11:00,613.56
2013-11-18 20:11:00,614.49
2013-11-18 21:11:00,622.91
2013-11-18 22:11:00,625.12
2013-11-18 23:11:00,627.76
2013-11-18 24:11:00,663.61
2013-11-19 01:11:00,686.76
2013-11-19 02:11:00,734.09
2013-11-19 03:11:00,729.1
2013-11-19 04:11:00,703.96
2013-11-19 05:11:00,669.32
2013-11-19 06:11:00,710.24
2013-11-19 07:11:00,947.57
2013-11-19 08:11:00,685.62
2013-11-19 09:11:00,783.12
2013-11-19 10:11:00,675.05
2013-11-19 11:11:00,662.55
2013-11-19 12:11:00,814.32
2013-11-19 13:11:00,663.13
2013-11-19 14:11:00,724.91
2013-11-19 15:11:00,539.06
2013-11-19 16:11:00,606.52
2013-11-19 17:11:00,659.67
2013-11-19 18:11:00,676.3
2013-11-19 19:11:00,656.09
2013-11-19 20:11:00,739.71
2013-11-19 21:11:00,719.04
2013-11-19 22:11:00,768.52
2013-11-19 23:11:00,767.37
2013-11-19 24:11:00,740.97
2013-11-20 01:11:00,697.86
2013-11-20 02:11:00,732.96
2013-11-20 03:11:00,599.5
2013-11-20 04:11:00,678.7
2013-11-20 05:11:00,690.38
2013-11-20 06:11:00,591.8
2013-11-20 07:11:00,713.31
2013-11-20 08:11:00,539.91
2013-11-20 09:11:00,588.39
2013-11-20 10:11:00,558.28
2013-11-20 11:11:00,569.81
2013-11-20 12:11:00,489.8
2013-11-20 13:11:00,510.73
2013-11-20 14:11:00,481.63
2013-11-20 15:11:00,499.24
2013-11-20 16:11:00,558.83
2013-11-20 17:11:00,580.4
2013-11-20 18:11:00,583.46
2013-11-20 19:11:00,612.15
2013-11-20 20:11:00,648.78
2013-11-20 21:11:00,639.27
2013-11-20 22:11:00,629.09
2013-11-20 23:11:00,643.85
2013-11-20 24:11:00,617.06
2013-11-21 01:11:00,615.01
2013-11-21 02:11:00,649.26
2013-11-21 03:11:00,621
2013-11-21 04:11:00,620.11
2013-11-21 05:11:00,756.99
2013-11-21 06:11:00,632.76
2013-11-21 07:11:00,713.8
2013-11-21 08:11:00,688.78
2013-11-21 09:11:00,636.89
2013-11-21 10:11:00,648.45
2013-11-21 11:11:00,564.89
2013-11-21 12:11:00,659.13
2013-11-21 13:11:00,661.81
2013-11-21 14:11:00,665.5
2013-11-21 15:11:00,707.42
2013-11-21 16:11:00,700.88
2013-11-21 17:11:00,679.69
2013-11-21 18:11:00,720.96
2013-11-21 19:11:00,730.18
2013-11-21 20:11:00,721.44
2013-11-21 21:11:00,709.02
2013-11-21 22:11:00,696.3
2013-11-21 23:11:00,703.76
2013-11-21 24:11:00,728.46
2013-11-22 01:11:00,712.41
2013-11-22 02:11:00,741.76
2013-11-22 03:11:00,739.54
2013-11-22 04:11:00,734.05
2013-11-22 05:11:00,798.97
2013-11-22 06:11:00,820.91
2013-11-22 07:11:00,739.21
2013-11-22 08:11:00,755.46
2013-11-22 09:11:00,734.85
2013-11-22 10:11:00,748.03
2013-11-22 11:11:00,690.32
2013-11-22 12:11:00,741.45
2013-11-22 13:11:00,645.97
2013-11-22 14:11:00,733.68
2013-11-22 15:11:00,600.15
2013-11-22 16:11:00,791.1
2013-11-22 17:11:00,772.23
2013-11-22 18:11:00,774.28
2013-11-22 19:11:00,775.25
2013-11-22 20:11:00,776.49
2013-11-22 21:11:00,788.07
2013-11-22 22:11:00,780.49
2013-11-22 23:11:00,774.76
2013-11-22 24:11:00,768.57
2013-11-23 01:11:00,781.15
2013-11-23 02:11:00,806.5
2013-11-23 03:11:00,805.63
2013-11-23 04:11:00,814.41
2013-11-23 05:11:00,819.05
2013-11-23 06:11:00,839.25
2013-11-23 07:11:00,843.42
2013-11-23 08:11:00,813.04
2013-11-23 09:11:00,767.76
2013-11-23 10:11:00,846.37
2013-11-23 11:11:00,862.16
2013-11-23 12:11:00,874.6
2013-11-23 13:11:00,798.75
2013-11-23 14:11:00,835.97
2013-11-23 15:11:00,889.24
2013-11-23 16:11:00,892.08
2013-11-23 17:11:00,824.63
2013-11-23 18:11:00,848.58
2013-11-23 19:11:00,854.27
2013-11-23 20:11:00,858.59
2013-11-23 21:11:00,778.9
2013-11-23 22:11:00,744.71
2013-11-23 23:11:00,821.8
2013-11-23 24:11:00,886.95
2013-11-24 01:11:00,870.4
2013-11-24 02:11:00,845.58
2013-11-24 03:11:00,831.81
2013-11-24 04:11:00,892.64
2013-11-24 05:11:00,861.69
2013-11-24 06:11:00,791.37
2013-11-24 07:11:00,838.02
2013-11-24 08:11:00,823.21
2013-11-24 09:11:00,931.7
2013-11-24 10:11:00,774.13
2013-11-24 11:11:00,761.64
2013-11-24 12:11:00,768.95
2013-11-24 13:11:00,788.71
2013-11-24 14:11:00,843.08
2013-11-24 15:11:00,773.94
2013-11-24 16:11:00,1119.35
2013-11-24 17:11:00,826.85
2013-11-24 18:11:00,958.15
2013-11-24 19:11:00,870.38
2013-11-24 20:11:00,878.92
2013-11-24 21:11:00,874.91
2013-11-24 22:11:00,950.14
2013-11-24 23:11:00,1007.49
2013-11-24 24:11:00,818.71
2013-11-25 01:11:00,858.03
2013-11-25 02:11:00,796.45
2013-11-25 03:11:00,796.81
2013-11-25 04:11:00,868.61
2013-11-25 05:11:00,906.47
2013-11-25 06:11:00,904.77
2013-11-25 07:11:00,823.62
2013-11-25 08:11:00,836.34
2013-11-25 09:11:00,780.88
2013-11-25 10:11:00,958.48
2013-11-25 11:11:00,858.58
2013-11-25 12:11:00,832.29
2013-11-25 13:11:00,824.11
2013-11-25 14:11:00,857.32
2013-11-25 15:11:00,794.78
2013-11-25 16:11:00,873.17
2013-11-25 17:11:00,879.17
2013-11-25 18:11:00,841.52
2013-11-25 19:11:00,853.51
2013-11-25 20:11:00,853.55
2013-11-25 21:11:00,853.7
2013-11-25 22:11:00,830.28
2013-11-25 23:11:00,823.33
2013-11-25 24:11:00,845.62
2013-11-26 01:11:00,884.7
2013-11-26 02:11:00,834.95
2013-11-26 03:11:00,882.32
2013-11-26 04:11:00,761.24
2013-11-26 05:11:00,920.2
2013-11-26 06:11:00,911.83
2013-11-26 07:11:00,851.9
2013-11-26 08:11:00,911.59
2013-11-26 09:11:00,980.44
2013-11-26 10:11:00,874.51
2013-11-26 11:11:00,837.39
2013-11-26 12:11:00,811.46
2013-11-26 13:11:00,824.77
2013-11-26 14:11:00,816.25
2013-11-26 15:11:00,882.41
2013-11-26 16:11:00,941.69
2013-11-26 17:11:00,888.66
2013-11-26 18:11:00,871.83
2013-11-26 19:11:00,870.02
2013-11-26 20:11:00,877.61
2013-11-26 21:11:00,872.81
2013-11-26 22:11:00,894.65
2013-11-26 23:11:00,916.74
2013-11-26 24:11:00,878.03
2013-11-27 01:11:00,970.97
2013-11-27 02:11:00,935.2
2013-11-27 03:11:00,899.45
2013-11-27 04:11:00,949.53
2013-11-27 05:11:00,911.54
2013-11-27 06:11:00,989.66
2013-11-27 07:11:00,972.8
2013-11-27 08:11:00,1000.89
2013-11-27 09:11:00,961.12
2013-11-27 10:11:00,916.92
2013-11-27 11:11:00,840.39
2013-11-27 12:11:00,933.67
2013-11-27 13:11:00,893.28
2013-11-27 14:11:00,921.93
2013-11-27 15:11:00,943.88
2013-11-27 16:11:00,969.92
2013-11-27 17:11:00,978.54
2013-11-27 18:11:00,1007.26
2013-11-27 19:11:00,1014.18
2013-11-27 20:11:00,1017.68
2013-11-27 21:11:00,1013.25
2013-11-27 22:11:00,990.81
2013-11-27 23:11:00,1020.67
2013-11-27 24:11:00,1017.92
2013-11-28 01:11:00,1007.52
2013-11-28 02:11:00,1080.42
2013-11-28 03:11:00,981.77
2013-11-28 04:11:00,1016.55
2013-11-28 05:11:00,975.42
2013-11-28 06:11:00,970.55
2013-11-28 07:11:00,990.63
2013-11-28 08:11:00,1038.12
2013-11-28 09:11:00,1026.22
2013-11-28 10:11:00,995.74
2013-11-28 11:11:00,981.06
2013-11-28 12:11:00,982.66
2013-11-28 13:11:00,975.79
2013-11-28 14:11:00,1067.97
2013-11-28 15:11:00,1040.31
2013-11-28 16:11:00,1013.79
2013-11-28 17:11:00,1050.6
2013-11-28 18:11:00,968.3
2013-11-28 19:11:00,1042.61
2013-11-28 20:11:00,1198.13
2013-11-28 21:11:00,1036.83
2013-11-28 22:11:00,1159.04
2013-11-28 23:11:00,1183.68
2013-11-28 24:11:00,1202.97
2013-11-29 01:11:00,1062.04
2013-11-29 02:11:00,1217.33
2013-11-29 03:11:00,1062.46
2013-11-29 04:11:00,1063.23
2013-11-29 05:11:00,1170.47
2013-11-29 06:11:00,1122.47
2013-11-29 07:11:00,1181.3
2013-11-29 08:11:00,1120.48
2013-11-29 09:11:00,1182.25
2013-11-29 10:11:00,1068.26
2013-11-29 11:11:00,860.7
2013-11-29 12:11:00,1046.92
2013-11-29 13:11:00,1067.19
2013-11-29 14:11:00,1091
2013-11-29 15:11:00,911.59
2013-11-29 16:11:00,1127.8
2013-11-29 17:11:00,1111.37
2013-11-29 18:11:00,1197.67
2013-11-29 19:11:00,1183.76
2013-11-29 20:11:00,1180.94
2013-11-29 21:11:00,1168.67
2013-11-29 22:11:00,1167.12
2013-11-29 23:11:00,1134.82
2013-11-29 24:11:00,1169.39
2013-11-30 01:11:00,1192
2013-11-30 02:11:00,1243.68
2013-11-30 03:11:00,1215.92
2013-11-30 04:11:00,1223.64
2013-11-30 05:11:00,1163.49
2013-11-30 06:11:00,1238.39
2013-11-30 07:11:00,1229.01
2013-11-30 08:11:00,1213.52
2013-11-30 09:11:00,1094.08
2013-11-30 10:11:00,1187.87
2013-11-30 11:11:00,1116.5
2013-11-30 12:11:00,1155.52
2013-11-30 13:11:00,1155.56
2013-11-30 14:11:00,1161.85
2013-11-30 15:11:00,1204.38
2013-11-30 16:11:00,1176.07
2013-11-30 17:11:00,1229.9
2013-11-30 18:11:00,1202.33
2013-11-30 19:11:00,1237.12
2013-11-30 20:11:00,1216.67
2013-11-30 21:11:00,1175.34
2013-11-30 22:11:00,1244.96
2013-11-30 23:11:00,1250.84
2013-11-30 24:11:00,1214.09
2013-12-01 01:12:00,1219.33
2013-12-01 02:12:00,1173.09
2013-12-01 03:12:00,1203.25
2013-12-01 04:12:00,1243.5
2013-12-01 05:12:00,1249.76
2013-12-01 06:12:00,1244.14
2013-12-01 07:12:00,1134.53
2013-12-01 08:12:00,1107.47
2013-12-01 09:12:00,1106.06
2013-12-01 10:12:00,1073.79
2013-12-01 11:12:00,1112.99
2013-12-01 12:12:00,1231.24
2013-12-01 13:12:00,1037.4
2013-12-01 14:12:00,1108.88
2013-12-01 15:12:00,1014.89
2013-12-01 16:12:00,1059.75
2013-12-01 17:12:00,1227.53
2013-12-01 18:12:00,1155.1
2013-12-01 19:12:00,1041.64
2013-12-01 20:12:00,1070.2
2013-12-01 21:12:00,996.8
2013-12-01 22:12:00,844.97
2013-12-01 23:12:00,1001.82
2013-12-01 24:12:00,943.1
2013-12-02 01:12:00,1044.6
2013-12-02 02:12:00,989.54
2013-12-02 03:12:00,1014.85
2013-12-02 04:12:00,928.47
2013-12-02 05:12:00,1082.54
2013-12-02 06:12:00,1082.89
2013-12-02 07:12:00,1103.3
2013-12-02 08:12:00,1032.55
2013-12-02 09:12:00,1277.07
2013-12-02 10:12:00,1130.22
2013-12-02 11:12:00,1178.73
2013-12-02 12:12:00,1170.79
2013-12-02 13:12:00,1017.46
2013-12-02 14:12:00,1031.8
2013-12-02 15:12:00,1188.78
2013-12-02 16:12:00,1063.22
2013-12-02 17:12:00,1078.13
2013-12-02 18:12:00,1094.6
2013-12-02 19:12:00,1060.79
2013-12-02 20:12:00,1053.69
2013-12-02 21:12:00,1046.15
2013-12-02 22:12:00,1043.83
2013-12-02 23:12:00,1051.26
2013-12-02 24:12:00,1046.38
2013-12-03 01:12:00,1061.32
2013-12-03 02:12:00,1048.88
2013-12-03 03:12:00,1053.59
2013-12-03 04:12:00,1060.49
2013-12-03 05:12:00,1072.71
2013-12-03 06:12:00,1090.76
2013-12-03 07:12:00,1063.97
2013-12-03 08:12:00,1045.15
2013-12-03 09:12:00,1075.47
2013-12-03 10:12:00,1034.16
2013-12-03 11:12:00,1045.89
2013-12-03 12:12:00,1049.36
2013-12-03 13:12:00,1043.26
2013-12-03 14:12:00,1086.33
2013-12-03 15:12:00,933.18
2013-12-03 16:12:00,1051.56
2013-12-03 17:12:00,1187.55
2013-12-03 18:12:00,1091.01
2013-12-03 19:12:00,1089.42
2013-12-03 20:12:00,1084.98
2013-12-03 21:12:00,1099.88
2013-12-03 22:12:00,1108.11
2013-12-03 23:12:00,1087.18
2013-12-03 24:12:00,1095.13
2013-12-04 01:12:00,1104.67
2013-12-04 02:12:00,1070.35
2013-12-04 03:12:00,1111.63
2013-12-04 04:12:00,1062.89
2013-12-04 05:12:00,1146.27
2013-12-04 06:12:00,1080.97
2013-12-04 07:12:00,1028.32
2013-12-04 08:12:00,1102.68
2013-12-04 09:12:00,1165.39
2013-12-04 10:12:00,1139.28
2013-12-04 11:12:00,1087.41
2013-12-04 12:12:00,1347.28
2013-12-04 13:12:00,1099.19
2013-12-04 14:12:00,1168.19
2013-12-04 15:12:00,1017.9
2013-12-04 16:12:00,1042.14
2013-12-04 17:12:00,1060.38
2013-12-04 18:12:00,1037.71
2013-12-04 19:12:00,1139
2013-12-04 20:12:00,1117.94
2013-12-04 21:12:00,1170.6
2013-12-04 22:12:00,1173.98
2013-12-04 23:12:00,1168.47
2013-12-04 24:12:00,1188.7
2013-12-05 01:12:00,1158.28
2013-12-05 02:12:00,1159.5
2013-12-05 03:12:00,1140.39
2013-12-05 04:12:00,1147.03
2013-12-05 05:12:00,1198.5
2013-12-05 06:12:00,1129.67
2013-12-05 07:12:00,1287.58
2013-12-05 08:12:00,1178.84
2013-12-05 09:12:00,1107.97
2013-12-05 10:12:00,1139.76
2013-12-05 11:12:00,1009.34
2013-12-05 12:12:00,928.88
2013-12-05 13:12:00,966.67
2013-12-05 14:12:00,977.11
2013-12-05 15:12:00,1014.96
2013-12-05 16:12:00,1074.63
2013-12-05 17:12:00,1052.06
2013-12-05 18:12:00,1065.64
2013-12-05 19:12:00,1041.3
2013-12-05 20:12:00,1073.34
2013-12-05 21:12:00,1055.79
2013-12-05 22:12:00,1063.03
2013-12-05 23:12:00,1076.68
2013-12-05 24:12:00,1022.59
2013-12-06 01:12:00,1045.67
2013-12-06 02:12:00,1058.77
2013-12-06 03:12:00,1019.15
2013-12-06 04:12:00,1061.22
2013-12-06 05:12:00,1073.8
2013-12-06 06:12:00,1032.79
2013-12-06 07:12:00,972.04
2013-12-06 08:12:00,975.63
2013-12-06 09:12:00,1009.57
2013-12-06 10:12:00,1037.75
2013-12-06 11:12:00,1100.64
2013-12-06 12:12:00,1078.34
2013-12-06 13:12:00,1064.43
2013-12-06 14:12:00,1038.73
2013-12-06 15:12:00,1171.96
2013-12-06 16:12:00,1035.61
2013-12-06 17:12:00,977.97
2013-12-06 18:12:00,986.72
2013-12-06 19:12:00,949.53
2013-12-06 20:12:00,968.3
2013-12-06 21:12:00,951.45
2013-12-06 22:12:00,932.63
2013-12-06 23:12:00,921.08
2013-12-06 24:12:00,936.31
2013-12-07 01:12:00,960.84
2013-12-07 02:12:00,915.84
2013-12-07 03:12:00,895.94
2013-12-07 04:12:00,804.29
2013-12-07 05:12:00,832.72
2013-12-07 06:12:00,823.95
2013-12-07 07:12:00,907.76
2013-12-07 08:12:00,795.2
2013-12-07 09:12:00,762.42
2013-12-07 10:12:00,683.1
2013-12-07 11:12:00,678.43
2013-12-07 12:12:00,871.5
2013-12-07 13:12:00,753.26
2013-12-07 14:12:00,827.48
2013-12-07 15:12:00,760.19
2013-12-07 16:12:00,829.42
2013-12-07 17:12:00,844.48
2013-12-07 18:12:00,764.05
2013-12-07 19:12:00,795.63
2013-12-07 20:12:00,801.12
2013-12-07 21:12:00,812.24
2013-12-07 22:12:00,792.04
2013-12-07 23:12:00,823.39
2013-12-07 24:12:00,780.77
2013-12-08 01:12:00,806.41
2013-12-08 02:12:00,834.58
2013-12-08 03:12:00,785.78
2013-12-08 04:12:00,724.31
2013-12-08 05:12:00,927.31
2013-12-08 06:12:00,815.68
2013-12-08 07:12:00,737.57
2013-12-08 08:12:00,809.39
2013-12-08 09:12:00,769.66
2013-12-08 10:12:00,755.41
2013-12-08 11:12:00,784.95
2013-12-08 12:12:00,770.68
2013-12-08 13:12:00,793.75
2013-12-08 14:12:00,748.66
2013-12-08 15:12:00,752.68
2013-12-08 16:12:00,786.05
2013-12-08 17:12:00,828.61
2013-12-08 18:12:00,752.1
2013-12-08 19:12:00,867.32
2013-12-08 20:12:00,770.03
2013-12-08 21:12:00,793.68
2013-12-08 22:12:00,814.93
2013-12-08 23:12:00,782.13
2013-12-08 24:12:00,831.3
2013-12-09 01:12:00,878.48
2013-12-09 02:12:00,871.54
2013-12-09 03:12:00,845.89
2013-12-09 04:12:00,824.99
2013-12-09 05:12:00,920.65
2013-12-09 06:12:00,874.63
2013-12-09 07:12:00,974.14
2013-12-09 08:12:00,950.31
2013-12-09 09:12:00,892.1
2013-12-09 10:12:00,910.3
2013-12-09 11:12:00,899.81
2013-12-09 12:12:00,897.17
2013-12-09 13:12:00,905.59
2013-12-09 14:12:00,864.08
2013-12-09 15:12:00,848.94
2013-12-09 16:12:00,934.03
2013-12-09 17:12:00,924.77
2013-12-09 18:12:00,949.57
2013-12-09 19:12:00,953.86
2013-12-09 20:12:00,963.83
2013-12-09 21:12:00,928.14
2013-12-09 22:12:00,957.03
2013-12-09 23:12:00,955.33
2013-12-09 24:12:00,978.42
2013-12-10 01:12:00,950.79
2013-12-10 02:12:00,958.33
2013-12-10 03:12:00,931.66
2013-12-10 04:12:00,1007.93
2013-12-10 05:12:00,1001.18
2013-12-10 06:12:00,1018.11
2013-12-10 07:12:00,1118.26
2013-12-10 08:12:00,901.57
2013-12-10 09:12:00,1014.17
2013-12-10 10:12:00,1038.08
2013-12-10 11:12:00,1046.07
2013-12-10 12:12:00,940.69
2013-12-10 13:12:00,920.5
2013-12-10 14:12:00,959.27
2013-12-10 15:12:00,926.96
2013-12-10 16:12:00,940.45
2013-12-10 17:12:00,1002.16
2013-12-10 18:12:00,976.14
2013-12-10 19:12:00,994.56
2013-12-10 20:12:00,982.86
2013-12-10 21:12:00,980.34
2013-12-10 22:12:00,1036.46
2013-12-10 23:12:00,988.89
2013-12-10 24:12:00,1016.15
2013-12-11 01:12:00,1066.42
2013-12-11 02:12:00,1005.58
2013-12-11 03:12:00,1007.2
2013-12-11 04:12:00,987.75
2013-12-11 05:12:00,939.16
2013-12-11 06:12:00,1072.07
2013-12-11 07:12:00,980.96
2013-12-11 08:12:00,1107.06
2013-12-11 09:12:00,992.35
2013-12-11 10:12:00,958.85
2013-12-11 11:12:00,1091.61
2013-12-11 12:12:00,905.03
2013-12-11 13:12:00,904.63
2013-12-11 14:12:00,858.17
2013-12-11 15:12:00,952.54
2013-12-11 16:12:00,920.68
2013-12-11 17:12:00,983.83
2013-12-11 18:12:00,976.96
2013-12-11 19:12:00,945.44
2013-12-11 20:12:00,938.63
2013-12-11 21:12:00,943.88
2013-12-11 22:12:00,947.1
2013-12-11 23:12:00,885.05
2013-12-11 24:12:00,923.91
2013-12-12 01:12:00,919.77
2013-12-12 02:12:00,977.67
2013-12-12 03:12:00,968.45
2013-12-12 04:12:00,995.75
2013-12-12 05:12:00,965.07
2013-12-12 06:12:00,948.03
2013-12-12 07:12:00,994.31
2013-12-12 08:12:00,964.41
2013-12-12 09:12:00,986.96
2013-12-12 10:12:00,1206.79
2013-12-12 11:12:00,1126.68
2013-12-12 12:12:00,973.29
2013-12-12 13:12:00,991.12
2013-12-12 14:12:00,862.79
2013-12-12 15:12:00,985.7
2013-12-12 16:12:00,963.57
2013-12-12 17:12:00,943.74
2013-12-12 18:12:00,948.08
2013-12-12 19:12:00,919.79
2013-12-12 20:12:00,935.54
2013-12-12 21:12:00,897.97
2013-12-12 22:12:00,903.8
2013-12-12 23:12:00,916.3
2013-12-12 24:12:00,908.64
2013-12-13 01:12:00,942.81
2013-12-13 02:12:00,933.2
2013-12-13 03:12:00,924.92
2013-12-13 04:12:00,956.25
2013-12-13 05:12:00,1089.04
2013-12-13 06:12:00,951.31
2013-12-13 07:12:00,1068.42
2013-12-13 08:12:00,1028.57
2013-12-13 09:12:00,1020.93
2013-12-13 10:12:00,998.1
2013-12-13 11:12:00,910.79
2013-12-13 12:12:00,990.9
2013-12-13 13:12:00,1066.65
2013-12-13 14:12:00,901.41
2013-12-13 15:12:00,912.41
2013-12-13 16:12:00,901.22
2013-12-13 17:12:00,932.33
2013-12-13 18:12:00,911.31
2013-12-13 19:12:00,897.64
2013-12-13 20:12:00,905.19
2013-12-13 21:12:00,918.48
2013-12-13 22:12:00,925.02
2013-12-13 23:12:00,932.55
2013-12-13 24:12:00,914.04
2013-12-14 01:12:00,921.93
2013-12-14 02:12:00,980.61
2013-12-14 03:12:00,986.96
2013-12-14 04:12:00,936.18
2013-12-14 05:12:00,968.5
2013-12-14 06:12:00,965.68
2013-12-14 07:12:00,911.29
2013-12-14 08:12:00,997.16
2013-12-14 09:12:00,1076.29
2013-12-14 10:12:00,989.61
2013-12-14 11:12:00,865.07
2013-12-14 12:12:00,979.3
2013-12-14 13:12:00,1044.42
2013-12-14 14:12:00,910.87
2013-12-14 15:12:00,926.7
2013-12-14 16:12:00,875.28
2013-12-14 17:12:00,965
2013-12-14 18:12:00,925.98
2013-12-14 19:12:00,931.01
2013-12-14 20:12:00,934.32
2013-12-14 21:12:00,927.11
2013-12-14 22:12:00,940.64
2013-12-14 23:12:00,938.06
2013-12-14 24:12:00,951.68
2013-12-15 01:12:00,960.43
2013-12-15 02:12:00,896.31
2013-12-15 03:12:00,1012.86
2013-12-15 04:12:00,897.99
2013-12-15 05:12:00,928.43
2013-12-15 06:12:00,1076.39
2013-12-15 07:12:00,905.3
2013-12-15 08:12:00,1009.19
2013-12-15 09:12:00,963.15
2013-12-15 10:12:00,860.23
2013-12-15 11:12:00,903.53
2013-12-15 12:12:00,1146.18
2013-12-15 13:12:00,839.53
2013-12-15 14:12:00,907.12
2013-12-15 15:12:00,902.56
2013-12-15 16:12:00,1135.2
2013-12-15 17:12:00,925.55
2013-12-15 18:12:00,1097.98
2013-12-15 19:12:00,891.34
2013-12-15 20:12:00,961.34
2013-12-15 21:12:00,927.03
2013-12-15 22:12:00,870.62
2013-12-15 23:12:00,877.09
2013-12-15 24:12:00,928.64
2013-12-16 01:12:00,920.01
2013-12-16 02:12:00,978.8
2013-12-16 03:12:00,906.4
2013-12-16 04:12:00,892.33
2013-12-16 05:12:00,902.82
2013-12-16 06:12:00,934.25
2013-12-16 07:12:00,1040.57
2013-12-16 08:12:00,1059.06
2013-12-16 09:12:00,1054.06
2013-12-16 10:12:00,855.29
2013-12-16 11:12:00,873.46
2013-12-16 12:12:00,854.47
2013-12-16 13:12:00,902.44
2013-12-16 14:12:00,777.45
2013-12-16 15:12:00,663.19
2013-12-16 16:12:00,839.54
2013-12-16 17:12:00,854.98
2013-12-16 18:12:00,830.97
2013-12-16 19:12:00,827.19
2013-12-16 20:12:00,807.01
2013-12-16 21:12:00,766.43
2013-12-16 22:12:00,766.17
2013-12-16 23:12:00,760.35
2013-12-16 24:12:00,759.58
2013-12-17 01:12:00,773.74
2013-12-17 02:12:00,755.99
2013-12-17 03:12:00,815.58
2013-12-17 04:12:00,787.56
2013-12-17 05:12:00,768.92
2013-12-17 06:12:00,709.5
2013-12-17 07:12:00,707.01
2013-12-17 08:12:00,768.99
2013-12-17 09:12:00,778.4
2013-12-17 10:12:00,750.26
2013-12-17 11:12:00,745.15
2013-12-17 12:12:00,810.93
2013-12-17 13:12:00,871.54
2013-12-17 14:12:00,710.38
2013-12-17 15:12:00,728.33
2013-12-17 16:12:00,747.86
2013-12-17 17:12:00,740.57
2013-12-17 18:12:00,765.27
2013-12-17 19:12:00,745.81
2013-12-17 20:12:00,749.19
2013-12-17 21:12:00,770.76
2013-12-17 22:12:00,746.09
2013-12-17 23:12:00,744.24
2013-12-17 24:12:00,752.93
2013-12-18 01:12:00,732.34
2013-12-18 02:12:00,793.9
2013-12-18 03:12:00,720.68
2013-12-18 04:12:00,776.05
2013-12-18 05:12:00,710.75
2013-12-18 06:12:00,748.3
2013-12-18 07:12:00,716.66
2013-12-18 08:12:00,618.64
2013-12-18 09:12:00,566.64
2013-12-18 10:12:00,590.21
2013-12-18 11:12:00,513.9
2013-12-18 12:12:00,508.39
2013-12-18 13:12:00,556.61
2013-12-18 14:12:00,483.4
2013-12-18 15:12:00,536.56
2013-12-18 16:12:00,554.75
2013-12-18 17:12:00,604.45
2013-12-18 18:12:00,614.6
2013-12-18 19:12:00,603.34
2013-12-18 20:12:00,626.99
2013-12-18 21:12:00,637.62
2013-12-18 22:12:00,629.12
2013-12-18 23:12:00,615.05
2013-12-18 24:12:00,615.37
2013-12-19 01:12:00,584.71
2013-12-19 02:12:00,630.23
2013-12-19 03:12:00,637.26
2013-12-19 04:12:00,662.18
2013-12-19 05:12:00,584.78
2013-12-19 06:12:00,653.14
2013-12-19 07:12:00,641.93
2013-12-19 08:12:00,612.93
2013-12-19 09:12:00,644.93
2013-12-19 10:12:00,642.22
2013-12-19 11:12:00,689.5
2013-12-19 12:12:00,612.72
2013-12-19 13:12:00,651.92
2013-12-19 14:12:00,675.53
2013-12-19 15:12:00,691.36
2013-12-19 16:12:00,660.83
2013-12-19 17:12:00,717.9
2013-12-19 18:12:00,691.31
2013-12-19 19:12:00,697.2
2013-12-19 20:12:00,717.66
2013-12-19 21:12:00,701.56
2013-12-19 22:12:00,716.08
2013-12-19 23:12:00,695.75
2013-12-19 24:12:00,709.67
2013-12-20 01:12:00,746.18
2013-12-20 02:12:00,723.81
2013-12-20 03:12:00,759.2
2013-12-20 04:12:00,731.31
2013-12-20 05:12:00,745.51
2013-12-20 06:12:00,754.33
2013-12-20 07:12:00,882.95
2013-12-20 08:12:00,815.29
2013-12-20 09:12:00,696.65
2013-12-20 10:12:00,894.91
2013-12-20 11:12:00,701.61
2013-12-20 12:12:00,699.37
2013-12-20 13:12:00,679.66
2013-12-20 14:12:00,710.68
2013-12-20 15:12:00,763.2
2013-12-20 16:12:00,794.51
2013-12-20 17:12:00,783.12
2013-12-20 18:12:00,730.74
2013-12-20 19:12:00,751.89
2013-12-20 20:12:00,730.56
2013-12-20 21:12:00,738.5
2013-12-20 22:12:00,677.96
2013-12-20 23:12:00,692.35
2013-12-20 24:12:00,687.79
2013-12-21 01:12:00,687.56
2013-12-21 02:12:00,674.25
2013-12-21 03:12:00,685.42
2013-12-21 04:12:00,692.67
2013-12-21 05:12:00,743.51
2013-12-21 06:12:00,739.23
2013-12-21 07:12:00,690.71
2013-12-21 08:12:00,724.04
2013-12-21 09:12:00,673.69
2013-12-21 10:12:00,708.86
2013-12-21 11:12:00,651.55
2013-12-21 12:12:00,658.59
2013-12-21 13:12:00,665.24
2013-12-21 14:12:00,701
2013-12-21 15:12:00,701.66
2013-12-21 16:12:00,885.52
2013-12-21 17:12:00,664.09
2013-12-21 18:12:00,651.98
2013-12-21 19:12:00,653.86
2013-12-21 20:12:00,663.33
2013-12-21 21:12:00,694.4
2013-12-21 22:12:00,689.5
2013-12-21 23:12:00,675.96
2013-12-21 24:12:00,668.74
2013-12-22 01:12:00,725.42
2013-12-22 02:12:00,719.27
2013-12-22 03:12:00,728.09
2013-12-22 04:12:00,671.3
2013-12-22 05:12:00,693.62
2013-12-22 06:12:00,832.82
2013-12-22 07:12:00,702.98
2013-12-22 08:12:00,719.13
2013-12-22 09:12:00,641.08
2013-12-22 10:12:00,701.06
2013-12-22 11:12:00,661.36
2013-12-22 12:12:00,703.91
2013-12-22 13:12:00,616.39
2013-12-22 14:12:00,647.15
2013-12-22 15:12:00,656.03
2013-12-22 16:12:00,666.83
2013-12-22 17:12:00,671.64
2013-12-22 18:12:00,711.1
2013-12-22 19:12:00,655.81
2013-12-22 20:12:00,630.33
2013-12-22 21:12:00,761.42
2013-12-22 22:12:00,757.05
2013-12-22 23:12:00,660.77
2013-12-22 24:12:00,727.89
2013-12-23 01:12:00,787.01
2013-12-23 02:12:00,810.86
2013-12-23 03:12:00,758.94
2013-12-23 04:12:00,665.04
2013-12-23 05:12:00,743.76
2013-12-23 06:12:00,685.26
2013-12-23 07:12:00,760.34
2013-12-23 08:12:00,783.76
2013-12-23 09:12:00,850.02
2013-12-23 10:12:00,683.37
2013-12-23 11:12:00,705.42
2013-12-23 12:12:00,664.52
2013-12-23 13:12:00,663.09
2013-12-23 14:12:00,838.97
2013-12-23 15:12:00,613.67
2013-12-23 16:12:00,810.25
2013-12-23 17:12:00,697.78
2013-12-23 18:12:00,685.42
2013-12-23 19:12:00,691.22
2013-12-23 20:12:00,679.05
2013-12-23 21:12:00,691.97
2013-12-23 22:12:00,677.32
2013-12-23 23:12:00,689.5
2013-12-23 24:12:00,683.24
2013-12-24 01:12:00,689.19
2013-12-24 02:12:00,695.46
2013-12-24 03:12:00,690.09
2013-12-24 04:12:00,686.02
2013-12-24 05:12:00,676.78
2013-12-24 06:12:00,771.92
2013-12-24 07:12:00,718.13
2013-12-24 08:12:00,716.63
2013-12-24 09:12:00,681.45
2013-12-24 10:12:00,713.16
2013-12-24 11:12:00,682.1
2013-12-24 12:12:00,766.57
2013-12-24 13:12:00,789.17
2013-12-24 14:12:00,643.3
2013-12-24 15:12:00,646.49
2013-12-24 16:12:00,729.64
2013-12-24 17:12:00,695.08
2013-12-24 18:12:00,714.53
2013-12-24 19:12:00,694.33
2013-12-24 20:12:00,683.11
2013-12-24 21:12:00,688.39
2013-12-24 22:12:00,740.47
2013-12-24 23:12:00,659.9
2013-12-24 24:12:00,661.92
2013-12-25 01:12:00,825.71
2013-12-25 02:12:00,744.78
2013-12-25 03:12:00,664.63
2013-12-25 04:12:00,738.99
2013-12-25 05:12:00,747.92
2013-12-25 06:12:00,843.16
2013-12-25 07:12:00,676.22
2013-12-25 08:12:00,685.79
2013-12-25 09:12:00,753.11
2013-12-25 10:12:00,741.5
2013-12-25 11:12:00,709.41
2013-12-25 12:12:00,653.31
2013-12-25 13:12:00,684.92
2013-12-25 14:12:00,706.66
2013-12-25 15:12:00,666.21
2013-12-25 16:12:00,698.52
2013-12-25 17:12:00,750.53
2013-12-25 18:12:00,730.92
2013-12-25 19:12:00,756.77
2013-12-25 20:12:00,694.6
2013-12-25 21:12:00,683.07
2013-12-25 22:12:00,856.83
2013-12-25 23:12:00,721.11
2013-12-25 24:12:00,684.85
2013-12-26 01:12:00,774.72
2013-12-26 02:12:00,713.02
2013-12-26 03:12:00,719.9
2013-12-26 04:12:00,708.87
2013-12-26 05:12:00,761.93
2013-12-26 06:12:00,755.56
2013-12-26 07:12:00,759.79
2013-12-26 08:12:00,843.84
2013-12-26 09:12:00,745.92
2013-12-26 10:12:00,722.66
2013-12-26 11:12:00,746.72
2013-12-26 12:12:00,749.28
2013-12-26 13:12:00,736.58
2013-12-26 14:12:00,701.93
2013-12-26 15:12:00,753.39
2013-12-26 16:12:00,698.31
2013-12-26 17:12:00,771.03
2013-12-26 18:12:00,768.23
2013-12-26 19:12:00,757.99
2013-12-26 20:12:00,772.97
2013-12-26 21:12:00,757.35
2013-12-26 22:12:00,775.58
2013-12-26 23:12:00,754.9
2013-12-26 24:12:00,771.62
2013-12-27 01:12:00,766.13
2013-12-27 02:12:00,802.24
2013-12-27 03:12:00,775.75
2013-12-27 04:12:00,789.72
2013-12-27 05:12:00,797.14
2013-12-27 06:12:00,783.98
2013-12-27 07:12:00,876.96
2013-12-27 08:12:00,800.63
2013-12-27 09:12:00,787.84
2013-12-27 10:12:00,727.86
2013-12-27 11:12:00,737.9
2013-12-27 12:12:00,659.08
2013-12-27 13:12:00,858.08
2013-12-27 14:12:00,853.95
2013-12-27 15:12:00,737.5
2013-12-27 16:12:00,821.11
2013-12-27 17:12:00,790.18
2013-12-27 18:12:00,711.31
2013-12-27 19:12:00,755.81
2013-12-27 20:12:00,769.76
2013-12-27 21:12:00,770.87
2013-12-27 22:12:00,755.41
2013-12-27 23:12:00,762.73
2013-12-27 24:12:00,770.92
2013-12-28 01:12:00,775.66
2013-12-28 02:12:00,773.11
2013-12-28 03:12:00,806.98
2013-12-28 04:12:00,789.34
2013-12-28 05:12:00,933.89
2013-12-28 06:12:00,808.53
2013-12-28 07:12:00,811.66
2013-12-28 08:12:00,862.13
2013-12-28 09:12:00,941.05
2013-12-28 10:12:00,844.95
2013-12-28 11:12:00,742.59
2013-12-28 12:12:00,912.44
2013-12-28 13:12:00,746.1
2013-12-28 14:12:00,852.96
2013-12-28 15:12:00,715.78
2013-12-28 16:12:00,732.38
2013-12-28 17:12:00,776.59
2013-12-28 18:12:00,775.41
2013-12-28 19:12:00,771.48
2013-12-28 20:12:00,790.19
2013-12-28 21:12:00,772.61
2013-12-28 22:12:00,759.41
2013-12-28 23:12:00,775.16
2013-12-28 24:12:00,807.08
2013-12-29 01:12:00,817.14
2013-12-29 02:12:00,769.19
2013-12-29 03:12:00,808.76
2013-12-29 04:12:00,832.07
2013-12-29 05:12:00,865.22
2013-12-29 06:12:00,894.04
2013-12-29 07:12:00,867.3
2013-12-29 08:12:00,834.26
2013-12-29 09:12:00,888.96
2013-12-29 10:12:00,953.03
2013-12-29 11:12:00,772.05
2013-12-29 12:12:00,760.69
2013-12-29 13:12:00,1130.91
2013-12-29 14:12:00,718.74
2013-12-29 15:12:00,706.6
2013-12-29 16:12:00,990.37
2013-12-29 17:12:00,849.92
2013-12-29 18:12:00,723.25
2013-12-29 19:12:00,918.27
2013-12-29 20:12:00,783.27
2013-12-29 21:12:00,848.22
2013-12-29 22:12:00,778.45
2013-12-29 23:12:00,796.73
2013-12-29 24:12:00,845.72
2013-12-30 01:12:00,816.99
2013-12-30 02:12:00,853.61
2013-12-30 03:12:00,827.78
2013-12-30 04:12:00,890.62
2013-12-30 05:12:00,837.54
2013-12-30 06:12:00,941.37
2013-12-30 07:12:00,925.55
2013-12-30 08:12:00,899.65
2013-12-30 09:12:00,798.64
2013-12-30 10:12:00,737.6
2013-12-30 11:12:00,784.43
2013-12-30 12:12:00,884.25
2013-12-30 13:12:00,772.98
2013-12-30 14:12:00,769.09
2013-12-30 15:12:00,795.72
2013-12-30 16:12:00,778.31
2013-12-30 17:12:00,767.79
2013-12-30 18:12:00,764.36
2013-12-30 19:12:00,756.29
2013-12-30 20:12:00,782.32
2013-12-30 21:12:00,774.19
2013-12-30 22:12:00,794.8
2013-12-30 23:12:00,786.83
2013-12-30 24:12:00,786.91
2013-12-31 01:12:00,773.46
2013-12-31 02:12:00,775.09
2013-12-31 03:12:00,782.97
2013-12-31 04:12:00,891.37
2013-12-31 05:12:00,844.07
2013-12-31 06:12:00,797.9
2013-12-31 07:12:00,810.81
2013-12-31 08:12:00,888.8
2013-12-31 09:12:00,799.94
2013-12-31 10:12:00,759.16
2013-12-31 11:12:00,701.38
2013-12-31 12:12:00,743.62
2013-12-31 13:12:00,737.51
2013-12-31 14:12:00,1031.96
2013-12-31 15:12:00,742.54
2013-12-31 16:12:00,862.05
2013-12-31 17:12:00,811.63
2013-12-31 18:12:00,759.32
2013-12-31 19:12:00,774.39
2013-12-31 20:12:00,761.91
2013-12-31 21:12:00,768.82
2013-12-31 22:12:00,771.99
2013-12-31 23:12:00,771.16
2013-12-31 24:12:00,757.97
2014-01-01 01:01:00,743.54
2014-01-01 02:01:00,780.99
2014-01-01 03:01:00,812.55
2014-01-01 04:01:00,796.6
2014-01-01 05:01:00,800.23
2014-01-01 06:01:00,852.03
2014-01-01 07:01:00,825.49
2014-01-01 08:01:00,746.25
2014-01-01 09:01:00,994.32
2014-01-01 10:01:00,900.78
2014-01-01 11:01:00,804.3
2014-01-01 12:01:00,812.88
2014-01-01 14:01:00,750.2
2014-01-01 15:01:00,879.44
2014-01-01 16:01:00,772.04
2014-01-01 17:01:00,972.06
2014-01-01 18:01:00,925.88
2014-01-01 19:01:00,839.64
2014-01-01 20:01:00,826.33
2014-01-01 21:01:00,865.52
2014-01-01 22:01:00,823.38
2014-01-01 23:01:00,816.73
2014-01-01 24:01:00,833.09
2014-01-02 01:01:00,820.8
2014-01-02 02:01:00,825.08
2014-01-02 03:01:00,877.56
2014-01-02 04:01:00,777.5
2014-01-02 05:01:00,861.88
2014-01-02 06:01:00,773.41
2014-01-02 07:01:00,801.46
2014-01-02 08:01:00,772.84
2014-01-02 09:01:00,864.68
2014-01-02 10:01:00,898.64
2014-01-02 11:01:00,870.83
2014-01-02 12:01:00,887.75
2014-01-02 13:01:00,775.23
2014-01-02 14:01:00,847.77
2014-01-02 15:01:00,763.12
2014-01-02 16:01:00,821.51
2014-01-02 17:01:00,803.81
2014-01-02 18:01:00,824.15
2014-01-02 19:01:00,789.96
2014-01-02 20:01:00,793.98
2014-01-02 21:01:00,811.88
2014-01-02 22:01:00,812.76
2014-01-02 23:01:00,810.94
2014-01-02 24:01:00,812.57
2014-01-03 01:01:00,824.07
2014-01-03 02:01:00,848.45
2014-01-03 03:01:00,897.08
2014-01-03 04:01:00,805.69
2014-01-03 05:01:00,807.62
2014-01-03 06:01:00,813.25
2014-01-03 07:01:00,855.94
2014-01-03 08:01:00,941.8
2014-01-03 09:01:00,827.15
2014-01-03 10:01:00,871.74
2014-01-03 11:01:00,828.4
2014-01-03 12:01:00,799.75
2014-01-03 13:01:00,805.89
2014-01-03 14:01:00,800.74
2014-01-03 15:01:00,968.74
2014-01-03 16:01:00,866.98
2014-01-03 17:01:00,816.6
2014-01-03 18:01:00,848.8
2014-01-03 19:01:00,844.93
2014-01-03 20:01:00,839.64
2014-01-03 21:01:00,839.21
2014-01-03 22:01:00,840.06
2014-01-03 23:01:00,836.94
2014-01-03 24:01:00,841.97
2014-01-04 01:01:00,850.02
2014-01-04 02:01:00,850.83
2014-01-04 03:01:00,865.21
2014-01-04 04:01:00,795.04
2014-01-04 05:01:00,914.78
2014-01-04 06:01:00,844.84
2014-01-04 07:01:00,816.43
2014-01-04 08:01:00,845.39
2014-01-04 09:01:00,804.16
2014-01-04 10:01:00,814.04
2014-01-04 11:01:00,966.45
2014-01-04 12:01:00,931.54
2014-01-04 13:01:00,776.33
2014-01-04 14:01:00,1002.29
2014-01-04 15:01:00,807.3
2014-01-04 16:01:00,927.31
2014-01-04 17:01:00,873.8
2014-01-04 18:01:00,856.35
2014-01-04 19:01:00,864.88
2014-01-04 20:01:00,870.99
2014-01-04 21:01:00,849.39
2014-01-04 22:01:00,862.4
2014-01-04 23:01:00,862.4
2014-01-04 24:01:00,875.04
2014-01-05 01:01:00,806.92
2014-01-05 02:01:00,882.95
2014-01-05 03:01:00,901.46
2014-01-05 04:01:00,916.08
2014-01-05 05:01:00,911.37
2014-01-05 06:01:00,936.71
2014-01-05 07:01:00,894.08
2014-01-05 08:01:00,979.73
2014-01-05 09:01:00,1028.44
2014-01-05 10:01:00,889.73
2014-01-05 11:01:00,959.3
2014-01-05 12:01:00,844.52
2014-01-05 13:01:00,845.44
2014-01-05 14:01:00,889.8
2014-01-05 15:01:00,888.18
2014-01-05 16:01:00,881.17
2014-01-05 17:01:00,883.45
2014-01-05 18:01:00,904
2014-01-05 19:01:00,955.72
2014-01-05 20:01:00,934.37
2014-01-05 21:01:00,951.45
2014-01-05 22:01:00,919.5
2014-01-05 23:01:00,1038.58
2014-01-05 24:01:00,975.25
2014-01-06 01:01:00,1075.26
2014-01-06 02:01:00,1000.29
2014-01-06 03:01:00,989.78
2014-01-06 04:01:00,973.7
2014-01-06 05:01:00,1041.72
2014-01-06 06:01:00,976.84
2014-01-06 07:01:00,1000.29
2014-01-06 08:01:00,1055.86
2014-01-06 09:01:00,963.67
2014-01-06 10:01:00,977.28
2014-01-06 11:01:00,977.92
2014-01-06 12:01:00,1000.61
2014-01-06 13:01:00,1014.47
2014-01-06 14:01:00,983.58
2014-01-06 15:01:00,943.54
2014-01-06 16:01:00,967.19
2014-01-06 17:01:00,928.04
2014-01-06 18:01:00,960.21
2014-01-06 19:01:00,962.3
2014-01-06 20:01:00,942.69
2014-01-06 21:01:00,965.14
2014-01-06 22:01:00,971.2
2014-01-06 23:01:00,976.3
2014-01-06 24:01:00,961.6
2014-01-07 01:01:00,981.03
2014-01-07 02:01:00,969.09
2014-01-07 03:01:00,984.22
2014-01-07 04:01:00,974.5
2014-01-07 05:01:00,894.21
2014-01-07 06:01:00,965.72
2014-01-07 07:01:00,1056.6
2014-01-07 08:01:00,1088.59
2014-01-07 09:01:00,1061.02
2014-01-07 10:01:00,1218.89
2014-01-07 11:01:00,1050.75
2014-01-07 12:01:00,787.31
2014-01-07 13:01:00,939.88
2014-01-07 14:01:00,928.29
2014-01-07 15:01:00,889.8
2014-01-07 16:01:00,914.6
2014-01-07 17:01:00,941.06
2014-01-07 18:01:00,930.44
2014-01-07 19:01:00,928.05
2014-01-07 20:01:00,908.35
2014-01-07 21:01:00,890.3
2014-01-07 22:01:00,884.44
2014-01-07 23:01:00,901.88
2014-01-07 24:01:00,878.5
2014-01-08 01:01:00,886.78
2014-01-08 02:01:00,851.9
2014-01-08 03:01:00,911.07
2014-01-08 04:01:00,786.8
2014-01-08 05:01:00,879.85
2014-01-08 06:01:00,956.2
2014-01-08 07:01:00,914.37
2014-01-08 08:01:00,1061.81
2014-01-08 09:01:00,884.39
2014-01-08 10:01:00,946.91
2014-01-08 11:01:00,928.94
2014-01-08 12:01:00,962.01
2014-01-08 13:01:00,964.56
2014-01-08 14:01:00,856.99
2014-01-08 15:01:00,924.56
2014-01-08 16:01:00,902.5
2014-01-08 17:01:00,913.05
2014-01-08 18:01:00,849.24
2014-01-08 19:01:00,836.95
2014-01-08 20:01:00,869.29
2014-01-08 21:01:00,862.76
2014-01-08 22:01:00,859.18
2014-01-08 23:01:00,868.53
2014-01-08 24:01:00,864.94
2014-01-09 01:01:00,866.12
2014-01-09 02:01:00,837.85
2014-01-09 03:01:00,860.24
2014-01-09 04:01:00,933.14
2014-01-09 05:01:00,919.09
2014-01-09 06:01:00,946.71
2014-01-09 07:01:00,842.2
2014-01-09 08:01:00,960.44
2014-01-09 09:01:00,916.26
2014-01-09 10:01:00,966.67
2014-01-09 11:01:00,1014.41
2014-01-09 12:01:00,826.06
2014-01-09 13:01:00,806.28
2014-01-09 14:01:00,961
2014-01-09 15:01:00,747.03
2014-01-09 16:01:00,905.27
2014-01-09 17:01:00,845.13
2014-01-09 18:01:00,857.02
2014-01-09 19:01:00,848.56
2014-01-09 20:01:00,867.15
2014-01-09 21:01:00,843.32
2014-01-09 22:01:00,835.76
2014-01-09 23:01:00,864.82
2014-01-09 24:01:00,855.54
2014-01-10 01:01:00,904.66
2014-01-10 02:01:00,908.16
2014-01-10 03:01:00,852.39
2014-01-10 04:01:00,893.83
2014-01-10 05:01:00,906.56
2014-01-10 06:01:00,882.93
2014-01-10 07:01:00,978.96
2014-01-10 08:01:00,882.28
2014-01-10 09:01:00,963.34
2014-01-10 10:01:00,781.95
2014-01-10 11:01:00,927.46
2014-01-10 12:01:00,895.92
2014-01-10 14:01:00,915.23
2014-01-10 15:01:00,824.38
2014-01-10 16:01:00,873.69
2014-01-10 17:01:00,885.08
2014-01-10 18:01:00,857.76
2014-01-10 19:01:00,861.31
2014-01-10 20:01:00,871.71
2014-01-10 21:01:00,862.82
2014-01-10 22:01:00,865.27
2014-01-10 23:01:00,846.98
2014-01-10 24:01:00,852.07
2014-01-11 01:01:00,875
2014-01-11 02:01:00,868.08
2014-01-11 03:01:00,888.27
2014-01-11 04:01:00,900.56
2014-01-11 05:01:00,1038.68
2014-01-11 06:01:00,869.51
2014-01-11 07:01:00,1086.42
2014-01-11 08:01:00,955.43
2014-01-11 09:01:00,1084.95
2014-01-11 10:01:00,895.36
2014-01-11 11:01:00,796.33
2014-01-11 12:01:00,915.53
2014-01-11 13:01:00,883.72
2014-01-11 14:01:00,903.72
2014-01-11 15:01:00,884.15
2014-01-11 16:01:00,906.24
2014-01-11 17:01:00,928.68
2014-01-11 18:01:00,935.79
2014-01-11 19:01:00,924.78
2014-01-11 20:01:00,920.09
2014-01-11 21:01:00,921.19
2014-01-11 22:01:00,935.14
2014-01-11 23:01:00,953.4
2014-01-11 24:01:00,953.17
2014-01-12 01:01:00,944.77
2014-01-12 02:01:00,893.59
2014-01-12 03:01:00,1047.17
2014-01-12 04:01:00,1019.57
2014-01-12 05:01:00,972.43
2014-01-12 06:01:00,1038.07
2014-01-12 07:01:00,970.56
2014-01-12 08:01:00,925.9
2014-01-12 09:01:00,930.23
2014-01-12 10:01:00,1204.19
2014-01-12 11:01:00,962.64
2014-01-12 12:01:00,922.12
2014-01-12 13:01:00,960.25
2014-01-12 14:01:00,860.7
2014-01-12 15:01:00,904.84
2014-01-12 16:01:00,990.52
2014-01-12 17:01:00,934.87
2014-01-12 18:01:00,915
2014-01-12 19:01:00,961.32
2014-01-12 20:01:00,930.81
2014-01-12 21:01:00,905.14
2014-01-12 22:01:00,967.8
2014-01-12 23:01:00,934.15
2014-01-12 24:01:00,934.48
2014-01-13 01:01:00,887.09
2014-01-13 02:01:00,979.7
2014-01-13 03:01:00,892.25
2014-01-13 04:01:00,893.24
2014-01-13 05:01:00,913.12
2014-01-13 06:01:00,890.92
2014-01-13 07:01:00,862.37
2014-01-13 08:01:00,986.47
2014-01-13 09:01:00,980.93
2014-01-13 10:01:00,858.28
2014-01-13 11:01:00,897.84
2014-01-13 12:01:00,941.06
2014-01-13 13:01:00,873.13
2014-01-13 14:01:00,1030.96
2014-01-13 15:01:00,844.53
2014-01-13 16:01:00,838.28
2014-01-13 17:01:00,846.76
2014-01-13 18:01:00,868.47
2014-01-13 19:01:00,891.4
2014-01-13 20:01:00,857.81
2014-01-13 21:01:00,850.49
2014-01-13 22:01:00,871.59
2014-01-13 23:01:00,864.57
2014-01-13 24:01:00,866.97
2014-01-14 01:01:00,868.64
2014-01-14 02:01:00,889.13
2014-01-14 03:01:00,862.48
2014-01-14 04:01:00,859.42
2014-01-14 05:01:00,962.32
2014-01-14 06:01:00,1029.23
2014-01-14 07:01:00,959.37
2014-01-14 08:01:00,984.27
2014-01-14 09:01:00,982.6
2014-01-14 10:01:00,833.58
2014-01-14 11:01:00,750.62
2014-01-14 12:01:00,873.11
2014-01-14 13:01:00,974.75
2014-01-14 14:01:00,881.16
2014-01-14 15:01:00,950.44
2014-01-14 16:01:00,968.12
2014-01-14 17:01:00,853.05
2014-01-14 18:01:00,891.98
2014-01-14 19:01:00,870.65
2014-01-14 20:01:00,867.48
2014-01-14 21:01:00,861.03
2014-01-14 22:01:00,869.21
2014-01-14 23:01:00,854.94
2014-01-14 24:01:00,873.44
2014-01-15 01:01:00,918.5
2014-01-15 02:01:00,887.93
2014-01-15 03:01:00,899.41
2014-01-15 04:01:00,858.21
2014-01-15 05:01:00,902.56
2014-01-15 06:01:00,894.01
2014-01-15 07:01:00,859.27
2014-01-15 08:01:00,856.36
2014-01-15 09:01:00,881.88
2014-01-15 10:01:00,951.32
2014-01-15 11:01:00,911.8
2014-01-15 12:01:00,901.68
2014-01-15 13:01:00,1022.2
2014-01-15 14:01:00,851.5
2014-01-15 15:01:00,854.1
2014-01-15 16:01:00,897.08
2014-01-15 17:01:00,863.08
2014-01-15 18:01:00,894.31
2014-01-15 19:01:00,891.41
2014-01-15 20:01:00,900.53
2014-01-15 21:01:00,858.07
2014-01-15 22:01:00,881.76
2014-01-15 23:01:00,882.45
2014-01-15 24:01:00,871.2
2014-01-16 01:01:00,858.34
2014-01-16 02:01:00,886.94
2014-01-16 03:01:00,891.87
2014-01-16 04:01:00,874.08
2014-01-16 05:01:00,898.31
2014-01-16 06:01:00,968.07
2014-01-16 07:01:00,899.56
2014-01-16 08:01:00,891.15
2014-01-16 09:01:00,1003.09
2014-01-16 10:01:00,927.33
2014-01-16 11:01:00,902.76
2014-01-16 12:01:00,1043.67
2014-01-16 13:01:00,885.24
2014-01-16 14:01:00,892.35
2014-01-16 15:01:00,834.92
2014-01-16 16:01:00,883.34
2014-01-16 17:01:00,892.04
2014-01-16 18:01:00,888.23
2014-01-16 19:01:00,903.45
2014-01-16 20:01:00,873.12
2014-01-16 21:01:00,880.37
2014-01-16 22:01:00,868.62
2014-01-16 23:01:00,864.91
2014-01-16 24:01:00,859.11
2014-01-17 01:01:00,854.35
2014-01-17 02:01:00,853.22
2014-01-17 03:01:00,858.11
2014-01-17 04:01:00,923.57
2014-01-17 05:01:00,889.86
2014-01-17 06:01:00,817.02
2014-01-17 07:01:00,933.78
2014-01-17 08:01:00,864.21
2014-01-17 09:01:00,890.89
2014-01-17 10:01:00,919.36
2014-01-17 11:01:00,921.8
2014-01-17 12:01:00,921.73
2014-01-17 13:01:00,831.59
2014-01-17 14:01:00,808.49
2014-01-17 15:01:00,1001.73
2014-01-17 16:01:00,860.52
2014-01-17 17:01:00,843.03
2014-01-17 18:01:00,833.32
2014-01-17 19:01:00,848.95
2014-01-17 20:01:00,819.47
2014-01-17 21:01:00,832.78
2014-01-17 22:01:00,815.61
2014-01-17 23:01:00,852.25
2014-01-17 24:01:00,819.58
2014-01-18 01:01:00,824.3
2014-01-18 02:01:00,838.19
2014-01-18 03:01:00,895.06
2014-01-18 04:01:00,888.43
2014-01-18 05:01:00,867.45
2014-01-18 06:01:00,918.42
2014-01-18 07:01:00,885.52
2014-01-18 08:01:00,893.79
2014-01-18 09:01:00,761.13
2014-01-18 10:01:00,823.5
2014-01-18 11:01:00,906.23
2014-01-18 12:01:00,801.13
2014-01-18 13:01:00,863.09
2014-01-18 14:01:00,864.19
2014-01-18 15:01:00,818.72
2014-01-18 16:01:00,919.05
2014-01-18 17:01:00,870.41
2014-01-18 18:01:00,844.41
2014-01-18 19:01:00,837.16
2014-01-18 20:01:00,849.75
2014-01-18 21:01:00,856.19
2014-01-18 22:01:00,902.75
2014-01-18 23:01:00,909.95
2014-01-18 24:01:00,891.6
2014-01-19 01:01:00,934.48
2014-01-19 02:01:00,914.68
2014-01-19 03:01:00,927.66
2014-01-19 04:01:00,923.64
2014-01-19 05:01:00,876.66
2014-01-19 06:01:00,1063.76
2014-01-19 07:01:00,949.36
2014-01-19 08:01:00,901.49
2014-01-19 09:01:00,1086.02
2014-01-19 10:01:00,975.31
2014-01-19 11:01:00,875.58
2014-01-19 12:01:00,831.72
2014-01-19 14:01:00,840.66
2014-01-19 15:01:00,1109.52
2014-01-19 16:01:00,1105.62
2014-01-19 17:01:00,1008.7
2014-01-19 18:01:00,870.85
2014-01-19 19:01:00,877.13
2014-01-19 20:01:00,916.81
2014-01-19 21:01:00,976.66
2014-01-19 22:01:00,940.25
2014-01-19 23:01:00,904.57
2014-01-19 24:01:00,816.73
2014-01-20 01:01:00,922.53
2014-01-20 02:01:00,883.53
2014-01-20 03:01:00,863
2014-01-20 04:01:00,968.08
2014-01-20 05:01:00,921.8
2014-01-20 06:01:00,970.29
2014-01-20 07:01:00,992.7
2014-01-20 08:01:00,952.96
2014-01-20 09:01:00,898.96
2014-01-20 10:01:00,1085.32
2014-01-20 11:01:00,970.46
2014-01-20 12:01:00,913.65
2014-01-20 13:01:00,1080.67
2014-01-20 14:01:00,1045.26
2014-01-20 15:01:00,981.36
2014-01-20 16:01:00,948.16
2014-01-20 17:01:00,906
2014-01-20 18:01:00,908.99
2014-01-20 19:01:00,898.93
2014-01-20 20:01:00,937.54
2014-01-20 21:01:00,957.33
2014-01-20 22:01:00,876.28
2014-01-20 23:01:00,1014.89
2014-01-20 24:01:00,932.88
2014-01-21 01:01:00,960.48
2014-01-21 02:01:00,923.49
2014-01-21 03:01:00,951.77
2014-01-21 04:01:00,851.64
2014-01-21 05:01:00,944.75
2014-01-21 06:01:00,970.27
2014-01-21 07:01:00,1080.52
2014-01-21 08:01:00,985.79
2014-01-21 09:01:00,959.41
2014-01-21 10:01:00,853.24
2014-01-21 11:01:00,1193.02
2014-01-21 12:01:00,951.92
2014-01-21 13:01:00,990.4
2014-01-21 14:01:00,940.93
2014-01-21 15:01:00,839.46
2014-01-21 16:01:00,873.1
2014-01-21 17:01:00,874.54
2014-01-21 18:01:00,851.11
2014-01-21 19:01:00,874.52
2014-01-21 20:01:00,868.75
2014-01-21 21:01:00,864.31
2014-01-21 22:01:00,870.87
2014-01-21 23:01:00,879.75
2014-01-21 24:01:00,868.56
2014-01-22 01:01:00,866.67
2014-01-22 02:01:00,881.36
2014-01-22 03:01:00,935.15
2014-01-22 04:01:00,901.75
2014-01-22 05:01:00,946.77
2014-01-22 06:01:00,898.78
2014-01-22 07:01:00,948
2014-01-22 08:01:00,1142.24
2014-01-22 09:01:00,1002.15
2014-01-22 10:01:00,967.89
2014-01-22 11:01:00,954.27
2014-01-22 12:01:00,965.05
2014-01-22 13:01:00,818.08
2014-01-22 14:01:00,748.88
2014-01-22 15:01:00,833.69
2014-01-22 16:01:00,856.64
2014-01-22 17:01:00,847.24
2014-01-22 18:01:00,868.89
2014-01-22 19:01:00,871.42
2014-01-22 20:01:00,876.24
2014-01-22 21:01:00,869.83
2014-01-22 22:01:00,863.77
2014-01-22 23:01:00,853.78
2014-01-22 24:01:00,859.92
2014-01-23 01:01:00,841.96
2014-01-23 02:01:00,867.27
2014-01-23 03:01:00,843.23
2014-01-23 04:01:00,904.09
2014-01-23 05:01:00,878.92
2014-01-23 06:01:00,901.59
2014-01-23 07:01:00,1011.87
2014-01-23 08:01:00,939.15
2014-01-23 09:01:00,913.93
2014-01-23 10:01:00,928.95
2014-01-23 11:01:00,752.56
2014-01-23 12:01:00,1143.51
2014-01-23 13:01:00,856.44
2014-01-23 14:01:00,869.23
2014-01-23 15:01:00,1008.45
2014-01-23 16:01:00,896.34
2014-01-23 17:01:00,876.84
2014-01-23 18:01:00,863.06
2014-01-23 19:01:00,890.82
2014-01-23 20:01:00,866.72
2014-01-23 21:01:00,860.96
2014-01-23 22:01:00,897.56
2014-01-23 23:01:00,866.67
2014-01-23 24:01:00,868.93
2014-01-24 01:01:00,862.32
2014-01-24 02:01:00,879.29
2014-01-24 03:01:00,866.04
2014-01-24 04:01:00,862.4
2014-01-24 05:01:00,932.21
2014-01-24 06:01:00,961.37
2014-01-24 07:01:00,948.21
2014-01-24 08:01:00,843.07
2014-01-24 09:01:00,823.26
2014-01-24 10:01:00,829.38
2014-01-24 11:01:00,826.28
2014-01-24 12:01:00,869.87
2014-01-24 13:01:00,828.98
2014-01-24 14:01:00,841.1
2014-01-24 15:01:00,1039.46
2014-01-24 16:01:00,868.06
2014-01-24 17:01:00,824.6
2014-01-24 18:01:00,836.82
2014-01-24 19:01:00,832.76
2014-01-24 20:01:00,848.71
2014-01-24 21:01:00,838.01
2014-01-24 22:01:00,836.72
2014-01-24 23:01:00,859.55
2014-01-24 24:01:00,840.99
2014-01-25 01:01:00,841.47
2014-01-25 02:01:00,860.02
2014-01-25 03:01:00,848.33
2014-01-25 04:01:00,864.94
2014-01-25 05:01:00,866.64
2014-01-25 06:01:00,915.77
2014-01-25 07:01:00,978.14
2014-01-25 08:01:00,902.75
2014-01-25 09:01:00,870.14
2014-01-25 10:01:00,833.79
2014-01-25 11:01:00,869.04
2014-01-25 12:01:00,814.05
2014-01-25 13:01:00,820.13
2014-01-25 14:01:00,957.15
2014-01-25 15:01:00,1027.36
2014-01-25 16:01:00,843.51
2014-01-25 17:01:00,845.73
2014-01-25 18:01:00,832.27
2014-01-25 19:01:00,848.2
2014-01-25 20:01:00,872.79
2014-01-25 21:01:00,864.04
2014-01-25 22:01:00,870.84
2014-01-25 23:01:00,874.34
2014-01-25 24:01:00,856.85
2014-01-26 01:01:00,847.69
2014-01-26 02:01:00,828.74
2014-01-26 03:01:00,848.67
2014-01-26 04:01:00,897.74
2014-01-26 05:01:00,877.68
2014-01-26 06:01:00,903.9
2014-01-26 07:01:00,930.12
2014-01-26 08:01:00,880.91
2014-01-26 09:01:00,859.85
2014-01-26 10:01:00,876.47
2014-01-26 11:01:00,831.91
2014-01-26 12:01:00,867.2
2014-01-26 13:01:00,841.69
2014-01-26 15:01:00,867.24
2014-01-26 16:01:00,958.01
2014-01-26 17:01:00,932.04
2014-01-26 18:01:00,886.56
2014-01-26 19:01:00,913.1
2014-01-26 20:01:00,871.99
2014-01-26 21:01:00,953.93
2014-01-26 22:01:00,901.34
2014-01-26 23:01:00,995.36
2014-01-26 24:01:00,1073.39
2014-01-27 01:01:00,879.16
2014-01-27 02:01:00,979.68
2014-01-27 03:01:00,1019.23
2014-01-27 04:01:00,892.09
2014-01-27 05:01:00,951.81
2014-01-27 06:01:00,955.55
2014-01-27 07:01:00,919.21
2014-01-27 08:01:00,861.54
2014-01-27 09:01:00,921.56
2014-01-27 10:01:00,860.92
2014-01-27 11:01:00,872.45
2014-01-27 12:01:00,921.34
2014-01-27 13:01:00,869.61
2014-01-27 14:01:00,835.74
2014-01-27 15:01:00,1036.79
2014-01-27 16:01:00,892.4
2014-01-27 17:01:00,859.9
2014-01-27 18:01:00,858.2
2014-01-27 19:01:00,849.42
2014-01-27 20:01:00,852.43
2014-01-27 21:01:00,831.15
2014-01-27 22:01:00,840.86
2014-01-27 23:01:00,842.6
2014-01-27 24:01:00,825.6
2014-01-28 01:01:00,824.37
2014-01-28 02:01:00,796.07
2014-01-28 03:01:00,793.98
2014-01-28 04:01:00,807.31
2014-01-28 05:01:00,833.92
2014-01-28 06:01:00,876.29
2014-01-28 07:01:00,895.33
2014-01-28 08:01:00,937.98
2014-01-28 09:01:00,779.56
2014-01-28 10:01:00,996.48
2014-01-28 11:01:00,1120.17
2014-01-28 12:01:00,964.11
2014-01-28 13:01:00,817.24
2014-01-28 14:01:00,817.27
2014-01-28 15:01:00,806.52
2014-01-28 16:01:00,829.05
2014-01-28 17:01:00,829.72
2014-01-28 18:01:00,856.92
2014-01-28 19:01:00,832.45
2014-01-28 20:01:00,846.99
2014-01-28 21:01:00,857.5
2014-01-28 22:01:00,831.84
2014-01-28 23:01:00,840.43
2014-01-28 24:01:00,848.38
2014-01-29 01:01:00,843.78
2014-01-29 02:01:00,892.73
2014-01-29 03:01:00,892.81
2014-01-29 04:01:00,889.78
2014-01-29 05:01:00,872.7
2014-01-29 06:01:00,961.73
2014-01-29 07:01:00,889.89
2014-01-29 08:01:00,923.55
2014-01-29 09:01:00,975.65
2014-01-29 10:01:00,863.48
2014-01-29 11:01:00,814.1
2014-01-29 12:01:00,811.84
2014-01-29 13:01:00,824.24
2014-01-29 14:01:00,1102.89
2014-01-29 15:01:00,970.28
2014-01-29 16:01:00,806.49
2014-01-29 17:01:00,841.79
2014-01-29 18:01:00,869.06
2014-01-29 19:01:00,836.9
2014-01-29 20:01:00,827.69
2014-01-29 21:01:00,821.35
2014-01-29 22:01:00,823.19
2014-01-29 23:01:00,835
2014-01-29 24:01:00,836.8
2014-01-30 01:01:00,859.36
2014-01-30 02:01:00,870.09
2014-01-30 03:01:00,870.15
2014-01-30 04:01:00,870.93
2014-01-30 05:01:00,763.25
2014-01-30 06:01:00,873.53
2014-01-30 07:01:00,964.81
2014-01-30 08:01:00,942.15
2014-01-30 09:01:00,960.11
2014-01-30 10:01:00,806.94
2014-01-30 11:01:00,841.01
2014-01-30 12:01:00,933.17
2014-01-30 13:01:00,883.84
2014-01-30 14:01:00,876.16
2014-01-30 15:01:00,807.68
2014-01-30 16:01:00,825.9
2014-01-30 17:01:00,840.74
2014-01-30 18:01:00,865.42
2014-01-30 19:01:00,859.02
2014-01-30 20:01:00,847.45
2014-01-30 21:01:00,845.82
2014-01-30 22:01:00,843.02
2014-01-30 23:01:00,843.33
2014-01-30 24:01:00,830.64
2014-01-31 01:01:00,845.89
2014-01-31 02:01:00,881.22
2014-01-31 03:01:00,855.14
2014-01-31 04:01:00,845.42
2014-01-31 05:01:00,902.97
2014-01-31 06:01:00,945.91
2014-01-31 07:01:00,912.87
2014-01-31 08:01:00,922.23
2014-01-31 09:01:00,813.33
2014-01-31 10:01:00,807.41
2014-01-31 11:01:00,1082.33
2014-01-31 12:01:00,1054.05
2014-01-31 13:01:00,806.91
2014-01-31 14:01:00,875.08
2014-01-31 15:01:00,922.17
2014-01-31 16:01:00,801.41
2014-01-31 17:01:00,913.34
2014-01-31 18:01:00,851.18
2014-01-31 19:01:00,852.93
2014-01-31 20:01:00,836.1
2014-01-31 21:01:00,851.42
2014-01-31 22:01:00,846.46
2014-01-31 23:01:00,853.78
2014-01-31 24:01:00,845.08
2014-02-01 01:02:00,872.01
2014-02-01 02:02:00,854.15
2014-02-01 03:02:00,853.37
2014-02-01 04:02:00,881.52
2014-02-01 05:02:00,939.32
2014-02-01 06:02:00,909.67
2014-02-01 07:02:00,946
2014-02-01 08:02:00,896.65
2014-02-01 09:02:00,819.34
2014-02-01 10:02:00,1038.84
2014-02-01 11:02:00,914.24
2014-02-01 12:02:00,955.01
2014-02-01 13:02:00,832.13
2014-02-01 14:02:00,872.94
2014-02-01 15:02:00,877.03
2014-02-01 16:02:00,846.99
2014-02-01 17:02:00,855.23
2014-02-01 18:02:00,866.99
2014-02-01 19:02:00,877.44
2014-02-01 20:02:00,870.59
2014-02-01 21:02:00,872.87
2014-02-01 22:02:00,852.56
2014-02-01 23:02:00,874.13
2014-02-01 24:02:00,863.23
2014-02-02 01:02:00,915.23
2014-02-02 02:02:00,859.48
2014-02-02 03:02:00,854.06
2014-02-02 04:02:00,839.29
2014-02-02 05:02:00,851.7
2014-02-02 06:02:00,952.92
2014-02-02 07:02:00,856.76
2014-02-02 08:02:00,874.88
2014-02-02 09:02:00,901.07
2014-02-02 10:02:00,964.19
2014-02-02 11:02:00,934.14
2014-02-02 13:02:00,820.06
2014-02-02 14:02:00,953.34
2014-02-02 15:02:00,1505.53
2014-02-02 16:02:00,1236.57
2014-02-02 17:02:00,928.15
2014-02-02 18:02:00,920.29
2014-02-02 19:02:00,841.19
2014-02-02 20:02:00,959.27
2014-02-02 21:02:00,941.47
2014-02-02 22:02:00,924.83
2014-02-02 23:02:00,891.03
2014-02-02 24:02:00,828.38
2014-02-03 01:02:00,875.06
2014-02-03 02:02:00,956.52
2014-02-03 03:02:00,994.57
2014-02-03 04:02:00,899.07
2014-02-03 05:02:00,909.4
2014-02-03 06:02:00,982.06
2014-02-03 07:02:00,879.6
2014-02-03 08:02:00,936.99
2014-02-03 09:02:00,896.55
2014-02-03 10:02:00,866.65
2014-02-03 11:02:00,945.25
2014-02-03 12:02:00,898.22
2014-02-03 13:02:00,806.22
2014-02-03 14:02:00,939.16
2014-02-03 15:02:00,796.63
2014-02-03 16:02:00,826.12
2014-02-03 17:02:00,893.18
2014-02-03 18:02:00,870.83
2014-02-03 19:02:00,891.53
2014-02-03 20:02:00,854.52
2014-02-03 21:02:00,865.65
2014-02-03 22:02:00,861.1
2014-02-03 23:02:00,851.79
2014-02-03 24:02:00,852.52
2014-02-04 01:02:00,857.62
2014-02-04 02:02:00,852.23
2014-02-04 03:02:00,864.51
2014-02-04 04:02:00,833.9
2014-02-04 05:02:00,906.67
2014-02-04 06:02:00,848.85
2014-02-04 07:02:00,927.03
2014-02-04 08:02:00,974.37
2014-02-04 09:02:00,937.15
2014-02-04 10:02:00,922.08
2014-02-04 11:02:00,912.85
2014-02-04 12:02:00,989.31
2014-02-04 13:02:00,834.15
2014-02-04 14:02:00,893.86
2014-02-04 15:02:00,893.94
2014-02-04 16:02:00,863
2014-02-04 17:02:00,840.21
2014-02-04 18:02:00,850.72
2014-02-04 19:02:00,880.58
2014-02-04 20:02:00,862.16
2014-02-04 21:02:00,844.74
2014-02-04 22:02:00,856.33
2014-02-04 23:02:00,859.93
2014-02-04 24:02:00,858.53
2014-02-05 01:02:00,875.08
2014-02-05 02:02:00,873.19
2014-02-05 03:02:00,889.53
2014-02-05 04:02:00,856.96
2014-02-05 05:02:00,852.99
2014-02-05 06:02:00,938.3
2014-02-05 07:02:00,888.3
2014-02-05 08:02:00,909.16
2014-02-05 09:02:00,974.78
2014-02-05 10:02:00,813.54
2014-02-05 11:02:00,918.87
2014-02-05 12:02:00,803.76
2014-02-05 13:02:00,855.47
2014-02-05 14:02:00,847.69
2014-02-05 15:02:00,909.64
2014-02-05 16:02:00,843.83
2014-02-05 17:02:00,862.92
2014-02-05 18:02:00,876.73
2014-02-05 19:02:00,864.58
2014-02-05 20:02:00,858.21
2014-02-05 21:02:00,861.15
2014-02-05 22:02:00,838.39
2014-02-05 23:02:00,805.88
2014-02-05 24:02:00,851.47
2014-02-06 01:02:00,851.86
2014-02-06 02:02:00,838.47
2014-02-06 03:02:00,871.87
2014-02-06 04:02:00,867.16
2014-02-06 05:02:00,840.52
2014-02-06 06:02:00,872.54
2014-02-06 07:02:00,812.3
2014-02-06 08:02:00,919.85
2014-02-06 09:02:00,897.91
2014-02-06 10:02:00,908.07
2014-02-06 11:02:00,805.27
2014-02-06 12:02:00,855.65
2014-02-06 13:02:00,890.38
2014-02-06 14:02:00,792.75
2014-02-06 15:02:00,737.19
2014-02-06 16:02:00,829.39
2014-02-06 17:02:00,834.11
2014-02-06 18:02:00,831.86
2014-02-06 19:02:00,843.32
2014-02-06 20:02:00,796.97
2014-02-06 21:02:00,819.5
2014-02-06 22:02:00,841.33
2014-02-06 23:02:00,823.38
2014-02-06 24:02:00,831.31
2014-02-07 01:02:00,803.78
2014-02-07 02:02:00,825.68
2014-02-07 03:02:00,843.88
2014-02-07 04:02:00,813.23
2014-02-07 05:02:00,800.78
2014-02-07 06:02:00,886.79
2014-02-07 07:02:00,815.96
2014-02-07 08:02:00,744.65
2014-02-07 09:02:00,757.48
2014-02-07 10:02:00,705.84
2014-02-07 11:02:00,758.47
2014-02-07 12:02:00,730.02
2014-02-07 13:02:00,835.38
2014-02-07 14:02:00,732.13
2014-02-07 15:02:00,714.04
2014-02-07 16:02:00,750.51
2014-02-07 17:02:00,780.76
2014-02-07 18:02:00,771.51
2014-02-07 19:02:00,778.67
2014-02-07 20:02:00,789.88
2014-02-07 21:02:00,811.45
2014-02-07 22:02:00,802.15
2014-02-07 23:02:00,794.53
2014-02-07 24:02:00,794.5
2014-02-08 01:02:00,794.07
2014-02-08 02:02:00,762.06
2014-02-08 03:02:00,848.95
2014-02-08 04:02:00,769.81
2014-02-08 05:02:00,772.28
2014-02-08 06:02:00,757.38
2014-02-08 07:02:00,867.77
2014-02-08 08:02:00,747.34
2014-02-08 09:02:00,831.76
2014-02-08 10:02:00,987.11
2014-02-08 11:02:00,1069.38
2014-02-08 12:02:00,948.49
2014-02-08 13:02:00,710.46
2014-02-08 14:02:00,748.31
2014-02-08 15:02:00,740.05
2014-02-08 16:02:00,720.89
2014-02-08 17:02:00,751.59
2014-02-08 18:02:00,794.63
2014-02-08 19:02:00,777.13
2014-02-08 20:02:00,778.54
2014-02-08 21:02:00,786.61
2014-02-08 22:02:00,860.53
2014-02-08 23:02:00,729.97
2014-02-08 24:02:00,754.32
2014-02-09 01:02:00,736.78
2014-02-09 02:02:00,755.44
2014-02-09 03:02:00,820.81
2014-02-09 04:02:00,809.89
2014-02-09 05:02:00,809.74
2014-02-09 06:02:00,1228.47
2014-02-09 07:02:00,1210.46
2014-02-09 08:02:00,712.38
2014-02-09 09:02:00,884.7
2014-02-09 10:02:00,825.6
2014-02-09 11:02:00,739.87
2014-02-09 12:02:00,742.95
2014-02-09 13:02:00,732.45
2014-02-09 14:02:00,734.16
2014-02-09 15:02:00,738.74
2014-02-09 16:02:00,690.65
2014-02-09 17:02:00,775.58
2014-02-09 18:02:00,778.29
2014-02-09 19:02:00,837.57
2014-02-09 20:02:00,804.24
2014-02-09 21:02:00,789.89
2014-02-09 22:02:00,802.52
2014-02-09 23:02:00,812.74
2014-02-09 24:02:00,721.98
2014-02-10 01:02:00,802.38
2014-02-10 02:02:00,795.59
2014-02-10 03:02:00,795.1
2014-02-10 04:02:00,792
2014-02-10 05:02:00,836
2014-02-10 06:02:00,810.04
2014-02-10 07:02:00,771.16
2014-02-10 08:02:00,871.14
2014-02-10 09:02:00,908.11
2014-02-10 10:02:00,1006.74
2014-02-10 11:02:00,791.52
2014-02-10 12:02:00,700.71
2014-02-10 13:02:00,627.11
2014-02-10 14:02:00,668.79
2014-02-10 15:02:00,776.85
2014-02-10 16:02:00,713.07
2014-02-10 17:02:00,722.44
2014-02-10 18:02:00,745.3
2014-02-10 19:02:00,742.77
2014-02-10 20:02:00,763.89
2014-02-10 21:02:00,736.37
2014-02-10 22:02:00,723.78
2014-02-10 23:02:00,764.48
2014-02-10 24:02:00,756.92
2014-02-11 01:02:00,764.9
2014-02-11 02:02:00,748.63
2014-02-11 03:02:00,787.44
2014-02-11 04:02:00,800.25
2014-02-11 05:02:00,778.88
2014-02-11 06:02:00,759.65
2014-02-11 07:02:00,855.38
2014-02-11 08:02:00,978.75
2014-02-11 09:02:00,824.86
2014-02-11 10:02:00,722.88
2014-02-11 11:02:00,797.96
2014-02-11 12:02:00,807.13
2014-02-11 13:02:00,814
2014-02-11 14:02:00,730.37
2014-02-11 15:02:00,885.96
2014-02-11 16:02:00,839.4
2014-02-11 17:02:00,768.53
2014-02-11 18:02:00,780.94
2014-02-11 19:02:00,772.45
2014-02-11 20:02:00,735.01
2014-02-11 21:02:00,767.47
2014-02-11 22:02:00,755.57
2014-02-11 23:02:00,744.21
2014-02-11 24:02:00,738.29
2014-02-12 01:02:00,775.35
2014-02-12 02:02:00,733.95
2014-02-12 03:02:00,775.77
2014-02-12 04:02:00,768.76
2014-02-12 05:02:00,760.32
2014-02-12 06:02:00,871.63
2014-02-12 07:02:00,723.96
2014-02-12 08:02:00,873.47
2014-02-12 09:02:00,849.8
2014-02-12 10:02:00,705.69
2014-02-12 11:02:00,692.54
2014-02-12 12:02:00,669.27
2014-02-12 13:02:00,776.45
2014-02-12 14:02:00,683.88
2014-02-12 15:02:00,736.4
2014-02-12 16:02:00,756.8
2014-02-12 17:02:00,752.88
2014-02-12 18:02:00,782.07
2014-02-12 19:02:00,757.83
2014-02-12 20:02:00,761.88
2014-02-12 21:02:00,755.27
2014-02-12 22:02:00,774.41
2014-02-12 23:02:00,718.83
2014-02-12 24:02:00,749.98
2014-02-13 01:02:00,762.72
2014-02-13 02:02:00,782.49
2014-02-13 03:02:00,783.57
2014-02-13 04:02:00,710.22
2014-02-13 05:02:00,767.83
2014-02-13 06:02:00,741.8
2014-02-13 07:02:00,815.16
2014-02-13 08:02:00,768.58
2014-02-13 09:02:00,762.19
2014-02-13 10:02:00,803.33
2014-02-13 11:02:00,863.04
2014-02-13 12:02:00,741.77
2014-02-13 13:02:00,713.29
2014-02-13 14:02:00,685.55
2014-02-13 15:02:00,913.62
2014-02-13 16:02:00,810.41
2014-02-13 17:02:00,729.09
2014-02-13 18:02:00,738.01
2014-02-13 19:02:00,723.33
2014-02-13 20:02:00,715.32
2014-02-13 21:02:00,729.9
2014-02-13 22:02:00,697.31
2014-02-13 23:02:00,719.15
2014-02-13 24:02:00,644.39
2014-02-14 01:02:00,721.03
2014-02-14 02:02:00,727.96
2014-02-14 03:02:00,709.42
2014-02-14 04:02:00,730.92
2014-02-14 05:02:00,691.67
2014-02-14 06:02:00,707.86
2014-02-14 07:02:00,637.77
2014-02-14 08:02:00,662.19
2014-02-14 09:02:00,696.61
2014-02-14 10:02:00,675.22
2014-02-14 11:02:00,664.97
2014-02-14 12:02:00,627.23
2014-02-14 13:02:00,818.25
2014-02-14 14:02:00,683.06
2014-02-14 15:02:00,663.36
2014-02-14 16:02:00,681.11
2014-02-14 17:02:00,713.98
2014-02-14 18:02:00,706.92
2014-02-14 19:02:00,729.62
2014-02-14 20:02:00,725.18
2014-02-14 21:02:00,732.46
2014-02-14 22:02:00,724.41
2014-02-14 23:02:00,746.28
2014-02-14 24:02:00,725.28
2014-02-15 01:02:00,730.21
2014-02-15 02:02:00,705.28
2014-02-15 03:02:00,753.06
2014-02-15 04:02:00,679.81
2014-02-15 05:02:00,724.2
2014-02-15 06:02:00,706.33
2014-02-15 07:02:00,709.35
2014-02-15 08:02:00,744.2
2014-02-15 09:02:00,702.46
2014-02-15 10:02:00,827.9
2014-02-15 11:02:00,857.07
2014-02-15 12:02:00,888.31
2014-02-15 13:02:00,659.29
2014-02-15 14:02:00,708.75
2014-02-15 15:02:00,689.45
2014-02-15 16:02:00,792.29
2014-02-15 17:02:00,713.01
2014-02-15 18:02:00,717.67
2014-02-15 19:02:00,741
2014-02-15 20:02:00,744.47
2014-02-15 21:02:00,737.31
2014-02-15 22:02:00,751.71
2014-02-15 23:02:00,745.99
2014-02-15 24:02:00,759.72
2014-02-16 01:02:00,825.83
2014-02-16 02:02:00,755.56
2014-02-16 03:02:00,758.04
2014-02-16 04:02:00,793.06
2014-02-16 05:02:00,706.02
2014-02-16 06:02:00,746.35
2014-02-16 07:02:00,877.99
2014-02-16 08:02:00,783
2014-02-16 09:02:00,759.12
2014-02-16 10:02:00,722.6
2014-02-16 11:02:00,948.53
2014-02-16 12:02:00,875.81
2014-02-16 13:02:00,749.63
2014-02-16 14:02:00,697.74
2014-02-16 15:02:00,651.98
2014-02-16 16:02:00,693.02
2014-02-16 17:02:00,768.61
2014-02-16 18:02:00,852.4
2014-02-16 19:02:00,735.77
2014-02-16 20:02:00,653.32
2014-02-16 21:02:00,697.94
2014-02-16 22:02:00,738.54
2014-02-16 23:02:00,718.05
2014-02-16 24:02:00,724.59
2014-02-17 01:02:00,670.99
2014-02-17 02:02:00,710.2
2014-02-17 03:02:00,805.84
2014-02-17 04:02:00,872.23
2014-02-17 05:02:00,816.48
2014-02-17 06:02:00,686.35
2014-02-17 07:02:00,833.81
2014-02-17 08:02:00,673.7
2014-02-17 09:02:00,639.5
2014-02-17 10:02:00,672.12
2014-02-17 11:02:00,663.91
2014-02-17 12:02:00,626.44
2014-02-17 13:02:00,736.61
2014-02-17 14:02:00,674.25
2014-02-17 15:02:00,738.4
2014-02-17 16:02:00,716.93
2014-02-17 17:02:00,708.09
2014-02-17 18:02:00,775.3
2014-02-17 19:02:00,721.5
2014-02-17 20:02:00,748
2014-02-17 21:02:00,769.24
2014-02-17 22:02:00,732.6
2014-02-17 23:02:00,719.49
2014-02-17 24:02:00,759.8
2014-02-18 01:02:00,684.11
2014-02-18 02:02:00,786.06
2014-02-18 03:02:00,746.13
2014-02-18 04:02:00,736.67
2014-02-18 05:02:00,670.85
2014-02-18 06:02:00,756.61
2014-02-18 07:02:00,791.2
2014-02-18 08:02:00,735.34
2014-02-18 09:02:00,811.16
2014-02-18 10:02:00,706.79
2014-02-18 11:02:00,716.9
2014-02-18 12:02:00,715.68
2014-02-18 13:02:00,666.41
2014-02-18 14:02:00,663.28
2014-02-18 15:02:00,704.45
2014-02-18 16:02:00,678.74
2014-02-18 17:02:00,698.56
2014-02-18 18:02:00,730.09
2014-02-18 19:02:00,681.01
2014-02-18 20:02:00,707.75
2014-02-18 21:02:00,708.73
2014-02-18 22:02:00,726.89
2014-02-18 23:02:00,678.96
2014-02-18 24:02:00,725.55
2014-02-19 01:02:00,698.99
2014-02-19 02:02:00,680.94
2014-02-19 03:02:00,694.49
2014-02-19 04:02:00,666.87
2014-02-19 05:02:00,738.53
2014-02-19 06:02:00,746.62
2014-02-19 07:02:00,801.33
2014-02-19 08:02:00,753.96
2014-02-19 09:02:00,657.79
2014-02-19 10:02:00,739.98
2014-02-19 11:02:00,663.85
2014-02-19 12:02:00,650.58
2014-02-19 13:02:00,703.63
2014-02-19 14:02:00,642.85
2014-02-19 15:02:00,741.82
2014-02-19 16:02:00,756.76
2014-02-19 17:02:00,685.69
2014-02-19 18:02:00,706.52
2014-02-19 19:02:00,739.69
2014-02-19 20:02:00,701.33
2014-02-19 21:02:00,693.75
2014-02-19 22:02:00,732.88
2014-02-19 23:02:00,721.47
2014-02-19 24:02:00,706.95
2014-02-20 01:02:00,695.27
2014-02-20 02:02:00,689.03
2014-02-20 03:02:00,761.31
2014-02-20 04:02:00,741.72
2014-02-20 05:02:00,664.95
2014-02-20 06:02:00,741.46
2014-02-20 07:02:00,662.73
2014-02-20 08:02:00,651.41
2014-02-20 09:02:00,670.32
2014-02-20 10:02:00,693
2014-02-20 11:02:00,700.83
2014-02-20 12:02:00,723.81
2014-02-20 13:02:00,635.75
2014-02-20 14:02:00,630.55
2014-02-20 15:02:00,631.01
2014-02-20 16:02:00,696.86
2014-02-20 17:02:00,656.66
2014-02-20 18:02:00,683.09
2014-02-20 19:02:00,698.08
2014-02-20 20:02:00,698.32
2014-02-20 21:02:00,684.31
2014-02-20 22:02:00,649.84
2014-02-20 23:02:00,678.53
2014-02-20 24:02:00,637.45
2014-02-21 01:02:00,629.3
2014-02-21 02:02:00,615.82
2014-02-21 03:02:00,630.28
2014-02-21 04:02:00,675.59
2014-02-21 05:02:00,687.99
2014-02-21 06:02:00,734.29
2014-02-21 07:02:00,584.76
2014-02-21 08:02:00,599.39
2014-02-21 09:02:00,658.82
2014-02-21 10:02:00,592.63
2014-02-21 11:02:00,628.75
2014-02-21 12:02:00,647.21
2014-02-21 13:02:00,750
2014-02-21 14:02:00,657.72
2014-02-21 15:02:00,656.85
2014-02-21 16:02:00,657.34
2014-02-21 17:02:00,637.68
2014-02-21 18:02:00,695.25
2014-02-21 19:02:00,647.19
2014-02-21 20:02:00,643.57
2014-02-21 21:02:00,642.99
2014-02-21 22:02:00,657.33
2014-02-21 23:02:00,668.04
2014-02-21 24:02:00,673.1
2014-02-22 01:02:00,643.32
2014-02-22 02:02:00,658.61
2014-02-22 03:02:00,646.21
2014-02-22 04:02:00,627.01
2014-02-22 05:02:00,669.06
2014-02-22 06:02:00,639.78
2014-02-22 07:02:00,593.33
2014-02-22 08:02:00,600.15
2014-02-22 09:02:00,640.08
2014-02-22 10:02:00,714.94
2014-02-22 11:02:00,716.28
2014-02-22 12:02:00,706.68
2014-02-22 13:02:00,649.04
2014-02-22 14:02:00,593.99
2014-02-22 15:02:00,632.21
2014-02-22 16:02:00,701.88
2014-02-22 17:02:00,620.74
2014-02-22 18:02:00,671.11
2014-02-22 19:02:00,659.24
2014-02-22 20:02:00,745.32
2014-02-22 21:02:00,675.7
2014-02-22 22:02:00,687.43
2014-02-22 23:02:00,702.37
2014-02-22 24:02:00,686.59
2014-02-23 01:02:00,652.1
2014-02-23 02:02:00,680.78
2014-02-23 03:02:00,704.33
2014-02-23 04:02:00,680.73
2014-02-23 05:02:00,678.07
2014-02-23 06:02:00,664.94
2014-02-23 07:02:00,682.49
2014-02-23 08:02:00,700
2014-02-23 09:02:00,686.75
2014-02-23 10:02:00,712.26
2014-02-23 11:02:00,641.31
2014-02-23 12:02:00,783.77
2014-02-23 13:02:00,695.75
2014-02-23 14:02:00,904.7
2014-02-23 15:02:00,746.74
2014-02-23 16:02:00,796.56
2014-02-23 17:02:00,748.87
2014-02-23 18:02:00,725.9
2014-02-23 19:02:00,684.94
2014-02-23 20:02:00,669.5
2014-02-23 21:02:00,757.86
2014-02-23 22:02:00,687.46
2014-02-23 23:02:00,747.94
2014-02-23 24:02:00,681.29
2014-02-24 01:02:00,654.22
2014-02-24 02:02:00,666.99
2014-02-24 03:02:00,685.08
2014-02-24 04:02:00,692.24
2014-02-24 05:02:00,685.37
2014-02-24 06:02:00,596.12
2014-02-24 07:02:00,825.69
2014-02-24 08:02:00,709.33
2014-02-24 09:02:00,648.32
2014-02-24 10:02:00,824.17
2014-02-24 11:02:00,604.71
2014-02-24 12:02:00,667.1
2014-02-24 13:02:00,649.91
2014-02-24 14:02:00,774.61
2014-02-24 15:02:00,631.73
2014-02-24 16:02:00,638.88
2014-02-24 17:02:00,641.54
2014-02-24 18:02:00,669.74
2014-02-24 19:02:00,658.58
2014-02-24 20:02:00,639.66
2014-02-24 21:02:00,636.77
2014-02-24 22:02:00,639.49
2014-02-24 23:02:00,626.9
2014-02-24 24:02:00,604.56
2014-02-25 01:02:00,638.35
2014-02-25 02:02:00,621.96
2014-02-25 03:02:00,627.07
2014-02-25 04:02:00,611.3
2014-02-25 05:02:00,652
2014-02-25 06:02:00,652.06
2014-02-25 07:02:00,564.06
2014-02-25 08:02:00,570.15
2014-02-25 09:02:00,578.81
2014-02-25 10:02:00,492.93
2014-02-25 11:02:00,510.52
2014-02-25 12:02:00,543.06
2014-02-25 13:02:00,549.07
2014-02-25 14:02:00,510.07
2014-02-25 15:02:00,565.77
2014-02-25 16:02:00,562.71
2014-02-25 17:02:00,581.63
2014-02-25 18:02:00,627.21
2014-02-25 19:02:00,594.38
2014-02-25 20:02:00,602.38
2014-02-25 21:02:00,611.77
2014-02-25 22:02:00,625.9
2014-02-25 23:02:00,601.76
2014-02-25 24:02:00,598.41
2014-02-26 01:02:00,606.35
2014-02-26 02:02:00,603.14
2014-02-26 03:02:00,614.4
2014-02-26 04:02:00,593.9
2014-02-26 05:02:00,620.72
2014-02-26 06:02:00,645.89
2014-02-26 07:02:00,632.91
2014-02-26 08:02:00,609.08
2014-02-26 09:02:00,660.52
2014-02-26 10:02:00,690.35
2014-02-26 11:02:00,604.38
2014-02-26 12:02:00,605.14
2014-02-26 13:02:00,606.84
2014-02-26 14:02:00,614.76
2014-02-26 15:02:00,589.12
2014-02-26 16:02:00,625.46
2014-02-26 17:02:00,634.53
2014-02-26 18:02:00,644.76
2014-02-26 19:02:00,671.76
2014-02-26 20:02:00,664.39
2014-02-26 21:02:00,640.22
2014-02-26 22:02:00,662.68
2014-02-26 23:02:00,666.53
2014-02-26 24:02:00,645.28
2014-02-27 01:02:00,631.51
2014-02-27 02:02:00,637.59
2014-02-27 03:02:00,676.9
2014-02-27 04:02:00,655.09
2014-02-27 05:02:00,709.7
2014-02-27 06:02:00,700.39
2014-02-27 07:02:00,648.42
2014-02-27 08:02:00,619.3
2014-02-27 09:02:00,673.19
2014-02-27 10:02:00,648.01
2014-02-27 11:02:00,620.67
2014-02-27 12:02:00,590.96
2014-02-27 13:02:00,597.71
2014-02-27 14:02:00,613.12
2014-02-27 15:02:00,641.5
2014-02-27 16:02:00,662.35
2014-02-27 17:02:00,691.87
2014-02-27 18:02:00,646.86
2014-02-27 19:02:00,641.92
2014-02-27 20:02:00,695.39
2014-02-27 21:02:00,636.2
2014-02-27 22:02:00,655.44
2014-02-27 23:02:00,648.26
2014-02-27 24:02:00,629.28
2014-02-28 01:02:00,632.91
2014-02-28 02:02:00,660.22
2014-02-28 03:02:00,677.34
2014-02-28 04:02:00,647.55
2014-02-28 05:02:00,643.4
2014-02-28 06:02:00,692.82
2014-02-28 07:02:00,662.85
2014-02-28 08:02:00,777.61
2014-02-28 09:02:00,770.89
2014-02-28 10:02:00,743.63
2014-02-28 11:02:00,625.87
2014-02-28 12:02:00,598.77
2014-02-28 13:02:00,619.76
2014-02-28 14:02:00,662.99
2014-02-28 15:02:00,583.55
2014-02-28 16:02:00,632.72
2014-02-28 17:02:00,621.9
2014-02-28 18:02:00,635.7
2014-02-28 19:02:00,631.57
2014-02-28 20:02:00,632.1
2014-02-28 21:02:00,640.36
2014-02-28 22:02:00,636.03
2014-02-28 23:02:00,625.24
2014-02-28 24:02:00,630.73
2014-03-01 01:03:00,607.96
2014-03-01 02:03:00,660.36
2014-03-01 03:03:00,616.52
2014-03-01 04:03:00,608.84
2014-03-01 05:03:00,597.83
2014-03-01 06:03:00,622.97
2014-03-01 07:03:00,614.05
2014-03-01 08:03:00,657.66
2014-03-01 09:03:00,632.81
2014-03-01 10:03:00,676.4
2014-03-01 11:03:00,549.79
2014-03-01 12:03:00,701.86
2014-03-01 13:03:00,793.38
2014-03-01 14:03:00,558.48
2014-03-01 15:03:00,561.54
2014-03-01 16:03:00,571.83
2014-03-01 17:03:00,604.74
2014-03-01 18:03:00,639.08
2014-03-01 19:03:00,621.22
2014-03-01 20:03:00,652.61
2014-03-01 21:03:00,615.53
2014-03-01 22:03:00,671.35
2014-03-01 23:03:00,682.19
2014-03-01 24:03:00,637.6
2014-03-02 01:03:00,663.46
2014-03-02 02:03:00,643.44
2014-03-02 03:03:00,638.81
2014-03-02 04:03:00,598.49
2014-03-02 05:03:00,573.55
2014-03-02 06:03:00,562.59
2014-03-02 07:03:00,567.25
2014-03-02 08:03:00,555.84
2014-03-02 09:03:00,557.87
2014-03-02 10:03:00,562.64
2014-03-02 11:03:00,572.01
2014-03-02 12:03:00,557.43
2014-03-02 13:03:00,562.61
2014-03-02 14:03:00,559.91
2014-03-02 15:03:00,559.95
2014-03-02 16:03:00,557.42
2014-03-02 17:03:00,552.29
2014-03-02 18:03:00,573.99
2014-03-02 19:03:00,569.32
2014-03-02 20:03:00,566.8
2014-03-02 21:03:00,564.88
2014-03-02 22:03:00,579.73
2014-03-02 23:03:00,566.02
2014-03-02 24:03:00,555.41
2014-03-03 01:03:00,575.27
2014-03-03 02:03:00,578.29
2014-03-03 03:03:00,597.51
2014-03-03 04:03:00,582.84
2014-03-03 05:03:00,576.89
2014-03-03 06:03:00,580.26
2014-03-03 07:03:00,576.25
2014-03-03 08:03:00,574.04
2014-03-03 09:03:00,584.41
2014-03-03 10:03:00,573.6
2014-03-03 11:03:00,583.9
2014-03-03 12:03:00,594.35
2014-03-03 13:03:00,581.98
2014-03-03 14:03:00,590.44
2014-03-03 15:03:00,587.06
2014-03-03 16:03:00,601.15
2014-03-03 17:03:00,620.33
2014-03-03 18:03:00,629.62
2014-03-03 19:03:00,652.98
2014-03-03 20:03:00,676.64
2014-03-03 21:03:00,693.96
2014-03-03 22:03:00,705.44
2014-03-03 23:03:00,697.27
2014-03-03 24:03:00,701.33
2014-03-04 01:03:00,682
2014-03-04 02:03:00,703.31
2014-03-04 03:03:00,701.49
2014-03-04 04:03:00,702.73
2014-03-04 05:03:00,681.35
2014-03-04 06:03:00,691.35
2014-03-04 07:03:00,671.91
2014-03-04 08:03:00,680.06
2014-03-04 09:03:00,658.63
2014-03-04 10:03:00,663.63
2014-03-04 11:03:00,679.76
2014-03-04 12:03:00,674.58
2014-03-04 13:03:00,670.29
2014-03-04 14:03:00,680.25
2014-03-04 15:03:00,677.37
2014-03-04 16:03:00,679.43
2014-03-04 17:03:00,696.5
2014-03-04 18:03:00,707.31
2014-03-04 19:03:00,711.56
2014-03-04 20:03:00,712.32
2014-03-04 21:03:00,709.6
2014-03-04 22:03:00,695.39
2014-03-04 23:03:00,692.76
2014-03-04 24:03:00,698.46
2014-03-05 01:03:00,686.18
2014-03-05 02:03:00,686.35
2014-03-05 03:03:00,688.94
2014-03-05 04:03:00,664.95
2014-03-05 05:03:00,669.46
2014-03-05 06:03:00,684.01
2014-03-05 07:03:00,676.28
2014-03-05 08:03:00,663.91
2014-03-05 09:03:00,664.69
2014-03-05 10:03:00,652.63
2014-03-05 11:03:00,645.77
2014-03-05 12:03:00,647.3
2014-03-05 13:03:00,655.07
2014-03-05 14:03:00,661.21
2014-03-05 15:03:00,663.64
2014-03-05 16:03:00,659.88
2014-03-05 17:03:00,691.49
2014-03-05 18:03:00,696.17
2014-03-05 19:03:00,676.65
2014-03-05 20:03:00,683.07
2014-03-05 21:03:00,695.07
2014-03-05 22:03:00,688.31
2014-03-05 23:03:00,687.38
2014-03-05 24:03:00,683.81
2014-03-06 01:03:00,693.64
2014-03-06 02:03:00,675.62
2014-03-06 03:03:00,685.04
2014-03-06 04:03:00,670.51
2014-03-06 05:03:00,685.29
2014-03-06 06:03:00,682.23
2014-03-06 07:03:00,654.68
2014-03-06 08:03:00,683.8
2014-03-06 09:03:00,657.75
2014-03-06 10:03:00,656.48
2014-03-06 11:03:00,661.63
2014-03-06 12:03:00,654.33
2014-03-06 13:03:00,654.64
2014-03-06 14:03:00,655.08
2014-03-06 15:03:00,658.64
2014-03-06 16:03:00,656.99
2014-03-06 17:03:00,652.97
2014-03-06 18:03:00,659.75
2014-03-06 19:03:00,662.46
2014-03-06 20:03:00,663.18
2014-03-06 21:03:00,658.65
2014-03-06 22:03:00,655.57
2014-03-06 23:03:00,662.23
2014-03-06 24:03:00,667.52
2014-03-07 01:03:00,662.68
2014-03-07 02:03:00,664.7
2014-03-07 03:03:00,657.24
2014-03-07 04:03:00,654.19
2014-03-07 05:03:00,659.87
2014-03-07 06:03:00,650.29
2014-03-07 07:03:00,650.58
2014-03-07 08:03:00,648.25
2014-03-07 09:03:00,645.62
2014-03-07 10:03:00,642.7
2014-03-07 11:03:00,637.79
2014-03-07 12:03:00,640.94
2014-03-07 13:03:00,625.57
2014-03-07 14:03:00,625.2
2014-03-07 15:03:00,629.18
2014-03-07 16:03:00,634.26
2014-03-07 17:03:00,639.12
2014-03-07 18:03:00,631.29
2014-03-07 19:03:00,629.45
2014-03-07 20:03:00,632.87
2014-03-07 21:03:00,626.79
2014-03-07 22:03:00,638.66
2014-03-07 23:03:00,638.9
2014-03-07 24:03:00,650.09
2014-03-08 01:03:00,630.41
2014-03-08 02:03:00,640.81
2014-03-08 03:03:00,628.08
2014-03-08 04:03:00,626
2014-03-08 05:03:00,627.91
2014-03-08 06:03:00,617.91
2014-03-08 07:03:00,608.74
2014-03-08 08:03:00,619.8
2014-03-08 09:03:00,615.42
2014-03-08 10:03:00,611.28
2014-03-08 11:03:00,609.55
2014-03-08 12:03:00,615.12
2014-03-08 13:03:00,614.01
2014-03-08 14:03:00,610.03
2014-03-08 15:03:00,609.2
2014-03-08 16:03:00,607.78
2014-03-08 17:03:00,615.34
2014-03-08 18:03:00,616.56
2014-03-08 19:03:00,610.57
2014-03-08 20:03:00,618.06
2014-03-08 21:03:00,609.5
2014-03-08 22:03:00,608.58
2014-03-08 23:03:00,631.73
2014-03-08 24:03:00,617.48
2014-03-09 01:03:00,615
2014-03-09 02:03:00,621.23
2014-03-09 03:03:00,610.09
2014-03-09 04:03:00,608.61
2014-03-09 05:03:00,607.27
2014-03-09 06:03:00,609.01
2014-03-09 07:03:00,604.93
2014-03-09 08:03:00,611.36
2014-03-09 09:03:00,614.63
2014-03-09 10:03:00,610.17
2014-03-09 11:03:00,609.22
2014-03-09 12:03:00,610.84
2014-03-09 13:03:00,611.72
2014-03-09 14:03:00,609.75
2014-03-09 15:03:00,621.69
2014-03-09 16:03:00,632.79
2014-03-09 17:03:00,630.88
2014-03-09 18:03:00,642.19
2014-03-09 19:03:00,643.21
2014-03-09 20:03:00,637.21
2014-03-09 21:03:00,632.3
2014-03-09 22:03:00,630.92
2014-03-09 23:03:00,636.69
2014-03-09 24:03:00,628.94
2014-03-10 01:03:00,630.82
2014-03-10 02:03:00,636.23
2014-03-10 03:03:00,634.16
2014-03-10 04:03:00,634.44
2014-03-10 05:03:00,636.35
2014-03-10 06:03:00,631.31
2014-03-10 07:03:00,629.66
2014-03-10 08:03:00,625.59
2014-03-10 09:03:00,631.28
2014-03-10 10:03:00,626.58
2014-03-10 11:03:00,625.33
2014-03-10 12:03:00,614.51
2014-03-10 13:03:00,614.69
2014-03-10 14:03:00,623.75
2014-03-10 15:03:00,612.67
2014-03-10 16:03:00,619.2
2014-03-10 17:03:00,626.24
2014-03-10 18:03:00,624.91
2014-03-10 19:03:00,634.19
2014-03-10 20:03:00,628.25
2014-03-10 21:03:00,634.21
2014-03-10 22:03:00,626.24
2014-03-10 23:03:00,632.87
2014-03-10 24:03:00,625.47
2014-03-11 01:03:00,627.88
2014-03-11 02:03:00,626.61
2014-03-11 03:03:00,621.64
2014-03-11 04:03:00,622.21
2014-03-11 05:03:00,622.04
2014-03-11 06:03:00,616.13
2014-03-11 07:03:00,614
2014-03-11 08:03:00,613.85
2014-03-11 09:03:00,614.9
2014-03-11 10:03:00,613.27
2014-03-11 11:03:00,618.91
2014-03-11 12:03:00,615.21
2014-03-11 13:03:00,614.82
2014-03-11 14:03:00,614.41
2014-03-11 15:03:00,616.58
2014-03-11 16:03:00,613.25
2014-03-11 17:03:00,623.57
2014-03-11 18:03:00,624.39
2014-03-11 19:03:00,619.8
2014-03-11 20:03:00,669.24
2014-03-11 21:03:00,679.37
2014-03-11 22:03:00,678.26
2014-03-11 23:03:00,676.42
2014-03-11 24:03:00,666.77
2014-03-12 01:03:00,670.14
2014-03-12 02:03:00,696.7
2014-03-12 03:03:00,636.3
2014-03-12 04:03:00,640.42
2014-03-12 05:03:00,635.01
2014-03-12 06:03:00,623.59
2014-03-12 07:03:00,636.11
2014-03-12 08:03:00,630.64
2014-03-12 09:03:00,625.35
2014-03-12 10:03:00,626.07
2014-03-12 11:03:00,623.94
2014-03-12 12:03:00,620.63
2014-03-12 13:03:00,622.86
2014-03-12 14:03:00,621.74
2014-03-12 15:03:00,622.51
2014-03-12 16:03:00,629.11
2014-03-12 17:03:00,633.73
2014-03-12 18:03:00,631.26
2014-03-12 19:03:00,642.11
2014-03-12 20:03:00,644.91
2014-03-12 21:03:00,639.59
2014-03-12 22:03:00,638.09
2014-03-12 23:03:00,631.8
2014-03-12 24:03:00,651.36
2014-03-13 01:03:00,631.24
2014-03-13 02:03:00,621.75
2014-03-13 03:03:00,625.11
2014-03-13 04:03:00,633.52
2014-03-13 05:03:00,645.05
2014-03-13 06:03:00,628.96
2014-03-13 07:03:00,627.78
2014-03-13 08:03:00,624.97
2014-03-13 09:03:00,629
2014-03-13 10:03:00,633.05
2014-03-13 11:03:00,634.59
2014-03-13 12:03:00,631.16
2014-03-13 13:03:00,629.58
2014-03-13 14:03:00,634.52
2014-03-13 15:03:00,634.02
2014-03-13 16:03:00,639.91
2014-03-13 17:03:00,633.84
2014-03-13 18:03:00,637.42
2014-03-13 19:03:00,647.14
2014-03-13 20:03:00,645.01
2014-03-13 21:03:00,647.75
2014-03-13 22:03:00,646.95
2014-03-13 23:03:00,643.75
2014-03-13 24:03:00,642.84
2014-03-14 01:03:00,637.48
2014-03-14 02:03:00,632.37
2014-03-14 03:03:00,631.37
2014-03-14 04:03:00,636.44
2014-03-14 05:03:00,640.73
2014-03-14 06:03:00,630.75
2014-03-14 07:03:00,628.87
2014-03-14 08:03:00,624.67
2014-03-14 09:03:00,623.31
2014-03-14 10:03:00,629.11
2014-03-14 11:03:00,622.27
2014-03-14 12:03:00,622.66
2014-03-14 13:03:00,621.22
2014-03-14 14:03:00,623.29
2014-03-14 15:03:00,619.31
2014-03-14 16:03:00,622.93
2014-03-14 17:03:00,625.08
2014-03-14 18:03:00,628.36
2014-03-14 19:03:00,631.71
2014-03-14 20:03:00,628.71
2014-03-14 21:03:00,637.45
2014-03-14 22:03:00,634.47
2014-03-14 23:03:00,634.82
2014-03-14 24:03:00,624.54
2014-03-15 01:03:00,624.53
2014-03-15 02:03:00,622.42
2014-03-15 03:03:00,643.37
2014-03-15 04:03:00,653.53
2014-03-15 05:03:00,621.6
2014-03-15 06:03:00,638.07
2014-03-15 07:03:00,619.29
2014-03-15 08:03:00,620.52
2014-03-15 09:03:00,617.17
2014-03-15 10:03:00,620.36
2014-03-15 11:03:00,619.49
2014-03-15 12:03:00,617.64
2014-03-15 13:03:00,617.65
2014-03-15 14:03:00,619.88
2014-03-15 15:03:00,629.86
2014-03-15 16:03:00,625.2
2014-03-15 17:03:00,627.91
2014-03-15 18:03:00,632.72
2014-03-15 19:03:00,635.86
2014-03-15 20:03:00,628.28
2014-03-15 21:03:00,636.77
2014-03-15 22:03:00,639.16
2014-03-15 23:03:00,626.39
2014-03-15 24:03:00,627.54
2014-03-16 01:03:00,629.22
2014-03-16 02:03:00,628.44
2014-03-16 03:03:00,623.99
2014-03-16 04:03:00,625.96
2014-03-16 05:03:00,625.71
2014-03-16 06:03:00,624.77
2014-03-16 07:03:00,624.49
2014-03-16 08:03:00,624.63
2014-03-16 09:03:00,624.23
2014-03-16 10:03:00,623.33
2014-03-16 11:03:00,620.65
2014-03-16 12:03:00,619.22
2014-03-16 13:03:00,618.71
2014-03-16 14:03:00,620.64
2014-03-16 15:03:00,618.63
2014-03-16 16:03:00,619.58
2014-03-16 17:03:00,624.05
2014-03-16 18:03:00,625.41
2014-03-16 19:03:00,623.92
2014-03-16 20:03:00,623.71
2014-03-16 21:03:00,628.49
2014-03-16 22:03:00,622.8
2014-03-16 23:03:00,622.81
2014-03-16 24:03:00,628.71
2014-03-17 01:03:00,624.92
2014-03-17 02:03:00,627.54
2014-03-17 03:03:00,625.67
2014-03-17 04:03:00,630.95
2014-03-17 05:03:00,624.84
2014-03-17 06:03:00,620.32
2014-03-17 07:03:00,624.55
2014-03-17 08:03:00,622.22
2014-03-17 09:03:00,623.35
2014-03-17 10:03:00,614.03
2014-03-17 11:03:00,611.77
2014-03-17 12:03:00,610.52
2014-03-17 13:03:00,611.22
2014-03-17 14:03:00,606.93
2014-03-17 15:03:00,610.67
2014-03-17 16:03:00,617.73
2014-03-17 17:03:00,622.46
2014-03-17 18:03:00,622.96
2014-03-17 19:03:00,629.12
2014-03-17 20:03:00,633.71
2014-03-17 21:03:00,628.65
2014-03-17 22:03:00,628.55
2014-03-17 23:03:00,628.77
2014-03-17 24:03:00,623.8
2014-03-18 01:03:00,630.24
2014-03-18 02:03:00,619.25
2014-03-18 03:03:00,619.93
2014-03-18 04:03:00,621.78
2014-03-18 05:03:00,618.18
2014-03-18 06:03:00,617.83
2014-03-18 07:03:00,606.83
2014-03-18 08:03:00,604.15
2014-03-18 09:03:00,599.24
2014-03-18 10:03:00,601.25
2014-03-18 11:03:00,603.67
2014-03-18 12:03:00,605.29
2014-03-18 13:03:00,604.52
2014-03-18 14:03:00,599.63
2014-03-18 15:03:00,635
2014-03-18 16:03:00,671.06
2014-03-18 17:03:00,662.47
2014-03-18 18:03:00,609.59
2014-03-18 19:03:00,612.58
2014-03-18 20:03:00,612.06
2014-03-18 21:03:00,609.31
2014-03-18 22:03:00,613.64
2014-03-18 23:03:00,615.32
2014-03-18 24:03:00,608.82
2014-03-19 01:03:00,608.1
2014-03-19 02:03:00,608.26
2014-03-19 03:03:00,618.61
2014-03-19 04:03:00,612.09
2014-03-19 05:03:00,606.9
2014-03-19 06:03:00,601.58
2014-03-19 07:03:00,608.92
2014-03-19 08:03:00,608.06
2014-03-19 09:03:00,600.51
2014-03-19 10:03:00,600.46
2014-03-19 11:03:00,599.99
2014-03-19 12:03:00,601.26
2014-03-19 13:03:00,602.48
2014-03-19 14:03:00,597.91
2014-03-19 15:03:00,601.67
2014-03-19 16:03:00,606.03
2014-03-19 17:03:00,606.96
2014-03-19 18:03:00,608.25
2014-03-19 19:03:00,613.91
2014-03-19 20:03:00,595.77
2014-03-19 21:03:00,605.54
2014-03-19 22:03:00,594.79
2014-03-19 23:03:00,614.18
2014-03-19 24:03:00,594.93
2014-03-20 01:03:00,597.82
2014-03-20 02:03:00,602.77
2014-03-20 03:03:00,609.06
2014-03-20 04:03:00,598.09
2014-03-20 05:03:00,590.86
2014-03-20 06:03:00,591.83
2014-03-20 07:03:00,644.69
2014-03-20 08:03:00,589.81
2014-03-20 09:03:00,589.15
2014-03-20 10:03:00,591.76
2014-03-20 11:03:00,590.4
2014-03-20 12:03:00,588.22
2014-03-20 13:03:00,587.92
2014-03-20 14:03:00,579.4
2014-03-20 15:03:00,581.05
2014-03-20 16:03:00,577.12
2014-03-20 17:03:00,578.57
2014-03-20 18:03:00,570.35
2014-03-20 19:03:00,569.58
2014-03-20 20:03:00,584.78
2014-03-20 21:03:00,571.74
2014-03-20 22:03:00,573.3
2014-03-20 23:03:00,571.31
2014-03-20 24:03:00,569.91
2014-03-21 01:03:00,576.12
2014-03-21 02:03:00,567.34
2014-03-21 03:03:00,577.01
2014-03-21 04:03:00,565.33
2014-03-21 05:03:00,566.67
2014-03-21 06:03:00,567.22
2014-03-21 07:03:00,563.86
2014-03-21 08:03:00,565.08
2014-03-21 09:03:00,574.52
2014-03-21 10:03:00,575.04
2014-03-21 11:03:00,582.48
2014-03-21 12:03:00,581.37
2014-03-21 13:03:00,563.54
2014-03-21 14:03:00,556.19
2014-03-21 15:03:00,563.19
2014-03-21 16:03:00,561.69
2014-03-21 17:03:00,579.76
2014-03-21 18:03:00,568.05
2014-03-21 19:03:00,561.48
2014-03-21 20:03:00,560.28
2014-03-21 21:03:00,563.32
2014-03-21 22:03:00,578.47
2014-03-21 23:03:00,559.55
2014-03-21 24:03:00,560.31
2014-03-22 01:03:00,555.44
2014-03-22 02:03:00,553.32
2014-03-22 03:03:00,552.57
2014-03-22 04:03:00,552.05
2014-03-22 05:03:00,551.65
2014-03-22 06:03:00,557.64
2014-03-22 07:03:00,551.44
2014-03-22 08:03:00,558.94
2014-03-22 09:03:00,562.13
2014-03-22 10:03:00,559.44
2014-03-22 11:03:00,555.45
2014-03-22 12:03:00,549.33
2014-03-22 13:03:00,544.43
2014-03-22 14:03:00,553.99
2014-03-22 15:03:00,544.81
2014-03-22 16:03:00,550.76
2014-03-22 17:03:00,552.54
2014-03-22 18:03:00,543.98
2014-03-22 19:03:00,547.33
2014-03-22 20:03:00,547.42
2014-03-22 21:03:00,547.41
2014-03-22 22:03:00,547.6
2014-03-22 23:03:00,551.39
2014-03-22 24:03:00,557.58
2014-03-23 01:03:00,554.54
2014-03-23 02:03:00,557.64
2014-03-23 03:03:00,552.54
2014-03-23 04:03:00,553.45
2014-03-23 05:03:00,552.94
2014-03-23 06:03:00,548.08
2014-03-23 07:03:00,552.51
2014-03-23 08:03:00,548.85
2014-03-23 09:03:00,547.61
2014-03-23 10:03:00,550.4
2014-03-23 11:03:00,550.24
2014-03-23 12:03:00,547.83
2014-03-23 13:03:00,545.73
2014-03-23 14:03:00,548.58
2014-03-23 15:03:00,548.78
2014-03-23 16:03:00,554.69
2014-03-23 17:03:00,556.59
2014-03-23 18:03:00,553.04
2014-03-23 19:03:00,553.53
2014-03-23 20:03:00,556.63
2014-03-23 21:03:00,561.77
2014-03-23 22:03:00,552.66
2014-03-23 23:03:00,550.71
2014-03-23 24:03:00,559.81
2014-03-24 01:03:00,558.38
2014-03-24 02:03:00,555.12
2014-03-24 03:03:00,551.21
2014-03-24 04:03:00,555.59
2014-03-24 05:03:00,541.66
2014-03-24 06:03:00,547.87
2014-03-24 07:03:00,547.13
2014-03-24 08:03:00,543.1
2014-03-24 09:03:00,535.97
2014-03-24 10:03:00,536.72
2014-03-24 11:03:00,539.1
2014-03-24 12:03:00,540.91
2014-03-24 13:03:00,549.49
2014-03-24 14:03:00,548.12
2014-03-24 15:03:00,550.2
2014-03-24 16:03:00,557.77
2014-03-24 17:03:00,546.96
2014-03-24 18:03:00,568.16
2014-03-24 19:03:00,546.96
2014-03-24 20:03:00,549.65
2014-03-24 21:03:00,556.37
2014-03-24 22:03:00,575.74
2014-03-24 23:03:00,562.88
2014-03-24 24:03:00,563.93
2014-03-25 01:03:00,568.19
2014-03-25 02:03:00,566.54
2014-03-25 03:03:00,560.26
2014-03-25 04:03:00,555.63
2014-03-25 05:03:00,559.12
2014-03-25 06:03:00,566.2
2014-03-25 07:03:00,558.75
2014-03-25 08:03:00,565.24
2014-03-25 09:03:00,559.89
2014-03-25 10:03:00,560.32
2014-03-25 11:03:00,556.68
2014-03-25 12:03:00,555.99
2014-03-25 13:03:00,555.34
2014-03-25 14:03:00,556.99
2014-03-25 15:03:00,559.61
2014-03-25 16:03:00,567.94
2014-03-25 17:03:00,565.16
2014-03-25 18:03:00,558.17
2014-03-25 19:03:00,557.46
2014-03-25 20:03:00,560.04
2014-03-25 21:03:00,564.59
2014-03-25 22:03:00,565
2014-03-25 23:03:00,563.19
2014-03-25 24:03:00,575.18
2014-03-26 01:03:00,564.62
2014-03-26 02:03:00,565.53
2014-03-26 03:03:00,559.46
2014-03-26 04:03:00,560.68
2014-03-26 05:03:00,558.52
2014-03-26 06:03:00,554.91
2014-03-26 07:03:00,553.33
2014-03-26 08:03:00,559.75
2014-03-26 09:03:00,557
2014-03-26 10:03:00,551.79
2014-03-26 11:03:00,554.5
2014-03-26 12:03:00,565.34
2014-03-26 13:03:00,564.51
2014-03-26 14:03:00,563.37
2014-03-26 15:03:00,569.98
2014-03-26 16:03:00,570.23
2014-03-26 17:03:00,574.7
2014-03-26 18:03:00,565.71
2014-03-26 19:03:00,568.01
2014-03-26 20:03:00,569.12
2014-03-26 21:03:00,567.61
2014-03-26 22:03:00,566.34
2014-03-26 23:03:00,565.38
2014-03-26 24:03:00,568.31
2014-03-27 01:03:00,563.52
2014-03-27 02:03:00,569.06
2014-03-27 03:03:00,575.42
2014-03-27 04:03:00,567.85
2014-03-27 05:03:00,546.01
2014-03-27 06:03:00,546.73
2014-03-27 07:03:00,554.28
2014-03-27 08:03:00,547.92
2014-03-27 09:03:00,546.48
2014-03-27 10:03:00,544.88
2014-03-27 11:03:00,539.03
2014-03-27 12:03:00,537.24
2014-03-27 13:03:00,541.14
2014-03-27 14:03:00,538.86
2014-03-27 15:03:00,529.26
2014-03-27 16:03:00,512.58
2014-03-27 17:03:00,519.32
2014-03-27 18:03:00,518.02
2014-03-27 19:03:00,521.47
2014-03-27 20:03:00,506.61
2014-03-27 21:03:00,515.87
2014-03-27 22:03:00,501.91
2014-03-27 23:03:00,498.24
2014-03-27 24:03:00,498.72
2014-03-28 01:03:00,497.38
2014-03-28 02:03:00,468.05
2014-03-28 03:03:00,483.9
2014-03-28 04:03:00,486.93
2014-03-28 05:03:00,511.4
2014-03-28 06:03:00,497.91
2014-03-28 07:03:00,496.88
2014-03-28 08:03:00,506.54
2014-03-28 09:03:00,508.14
2014-03-28 10:03:00,499.9
2014-03-28 11:03:00,486.25
2014-03-28 12:03:00,490.04
2014-03-28 13:03:00,485.07
2014-03-28 14:03:00,489.96
2014-03-28 15:03:00,492.09
2014-03-28 16:03:00,499.73
2014-03-28 17:03:00,499.27
2014-03-28 18:03:00,501.45
2014-03-28 19:03:00,500.92
2014-03-28 20:03:00,490.89
2014-03-28 21:03:00,484.71
2014-03-28 22:03:00,477.15
2014-03-28 23:03:00,477.79
2014-03-28 24:03:00,486.02
2014-03-29 01:03:00,486.04
2014-03-29 02:03:00,485.73
2014-03-29 03:03:00,487.32
2014-03-29 04:03:00,491.21
2014-03-29 05:03:00,487.04
2014-03-29 06:03:00,485.9
2014-03-29 07:03:00,488.48
2014-03-29 08:03:00,488.56
2014-03-29 09:03:00,482.96
2014-03-29 10:03:00,485.46
2014-03-29 11:03:00,489.6
2014-03-29 12:03:00,489.2
2014-03-29 13:03:00,489.48
2014-03-29 14:03:00,486.2
2014-03-29 15:03:00,485.85
2014-03-29 16:03:00,487.02
2014-03-29 17:03:00,496.02
2014-03-29 18:03:00,485.67
2014-03-29 19:03:00,501.79
2014-03-29 20:03:00,485.18
2014-03-29 21:03:00,482.93
2014-03-29 22:03:00,484.75
2014-03-29 23:03:00,485.74
2014-03-29 24:03:00,479.51
2014-03-30 01:03:00,477.84
2014-03-30 02:03:00,475.33
2014-03-30 04:03:00,482.4
2014-03-30 05:03:00,470.15
2014-03-30 06:03:00,470.78
2014-03-30 07:03:00,471.78
2014-03-30 08:03:00,470.26
2014-03-30 09:03:00,465.19
2014-03-30 10:03:00,464.69
2014-03-30 11:03:00,466.71
2014-03-30 12:03:00,468.9
2014-03-30 13:03:00,464.03
2014-03-30 14:03:00,458.84
2014-03-30 15:03:00,460.45
2014-03-30 16:03:00,452.16
2014-03-30 17:03:00,453.41
2014-03-30 18:03:00,443.16
2014-03-30 19:03:00,436.46
2014-03-30 20:03:00,434.41
2014-03-30 21:03:00,453.96
2014-03-30 22:03:00,456.71
2014-03-30 23:03:00,441.94
2014-03-30 24:03:00,437.15
2014-03-31 01:03:00,454.51
2014-03-31 02:03:00,451.19
2014-03-31 03:03:00,449.14
2014-03-31 04:03:00,455.94
2014-03-31 05:03:00,469.86
2014-03-31 06:03:00,461.79
2014-03-31 07:03:00,447.96
2014-03-31 08:03:00,435.22
2014-03-31 09:03:00,434.58
2014-03-31 10:03:00,433.04
2014-03-31 11:03:00,438.23
2014-03-31 12:03:00,435.82
2014-03-31 13:03:00,432.65
2014-03-31 14:03:00,434.25
2014-03-31 15:03:00,438.45
2014-03-31 16:03:00,450.32
2014-03-31 17:03:00,451.53
2014-03-31 18:03:00,447.25
2014-03-31 19:03:00,452.26
2014-03-31 20:03:00,449.5
2014-03-31 21:03:00,446.74
2014-03-31 22:03:00,462.19
2014-03-31 23:03:00,442.76
2014-03-31 24:03:00,439.43
2014-04-01 01:04:00,439.44
2014-04-01 02:04:00,456.1
2014-04-01 03:04:00,444.56
2014-04-01 04:04:00,446.53
2014-04-01 05:04:00,445.79
2014-04-01 06:04:00,452.26
2014-04-01 07:04:00,460.84
2014-04-01 08:04:00,453.78
2014-04-01 09:04:00,449.38
2014-04-01 10:04:00,468.33
2014-04-01 11:04:00,473.68
2014-04-01 12:04:00,485.57
2014-04-01 13:04:00,477.39
2014-04-01 14:04:00,464.31
2014-04-01 15:04:00,469.32
2014-04-01 16:04:00,463.5
2014-04-01 17:04:00,467.79
2014-04-01 18:04:00,461.46
2014-04-01 19:04:00,464.69
2014-04-01 20:04:00,480.32
2014-04-01 21:04:00,466.54
2014-04-01 22:04:00,466.31
2014-04-01 23:04:00,485.79
2014-04-01 24:04:00,465.39
2014-04-02 01:04:00,469.07
2014-04-02 02:04:00,463.85
2014-04-02 03:04:00,465.04
2014-04-02 04:04:00,464.15
2014-04-02 05:04:00,466.2
2014-04-02 06:04:00,480.7
2014-04-02 07:04:00,468.16
2014-04-02 08:04:00,471.41
2014-04-02 09:04:00,467.49
2014-04-02 10:04:00,460.87
2014-04-02 11:04:00,463.61
2014-04-02 12:04:00,469.33
2014-04-02 13:04:00,475.54
2014-04-02 14:04:00,474.3
2014-04-02 15:04:00,475.29
2014-04-02 16:04:00,466.53
2014-04-02 17:04:00,461.89
2014-04-02 18:04:00,456.07
2014-04-02 19:04:00,445.05
2014-04-02 20:04:00,443.16
2014-04-02 21:04:00,441.27
2014-04-02 22:04:00,427.58
2014-04-02 23:04:00,425.27
2014-04-02 24:04:00,422.6
2014-04-03 01:04:00,444.58
2014-04-03 02:04:00,421.83
2014-04-03 03:04:00,421.49
2014-04-03 04:04:00,415.94
2014-04-03 05:04:00,411
2014-04-03 06:04:00,418.65
2014-04-03 07:04:00,416.43
2014-04-03 08:04:00,414.99
2014-04-03 09:04:00,410.65
2014-04-03 10:04:00,407.52
2014-04-03 11:04:00,404.68
2014-04-03 12:04:00,406.07
2014-04-03 13:04:00,416.54
2014-04-03 14:04:00,424.6
2014-04-03 15:04:00,421.1
2014-04-03 16:04:00,418.05
2014-04-03 17:04:00,416.71
2014-04-03 18:04:00,425.11
2014-04-03 19:04:00,440.67
2014-04-03 20:04:00,433
2014-04-03 21:04:00,430.1
2014-04-03 22:04:00,432.88
2014-04-03 23:04:00,434.15
2014-04-03 24:04:00,450.84
2014-04-04 01:04:00,434.09
2014-04-04 02:04:00,449.34
2014-04-04 03:04:00,433.9
2014-04-04 04:04:00,428.72
2014-04-04 05:04:00,427.7
2014-04-04 06:04:00,443.37
2014-04-04 07:04:00,430.05
2014-04-04 08:04:00,425.21
2014-04-04 09:04:00,429.51
2014-04-04 10:04:00,434.91
2014-04-04 11:04:00,436.31
2014-04-04 12:04:00,439.81
2014-04-04 13:04:00,442.64
2014-04-04 14:04:00,451.33
2014-04-04 15:04:00,453.01
2014-04-04 16:04:00,451.66
2014-04-04 17:04:00,450.27
2014-04-04 18:04:00,460.54
2014-04-04 19:04:00,440.87
2014-04-04 20:04:00,441.39
2014-04-04 21:04:00,442.59
2014-04-04 22:04:00,441.6
2014-04-04 23:04:00,443.44
2014-04-04 24:04:00,445.56
2014-04-05 01:04:00,447.28
2014-04-05 02:04:00,445.93
2014-04-05 03:04:00,462.64
2014-04-05 04:04:00,446.23
2014-04-05 05:04:00,445.7
2014-04-05 06:04:00,441.58
2014-04-05 07:04:00,453.56
2014-04-05 08:04:00,460.47
2014-04-05 09:04:00,455.91
2014-04-05 10:04:00,482.13
2014-04-05 11:04:00,448.37
2014-04-05 12:04:00,449.41
2014-04-05 13:04:00,444.88
2014-04-05 14:04:00,447.6
2014-04-05 15:04:00,450.04
2014-04-05 16:04:00,450.76
2014-04-05 17:04:00,455.76
2014-04-05 18:04:00,447.06
2014-04-05 19:04:00,492.13
2014-04-05 20:04:00,530.96
2014-04-05 21:04:00,527.43
2014-04-05 22:04:00,473.06
2014-04-05 23:04:00,426.44
2014-04-05 24:04:00,467.09
2014-04-06 01:04:00,450.31
2014-04-06 02:04:00,470.75
2014-04-06 03:04:00,458.64
2014-04-06 04:04:00,459.27
2014-04-06 05:04:00,460.63
2014-04-06 06:04:00,463.11
2014-04-06 07:04:00,463.91
2014-04-06 08:04:00,470.28
2014-04-06 09:04:00,461.42
2014-04-06 10:04:00,464.06
2014-04-06 11:04:00,458.38
2014-04-06 12:04:00,457.38
2014-04-06 13:04:00,456.41
2014-04-06 14:04:00,452.58
2014-04-06 15:04:00,449.63
2014-04-06 16:04:00,450.83
2014-04-06 17:04:00,451.83
2014-04-06 18:04:00,454.27
2014-04-06 19:04:00,458.12
2014-04-06 20:04:00,460.39
2014-04-06 21:04:00,456.5
2014-04-06 22:04:00,468.93
2014-04-06 23:04:00,456.86
2014-04-06 24:04:00,453.17
2014-04-07 01:04:00,454.98
2014-04-07 02:04:00,455.42
2014-04-07 03:04:00,457.3
2014-04-07 04:04:00,460.71
2014-04-07 05:04:00,451.46
2014-04-07 06:04:00,457.98
2014-04-07 07:04:00,461.07
2014-04-07 08:04:00,456.84
2014-04-07 09:04:00,455.38
2014-04-07 10:04:00,466.01
2014-04-07 11:04:00,477.03
2014-04-07 12:04:00,473.22
2014-04-07 13:04:00,472.18
2014-04-07 14:04:00,472.25
2014-04-07 15:04:00,477.15
2014-04-07 16:04:00,474.85
2014-04-07 17:04:00,481.19
2014-04-07 18:04:00,476.38
2014-04-07 19:04:00,472.2
2014-04-07 20:04:00,469.22
2014-04-07 21:04:00,462.61
2014-04-07 22:04:00,464.39
2014-04-07 23:04:00,466.29
2014-04-07 24:04:00,472.33
2014-04-08 01:04:00,464.66
2014-04-08 02:04:00,464.57
2014-04-08 03:04:00,469.58
2014-04-08 04:04:00,462.36
2014-04-08 05:04:00,466.67
2014-04-08 06:04:00,477.59
2014-04-08 07:04:00,474.64
2014-04-08 08:04:00,469.38
2014-04-08 09:04:00,474.44
2014-04-08 10:04:00,470.26
2014-04-08 11:04:00,473.55
2014-04-08 12:04:00,468.12
2014-04-08 13:04:00,470.82
2014-04-08 14:04:00,465.09
2014-04-08 15:04:00,463.98
2014-04-08 16:04:00,472.15
2014-04-08 17:04:00,466.93
2014-04-08 18:04:00,486.95
2014-04-08 19:04:00,467.91
2014-04-08 20:04:00,467.66
2014-04-08 21:04:00,466.09
2014-04-08 22:04:00,482.51
2014-04-08 23:04:00,483.17
2014-04-08 24:04:00,465.89
2014-04-09 01:04:00,463.81
2014-04-09 02:04:00,465.94
2014-04-09 03:04:00,476.81
2014-04-09 04:04:00,474.38
2014-04-09 05:04:00,468.11
2014-04-09 06:04:00,470.52
2014-04-09 07:04:00,468.26
2014-04-09 08:04:00,470.81
2014-04-09 09:04:00,470.89
2014-04-09 10:04:00,468.25
2014-04-09 11:04:00,467.87
2014-04-09 12:04:00,467.93
2014-04-09 13:04:00,466.76
2014-04-09 14:04:00,465.92
2014-04-09 15:04:00,463.84
2014-04-09 16:04:00,464.34
2014-04-09 17:04:00,463.88
2014-04-09 18:04:00,461.85
2014-04-09 19:04:00,456.79
2014-04-09 20:04:00,463.99
2014-04-09 21:04:00,458.08
2014-04-09 22:04:00,473.61
2014-04-09 23:04:00,470.43
2014-04-09 24:04:00,456.12
2014-04-10 01:04:00,455.85
2014-04-10 02:04:00,457.22
2014-04-10 03:04:00,455.28
2014-04-10 04:04:00,454.94
2014-04-10 05:04:00,453.23
2014-04-10 06:04:00,455.51
2014-04-10 07:04:00,444.93
2014-04-10 08:04:00,432.91
2014-04-10 09:04:00,425.61
2014-04-10 10:04:00,422.33
2014-04-10 11:04:00,420.81
2014-04-10 12:04:00,428.48
2014-04-10 13:04:00,422.75
2014-04-10 14:04:00,421.94
2014-04-10 15:04:00,423.47
2014-04-10 16:04:00,424.42
2014-04-10 17:04:00,430.9
2014-04-10 18:04:00,415.67
2014-04-10 19:04:00,417.82
2014-04-10 20:04:00,411.16
2014-04-10 21:04:00,413.1
2014-04-10 22:04:00,410.64
2014-04-10 23:04:00,404.61
2014-04-10 24:04:00,401.8
2014-04-11 01:04:00,397.33
2014-04-11 02:04:00,399.09
2014-04-11 03:04:00,374.68
2014-04-11 04:04:00,381.73
2014-04-11 05:04:00,369.37
2014-04-11 06:04:00,383.34
2014-04-11 07:04:00,391.8
2014-04-11 08:04:00,409.6
2014-04-11 09:04:00,412.98
2014-04-11 10:04:00,414.85
2014-04-11 11:04:00,410.73
2014-04-11 12:04:00,411.83
2014-04-11 13:04:00,418.77
2014-04-11 14:04:00,416.46
2014-04-11 15:04:00,425.32
2014-04-11 16:04:00,439.24
2014-04-11 17:04:00,436.35
2014-04-11 18:04:00,437.34
2014-04-11 19:04:00,440.25
2014-04-11 20:04:00,439.84
2014-04-11 21:04:00,451.94
2014-04-11 22:04:00,445.47
2014-04-11 23:04:00,447.89
2014-04-11 24:04:00,434.83
2014-04-12 01:04:00,433.96
2014-04-12 02:04:00,440.89
2014-04-12 03:04:00,443.76
2014-04-12 04:04:00,450.92
2014-04-12 05:04:00,448.86
2014-04-12 06:04:00,455.94
2014-04-12 07:04:00,455.11
2014-04-12 08:04:00,450.52
2014-04-12 09:04:00,448.03
2014-04-12 10:04:00,443.19
2014-04-12 11:04:00,437.72
2014-04-12 12:04:00,438.31
2014-04-12 13:04:00,437.88
2014-04-12 14:04:00,439.11
2014-04-12 15:04:00,441.07
2014-04-12 16:04:00,435.85
2014-04-12 17:04:00,433.32
2014-04-12 18:04:00,438.74
2014-04-12 19:04:00,441.55
2014-04-12 20:04:00,438.93
2014-04-12 21:04:00,439.52
2014-04-12 22:04:00,436.42
2014-04-12 23:04:00,437.09
2014-04-12 24:04:00,441.02
2014-04-13 01:04:00,439.44
2014-04-13 02:04:00,440.82
2014-04-13 03:04:00,437.54
2014-04-13 04:04:00,439.39
2014-04-13 05:04:00,440.17
2014-04-13 06:04:00,438.13
2014-04-13 07:04:00,439.15
2014-04-13 08:04:00,441.65
2014-04-13 09:04:00,440.02
2014-04-13 10:04:00,440.62
2014-04-13 11:04:00,438.46
2014-04-13 12:04:00,437.66
2014-04-13 13:04:00,438.13
2014-04-13 14:04:00,436.14
2014-04-13 15:04:00,431.04
2014-04-13 16:04:00,428.06
2014-04-13 17:04:00,427.09
2014-04-13 18:04:00,420.69
2014-04-13 19:04:00,418.63
2014-04-13 20:04:00,416.79
2014-04-13 21:04:00,419.87
2014-04-13 22:04:00,425.08
2014-04-13 23:04:00,425.09
2014-04-13 24:04:00,421.42
2014-04-14 01:04:00,424.8
2014-04-14 02:04:00,428.33
2014-04-14 03:04:00,429.87
2014-04-14 04:04:00,432.33
2014-04-14 05:04:00,423.18
2014-04-14 06:04:00,426.98
2014-04-14 07:04:00,428.54
2014-04-14 08:04:00,441.91
2014-04-14 09:04:00,442.79
2014-04-14 10:04:00,458.21
2014-04-14 11:04:00,460.09
2014-04-14 12:04:00,455.6
2014-04-14 13:04:00,468.7
2014-04-14 14:04:00,475.16
2014-04-14 15:04:00,480.11
2014-04-14 16:04:00,474.37
2014-04-14 17:04:00,468.2
2014-04-14 18:04:00,475.21
2014-04-14 19:04:00,479.39
2014-04-14 20:04:00,482.49
2014-04-14 21:04:00,484.47
2014-04-14 22:04:00,474.63
2014-04-14 23:04:00,474.28
2014-04-14 24:04:00,475.89
2014-04-15 01:04:00,475.73
2014-04-15 02:04:00,477.58
2014-04-15 03:04:00,477.43
2014-04-15 04:04:00,478.68
2014-04-15 05:04:00,482.99
2014-04-15 06:04:00,474.32
2014-04-15 07:04:00,471.34
2014-04-15 08:04:00,472.01
2014-04-15 09:04:00,476.84
2014-04-15 10:04:00,490.56
2014-04-15 11:04:00,491.15
2014-04-15 12:04:00,498.5
2014-04-15 13:04:00,504.36
2014-04-15 14:04:00,507.92
2014-04-15 15:04:00,503.41
2014-04-15 16:04:00,493.58
2014-04-15 17:04:00,498.19
2014-04-15 18:04:00,500.85
2014-04-15 19:04:00,499.62
2014-04-15 20:04:00,500.28
2014-04-15 21:04:00,495.35
2014-04-15 22:04:00,494.46
2014-04-15 23:04:00,496.8
2014-04-15 24:04:00,498.65
2014-04-16 01:04:00,512.35
2014-04-16 02:04:00,515.11
2014-04-16 03:04:00,523.3
2014-04-16 04:04:00,518.79
2014-04-16 05:04:00,524.38
2014-04-16 06:04:00,520.3
2014-04-16 07:04:00,516.69
2014-04-16 08:04:00,520.79
2014-04-16 09:04:00,530
2014-04-16 10:04:00,531.64
2014-04-16 11:04:00,542.41
2014-04-16 12:04:00,524.08
2014-04-16 13:04:00,510.14
2014-04-16 14:04:00,516.5
2014-04-16 15:04:00,522.37
2014-04-16 16:04:00,512.15
2014-04-16 17:04:00,510.71
2014-04-16 18:04:00,519.28
2014-04-16 19:04:00,521.5
2014-04-16 20:04:00,512.07
2014-04-16 21:04:00,511.9
2014-04-16 22:04:00,511.25
2014-04-16 23:04:00,513.12
2014-04-16 24:04:00,517.38
2014-04-17 01:04:00,528.78
2014-04-17 02:04:00,535.84
2014-04-17 03:04:00,534.63
2014-04-17 04:04:00,535.35
2014-04-17 05:04:00,526.13
2014-04-17 06:04:00,523.65
2014-04-17 07:04:00,526.35
2014-04-17 08:04:00,527.94
2014-04-17 09:04:00,530.98
2014-04-17 10:04:00,660.88
2014-04-17 11:04:00,514.64
2014-04-17 12:04:00,503.18
2014-04-17 13:04:00,493.62
2014-04-17 14:04:00,496.6
2014-04-17 15:04:00,501.05
2014-04-17 16:04:00,503.25
2014-04-17 17:04:00,509.12
2014-04-17 18:04:00,507.75
2014-04-17 19:04:00,505.13
2014-04-17 20:04:00,502.63
2014-04-17 21:04:00,496.32
2014-04-17 22:04:00,498.7
2014-04-17 23:04:00,501.19
2014-04-17 24:04:00,524.55
2014-04-18 01:04:00,505.5
2014-04-18 02:04:00,506.66
2014-04-18 03:04:00,503.38
2014-04-18 04:04:00,497.46
2014-04-18 05:04:00,501.89
2014-04-18 06:04:00,499.99
2014-04-18 07:04:00,497.66
2014-04-18 08:04:00,498.62
2014-04-18 09:04:00,504.27
2014-04-18 10:04:00,501.49
2014-04-18 11:04:00,499.19
2014-04-18 12:04:00,494.47
2014-04-18 13:04:00,489.41
2014-04-18 14:04:00,489.37
2014-04-18 15:04:00,483.92
2014-04-18 16:04:00,480.82
2014-04-18 17:04:00,478.77
2014-04-18 18:04:00,486.09
2014-04-18 19:04:00,484.11
2014-04-18 20:04:00,482.08
2014-04-18 21:04:00,482.33
2014-04-18 22:04:00,485.75
2014-04-18 23:04:00,486.26
2014-04-18 24:04:00,490.87
2014-04-19 01:04:00,490.23
2014-04-19 02:04:00,485.89
2014-04-19 03:04:00,484.75
2014-04-19 04:04:00,486.67
2014-04-19 05:04:00,485.88
2014-04-19 06:04:00,481.05
2014-04-19 07:04:00,478.98
2014-04-19 08:04:00,478.04
2014-04-19 09:04:00,478.65
2014-04-19 10:04:00,492.3
2014-04-19 11:04:00,497.59
2014-04-19 12:04:00,497.59
2014-04-19 13:04:00,499.21
2014-04-19 14:04:00,499.29
2014-04-19 15:04:00,501.31
2014-04-19 16:04:00,503.97
2014-04-19 17:04:00,507.94
2014-04-19 18:04:00,503.72
2014-04-19 19:04:00,502.63
2014-04-19 20:04:00,499.51
2014-04-19 21:04:00,500.58
2014-04-19 22:04:00,505.35
2014-04-19 23:04:00,506.01
2014-04-19 24:04:00,503.33
2014-04-20 01:04:00,505.32
2014-04-20 02:04:00,505.56
2014-04-20 03:04:00,508.28
2014-04-20 04:04:00,508.06
2014-04-20 05:04:00,508.01
2014-04-20 06:04:00,512.42
2014-04-20 07:04:00,513.69
2014-04-20 08:04:00,511.04
2014-04-20 09:04:00,514.69
2014-04-20 10:04:00,513.11
2014-04-20 11:04:00,512.75
2014-04-20 12:04:00,509.86
2014-04-20 13:04:00,510.97
2014-04-20 14:04:00,511.51
2014-04-20 15:04:00,506.94
2014-04-20 16:04:00,501.03
2014-04-20 17:04:00,505.39
2014-04-20 18:04:00,499.74
2014-04-20 19:04:00,496.71
2014-04-20 20:04:00,492.54
2014-04-20 21:04:00,496.49
2014-04-20 22:04:00,499.13
2014-04-20 23:04:00,497.42
2014-04-20 24:04:00,496.23
2014-04-21 01:04:00,494.94
2014-04-21 02:04:00,499.25
2014-04-21 03:04:00,497.31
2014-04-21 04:04:00,498.34
2014-04-21 05:04:00,508.95
2014-04-21 06:04:00,507.21
2014-04-21 07:04:00,505.42
2014-04-21 08:04:00,507.1
2014-04-21 09:04:00,505.69
2014-04-21 10:04:00,503.83
2014-04-21 11:04:00,505.69
2014-04-21 12:04:00,507.73
2014-04-21 13:04:00,500.76
2014-04-21 14:04:00,496.81
2014-04-21 15:04:00,498.92
2014-04-21 16:04:00,497.99
2014-04-21 17:04:00,498.34
2014-04-21 18:04:00,509.14
2014-04-21 19:04:00,498.46
2014-04-21 20:04:00,505.99
2014-04-21 21:04:00,493.73
2014-04-21 22:04:00,495.6
2014-04-21 23:04:00,494.81
2014-04-21 24:04:00,500.84
2014-04-22 01:04:00,501.71
2014-04-22 02:04:00,495.63
2014-04-22 03:04:00,497.03
2014-04-22 04:04:00,498.14
2014-04-22 05:04:00,497.56
2014-04-22 06:04:00,502.47
2014-04-22 07:04:00,502.7
2014-04-22 08:04:00,499.89
2014-04-22 09:04:00,497.5
2014-04-22 10:04:00,495.97
2014-04-22 11:04:00,496.26
2014-04-22 12:04:00,496.07
2014-04-22 13:04:00,493.13
2014-04-22 14:04:00,493.35
2014-04-22 15:04:00,493.23
2014-04-22 16:04:00,494.15
2014-04-22 17:04:00,497.87
2014-04-22 18:04:00,493.44
2014-04-22 19:04:00,494.97
2014-04-22 20:04:00,510.79
2014-04-22 21:04:00,492.07
2014-04-22 22:04:00,491.49
2014-04-22 23:04:00,491.11
2014-04-22 24:04:00,502.73
2014-04-23 01:04:00,499.32
2014-04-23 02:04:00,494.28
2014-04-23 03:04:00,488.82
2014-04-23 04:04:00,492.18
2014-04-23 05:04:00,500.05
2014-04-23 06:04:00,497.56
2014-04-23 07:04:00,495.26
2014-04-23 08:04:00,491.86
2014-04-23 09:04:00,491
2014-04-23 10:04:00,489.52
2014-04-23 11:04:00,490.68
2014-04-23 12:04:00,494.9
2014-04-23 13:04:00,490.04
2014-04-23 14:04:00,488.8
2014-04-23 15:04:00,488.62
2014-04-23 16:04:00,487.96
2014-04-23 17:04:00,492.45
2014-04-23 18:04:00,485.44
2014-04-23 19:04:00,492.78
2014-04-23 20:04:00,497.46
2014-04-23 21:04:00,495.6
2014-04-23 22:04:00,498.34
2014-04-23 23:04:00,499.32
2014-04-23 24:04:00,497.41
2014-04-24 01:04:00,495.95
2014-04-24 02:04:00,489.65
2014-04-24 03:04:00,493.52
2014-04-24 04:04:00,489.58
2014-04-24 05:04:00,490.51
2014-04-24 06:04:00,491.47
2014-04-24 07:04:00,491.72
2014-04-24 08:04:00,491.14
2014-04-24 09:04:00,487.31
2014-04-24 10:04:00,483.44
2014-04-24 11:04:00,482.97
2014-04-24 12:04:00,481.52
2014-04-24 13:04:00,479.81
2014-04-24 14:04:00,483.07
2014-04-24 15:04:00,485.4
2014-04-24 16:04:00,484.29
2014-04-24 17:04:00,492.07
2014-04-24 18:04:00,499.77
2014-04-24 19:04:00,495.19
2014-04-24 20:04:00,487.8
2014-04-24 21:04:00,488.82
2014-04-24 22:04:00,499.73
2014-04-24 23:04:00,502.06
2014-04-24 24:04:00,498.57
2014-04-25 01:04:00,495.47
2014-04-25 02:04:00,497.52
2014-04-25 03:04:00,500.13
2014-04-25 04:04:00,501.52
2014-04-25 05:04:00,501.47
2014-04-25 06:04:00,497.81
2014-04-25 07:04:00,477.16
2014-04-25 08:04:00,468.25
2014-04-25 09:04:00,458.63
2014-04-25 10:04:00,460.36
2014-04-25 11:04:00,456.94
2014-04-25 12:04:00,459.2
2014-04-25 13:04:00,465.78
2014-04-25 14:04:00,454.21
2014-04-25 15:04:00,452.81
2014-04-25 16:04:00,450.38
2014-04-25 17:04:00,458.35
2014-04-25 18:04:00,460.79
2014-04-25 19:04:00,455.13
2014-04-25 20:04:00,455.51
2014-04-25 21:04:00,464.58
2014-04-25 22:04:00,462.14
2014-04-25 23:04:00,467.64
2014-04-25 24:04:00,461.79
2014-04-26 01:04:00,467.83
2014-04-26 02:04:00,460.4
2014-04-26 03:04:00,464.52
2014-04-26 04:04:00,456.49
2014-04-26 05:04:00,454.93
2014-04-26 06:04:00,455.31
2014-04-26 07:04:00,451.71
2014-04-26 08:04:00,457.24
2014-04-26 09:04:00,455.1
2014-04-26 10:04:00,452.27
2014-04-26 11:04:00,453.75
2014-04-26 12:04:00,451.75
2014-04-26 13:04:00,451.69
2014-04-26 14:04:00,451.81
2014-04-26 15:04:00,450.67
2014-04-26 16:04:00,451.61
2014-04-26 17:04:00,454.61
2014-04-26 18:04:00,463.36
2014-04-26 19:04:00,462.94
2014-04-26 20:04:00,463.05
2014-04-26 21:04:00,462.85
2014-04-26 22:04:00,466.58
2014-04-26 23:04:00,469.84
2014-04-26 24:04:00,467.23
2014-04-27 01:04:00,458.8
2014-04-27 02:04:00,458.79
2014-04-27 03:04:00,460.69
2014-04-27 04:04:00,459.01
2014-04-27 05:04:00,461.63
2014-04-27 06:04:00,457.46
2014-04-27 07:04:00,456.89
2014-04-27 08:04:00,458.48
2014-04-27 09:04:00,456.22
2014-04-27 10:04:00,457.16
2014-04-27 11:04:00,457.57
2014-04-27 12:04:00,455.75
2014-04-27 13:04:00,455.1
2014-04-27 14:04:00,454.95
2014-04-27 15:04:00,456.05
2014-04-27 16:04:00,455.75
2014-04-27 17:04:00,456.41
2014-04-27 18:04:00,454.58
2014-04-27 19:04:00,455.98
2014-04-27 20:04:00,445.62
2014-04-27 21:04:00,440.78
2014-04-27 22:04:00,440.87
2014-04-27 23:04:00,444.64
2014-04-27 24:04:00,449.08
2014-04-28 01:04:00,444.36
2014-04-28 02:04:00,443.12
2014-04-28 03:04:00,436.43
2014-04-28 04:04:00,434.52
2014-04-28 05:04:00,439.02
2014-04-28 06:04:00,438.58
2014-04-28 07:04:00,432.15
2014-04-28 08:04:00,430.53
2014-04-28 09:04:00,429.99
2014-04-28 10:04:00,427.37
2014-04-28 11:04:00,429.38
2014-04-28 12:04:00,432.75
2014-04-28 13:04:00,434.37
2014-04-28 14:04:00,437.03
2014-04-28 15:04:00,434.72
2014-04-28 16:04:00,437.26
2014-04-28 17:04:00,438.17
2014-04-28 18:04:00,454.67
2014-04-28 19:04:00,442.34
2014-04-28 20:04:00,444.5
2014-04-28 21:04:00,445.65
2014-04-28 22:04:00,455.81
2014-04-28 23:04:00,459.42
2014-04-28 24:04:00,446.9
2014-04-29 01:04:00,455.43
2014-04-29 02:04:00,457.95
2014-04-29 03:04:00,447.53
2014-04-29 04:04:00,454.93
2014-04-29 05:04:00,453.3
2014-04-29 06:04:00,453.55
2014-04-29 07:04:00,443.42
2014-04-29 08:04:00,438.93
2014-04-29 09:04:00,441.02
2014-04-29 10:04:00,445.72
2014-04-29 11:04:00,445.67
2014-04-29 12:04:00,440.66
2014-04-29 13:04:00,441.24
2014-04-29 14:04:00,446.8
2014-04-29 15:04:00,450.29
2014-04-29 16:04:00,448.79
2014-04-29 17:04:00,449.2
2014-04-29 18:04:00,449.15
2014-04-29 19:04:00,448.4
2014-04-29 20:04:00,448.75
2014-04-29 21:04:00,446.79
2014-04-29 22:04:00,446.57
2014-04-29 23:04:00,458.08
2014-04-29 24:04:00,441.9
2014-04-30 01:04:00,453.74
2014-04-30 02:04:00,459.33
2014-04-30 03:04:00,446.49
2014-04-30 04:04:00,445.69
2014-04-30 05:04:00,459.23
2014-04-30 06:04:00,444.42
2014-04-30 07:04:00,459.67
2014-04-30 08:04:00,448.96
2014-04-30 09:04:00,447.19
2014-04-30 10:04:00,445.58
2014-04-30 11:04:00,437.64
2014-04-30 12:04:00,439.33
2014-04-30 13:04:00,451.28
2014-04-30 14:04:00,442.45
2014-04-30 15:04:00,444.08
2014-04-30 16:04:00,444.03
2014-04-30 17:04:00,445.54
2014-04-30 18:04:00,444.88
2014-04-30 19:04:00,450.01
2014-04-30 20:04:00,446.54
2014-04-30 21:04:00,447.63
2014-04-30 22:04:00,451.61
2014-04-30 23:04:00,444.93
2014-04-30 24:04:00,457.42
2014-05-01 01:05:00,448.25
2014-05-01 02:05:00,453.44
2014-05-01 03:05:00,447.96
2014-05-01 04:05:00,450.37
2014-05-01 05:05:00,453.66
2014-05-01 06:05:00,459.36
2014-05-01 07:05:00,462.15
2014-05-01 08:05:00,457.09
2014-05-01 09:05:00,454.18
2014-05-01 10:05:00,453.75
2014-05-01 11:05:00,456.58
2014-05-01 12:05:00,454.84
2014-05-01 13:05:00,454.09
2014-05-01 14:05:00,453.75
2014-05-01 15:05:00,453.2
2014-05-01 16:05:00,453.41
2014-05-01 17:05:00,459.46
2014-05-01 18:05:00,450.39
2014-05-01 19:05:00,452.94
2014-05-01 20:05:00,459.57
2014-05-01 21:05:00,460.33
2014-05-01 22:05:00,459.42
2014-05-01 23:05:00,458.4
2014-05-01 24:05:00,457.22
2014-05-02 01:05:00,464.03
2014-05-02 02:05:00,458.87
2014-05-02 03:05:00,458.83
2014-05-02 04:05:00,459.74
2014-05-02 05:05:00,459.88
2014-05-02 06:05:00,458.87
2014-05-02 07:05:00,462.16
2014-05-02 08:05:00,456.65
2014-05-02 09:05:00,452.02
2014-05-02 10:05:00,450.27
2014-05-02 11:05:00,448.77
2014-05-02 12:05:00,446.92
2014-05-02 13:05:00,450.71
2014-05-02 14:05:00,450.55
2014-05-02 15:05:00,447.31
2014-05-02 16:05:00,448.39
2014-05-02 17:05:00,453.41
2014-05-02 18:05:00,446.53
2014-05-02 19:05:00,455.26
2014-05-02 20:05:00,448.66
2014-05-02 21:05:00,462
2014-05-02 22:05:00,448.89
2014-05-02 23:05:00,448.53
2014-05-02 24:05:00,450.39
2014-05-03 01:05:00,456
2014-05-03 02:05:00,449.63
2014-05-03 03:05:00,451.52
2014-05-03 04:05:00,450.25
2014-05-03 05:05:00,447.52
2014-05-03 06:05:00,452.39
2014-05-03 07:05:00,447.44
2014-05-03 08:05:00,448.97
2014-05-03 09:05:00,447.82
2014-05-03 10:05:00,444.88
2014-05-03 11:05:00,442.97
2014-05-03 12:05:00,442.57
2014-05-03 13:05:00,441.55
2014-05-03 14:05:00,443.75
2014-05-03 15:05:00,440.56
2014-05-03 16:05:00,442.3
2014-05-03 17:05:00,444.61
2014-05-03 18:05:00,440.18
2014-05-03 19:05:00,438.67
2014-05-03 20:05:00,442.89
2014-05-03 21:05:00,433.93
2014-05-03 22:05:00,432.42
2014-05-03 23:05:00,434.25
2014-05-03 24:05:00,438.98
2014-05-04 01:05:00,439.87
2014-05-04 02:05:00,438.23
2014-05-04 03:05:00,438.85
2014-05-04 04:05:00,438.9
2014-05-04 05:05:00,439.17
2014-05-04 06:05:00,439.84
2014-05-04 07:05:00,439.18
2014-05-04 08:05:00,438.24
2014-05-04 09:05:00,434.59
2014-05-04 10:05:00,432.74
2014-05-04 11:05:00,432.14
2014-05-04 12:05:00,433.79
2014-05-04 13:05:00,434.18
2014-05-04 14:05:00,433.5
2014-05-04 15:05:00,432.27
2014-05-04 16:05:00,432.34
2014-05-04 17:05:00,433.2
2014-05-04 18:05:00,434.23
2014-05-04 19:05:00,436.01
2014-05-04 20:05:00,434.94
2014-05-04 21:05:00,435.25
2014-05-04 22:05:00,435.96
2014-05-04 23:05:00,439.33
2014-05-04 24:05:00,437.9
2014-05-05 01:05:00,437.49
2014-05-05 02:05:00,440.96
2014-05-05 03:05:00,440.84
2014-05-05 04:05:00,439
2014-05-05 05:05:00,440.2
2014-05-05 06:05:00,438.91
2014-05-05 07:05:00,437.9
2014-05-05 08:05:00,438.15
2014-05-05 09:05:00,437.06
2014-05-05 10:05:00,433.68
2014-05-05 11:05:00,432.32
2014-05-05 12:05:00,433.57
2014-05-05 13:05:00,433.73
2014-05-05 14:05:00,433.75
2014-05-05 15:05:00,434.47
2014-05-05 16:05:00,433.56
2014-05-05 17:05:00,429.6
2014-05-05 18:05:00,437.13
2014-05-05 19:05:00,433.84
2014-05-05 20:05:00,446.39
2014-05-05 21:05:00,432.21
2014-05-05 22:05:00,431.01
2014-05-05 23:05:00,430.05
2014-05-05 24:05:00,432.73
2014-05-06 01:05:00,441.93
2014-05-06 02:05:00,438.51
2014-05-06 03:05:00,436.21
2014-05-06 04:05:00,429.97
2014-05-06 05:05:00,425.63
2014-05-06 06:05:00,433.14
2014-05-06 07:05:00,427.54
2014-05-06 08:05:00,425.14
2014-05-06 09:05:00,425.19
2014-05-06 10:05:00,431.09
2014-05-06 11:05:00,430.03
2014-05-06 12:05:00,428.87
2014-05-06 13:05:00,431.09
2014-05-06 14:05:00,431.54
2014-05-06 15:05:00,431.73
2014-05-06 16:05:00,435.31
2014-05-06 17:05:00,436.06
2014-05-06 18:05:00,429.85
2014-05-06 19:05:00,431.08
2014-05-06 20:05:00,436.35
2014-05-06 21:05:00,437.47
2014-05-06 22:05:00,428.82
2014-05-06 23:05:00,430.5
2014-05-06 24:05:00,437.94
2014-05-07 01:05:00,431.75
2014-05-07 02:05:00,439.92
2014-05-07 03:05:00,432.13
2014-05-07 04:05:00,436.59
2014-05-07 05:05:00,434.22
2014-05-07 06:05:00,432.87
2014-05-07 07:05:00,434.63
2014-05-07 08:05:00,433.84
2014-05-07 09:05:00,433.42
2014-05-07 10:05:00,431.47
2014-05-07 11:05:00,430.71
2014-05-07 12:05:00,433.48
2014-05-07 13:05:00,433.49
2014-05-07 14:05:00,436.12
2014-05-07 15:05:00,438.68
2014-05-07 16:05:00,438.61
2014-05-07 17:05:00,441.56
2014-05-07 18:05:00,439.88
2014-05-07 19:05:00,443.45
2014-05-07 20:05:00,446.5
2014-05-07 21:05:00,445.29
2014-05-07 22:05:00,444.18
2014-05-07 23:05:00,444.73
2014-05-07 24:05:00,451.7
2014-05-08 01:05:00,446.03
2014-05-08 02:05:00,451.42
2014-05-08 03:05:00,453.13
2014-05-08 04:05:00,442.04
2014-05-08 05:05:00,442.13
2014-05-08 06:05:00,443.29
2014-05-08 07:05:00,450.74
2014-05-08 08:05:00,451.23
2014-05-08 09:05:00,451.46
2014-05-08 10:05:00,446.59
2014-05-08 11:05:00,448.4
2014-05-08 12:05:00,447.06
2014-05-08 13:05:00,446.9
2014-05-08 14:05:00,444.4
2014-05-08 15:05:00,446.96
2014-05-08 16:05:00,442.43
2014-05-08 17:05:00,445.02
2014-05-08 18:05:00,445.35
2014-05-08 19:05:00,443.48
2014-05-08 20:05:00,442.24
2014-05-08 21:05:00,441.71
2014-05-08 22:05:00,442.32
2014-05-08 23:05:00,442.45
2014-05-08 24:05:00,449.76
2014-05-09 01:05:00,442.99
2014-05-09 02:05:00,446.56
2014-05-09 03:05:00,437.37
2014-05-09 04:05:00,442.04
2014-05-09 05:05:00,449.44
2014-05-09 06:05:00,443.07
2014-05-09 07:05:00,449.86
2014-05-09 08:05:00,445.61
2014-05-09 09:05:00,444.44
2014-05-09 10:05:00,439.36
2014-05-09 11:05:00,441.83
2014-05-09 12:05:00,444.18
2014-05-09 13:05:00,449.03
2014-05-09 14:05:00,447.26
2014-05-09 15:05:00,444.71
2014-05-09 16:05:00,444.91
2014-05-09 17:05:00,449.78
2014-05-09 18:05:00,449.02
2014-05-09 19:05:00,454.62
2014-05-09 20:05:00,449.59
2014-05-09 21:05:00,450.3
2014-05-09 22:05:00,448.78
2014-05-09 23:05:00,448.17
2014-05-09 24:05:00,449.53
2014-05-10 01:05:00,449.38
2014-05-10 02:05:00,460.02
2014-05-10 03:05:00,470.75
2014-05-10 04:05:00,474.29
2014-05-10 05:05:00,470.37
2014-05-10 06:05:00,459.48
2014-05-10 07:05:00,441.84
2014-05-10 08:05:00,450.26
2014-05-10 09:05:00,486.27
2014-05-10 10:05:00,453.79
2014-05-10 11:05:00,459.66
2014-05-10 12:05:00,466.71
2014-05-10 13:05:00,451.51
2014-05-10 14:05:00,469.01
2014-05-10 15:05:00,455.6
2014-05-10 16:05:00,477.88
2014-05-10 17:05:00,482.53
2014-05-10 18:05:00,477.97
2014-05-10 19:05:00,476.08
2014-05-10 20:05:00,415.96
2014-05-10 21:05:00,489.4
2014-05-10 22:05:00,450.61
2014-05-10 23:05:00,445.54
2014-05-10 24:05:00,523.58
2014-05-11 01:05:00,450.34
2014-05-11 02:05:00,456.32
2014-05-11 03:05:00,495.57
2014-05-11 04:05:00,497.97
2014-05-11 05:05:00,452.08
2014-05-11 06:05:00,452.37
2014-05-11 07:05:00,451.52
2014-05-11 08:05:00,456.37
2014-05-11 09:05:00,450.13
2014-05-11 10:05:00,449.16
2014-05-11 11:05:00,451.5
2014-05-11 12:05:00,446.07
2014-05-11 13:05:00,445.9
2014-05-11 14:05:00,441.24
2014-05-11 15:05:00,446.19
2014-05-11 16:05:00,443
2014-05-11 17:05:00,443.82
2014-05-11 18:05:00,448.35
2014-05-11 19:05:00,437.87
2014-05-11 20:05:00,436.07
2014-05-11 21:05:00,437.17
2014-05-11 22:05:00,436.54
2014-05-11 23:05:00,440.5
2014-05-11 24:05:00,438.96
2014-05-12 01:05:00,435.94
2014-05-12 02:05:00,441.84
2014-05-12 03:05:00,433.9
2014-05-12 04:05:00,437.26
2014-05-12 05:05:00,442.2
2014-05-12 06:05:00,433.61
2014-05-12 07:05:00,432.48
2014-05-12 08:05:00,431.8
2014-05-12 09:05:00,439.4
2014-05-12 10:05:00,439.58
2014-05-12 11:05:00,443.01
2014-05-12 12:05:00,441.25
2014-05-12 13:05:00,437.86
2014-05-12 14:05:00,441.04
2014-05-12 15:05:00,438.49
2014-05-12 16:05:00,448.36
2014-05-12 17:05:00,448.3
2014-05-12 18:05:00,436.96
2014-05-12 19:05:00,463.54
2014-05-12 20:05:00,439.61
2014-05-12 21:05:00,439.69
2014-05-12 22:05:00,438.91
2014-05-12 23:05:00,438.53
2014-05-12 24:05:00,436.62
2014-05-13 01:05:00,438.83
2014-05-13 02:05:00,439.28
2014-05-13 03:05:00,436.69
2014-05-13 04:05:00,436.85
2014-05-13 05:05:00,435.75
2014-05-13 06:05:00,436.95
2014-05-13 07:05:00,454.84
2014-05-13 08:05:00,446.36
2014-05-13 09:05:00,453.57
2014-05-13 10:05:00,436.44
2014-05-13 11:05:00,436.3
2014-05-13 12:05:00,437.04
2014-05-13 13:05:00,436.86
2014-05-13 14:05:00,437.72
2014-05-13 15:05:00,437.25
2014-05-13 16:05:00,440.53
2014-05-13 17:05:00,441.75
2014-05-13 18:05:00,437.72
2014-05-13 19:05:00,437.81
2014-05-13 20:05:00,438.3
2014-05-13 21:05:00,438.32
2014-05-13 22:05:00,438.05
2014-05-13 23:05:00,437.69
2014-05-13 24:05:00,438.47
2014-05-14 01:05:00,438.51
2014-05-14 02:05:00,437.89
2014-05-14 03:05:00,437.53
2014-05-14 04:05:00,435.3
2014-05-14 05:05:00,443.36
2014-05-14 06:05:00,437.89
2014-05-14 07:05:00,444.96
2014-05-14 08:05:00,440.4
2014-05-14 09:05:00,442.48
2014-05-14 10:05:00,446.14
2014-05-14 11:05:00,439.39
2014-05-14 12:05:00,440.72
2014-05-14 13:05:00,443.64
2014-05-14 14:05:00,444.57
2014-05-14 15:05:00,458.1
2014-05-14 16:05:00,451.59
2014-05-14 17:05:00,450.61
2014-05-14 18:05:00,441.85
2014-05-14 19:05:00,453.61
2014-05-14 20:05:00,454.39
2014-05-14 21:05:00,442.86
2014-05-14 22:05:00,443.01
2014-05-14 23:05:00,443.27
2014-05-14 24:05:00,453.67
2014-05-15 01:05:00,443.71
2014-05-15 02:05:00,441.18
2014-05-15 03:05:00,456.16
2014-05-15 04:05:00,449.01
2014-05-15 05:05:00,468.09
2014-05-15 06:05:00,461.58
2014-05-15 07:05:00,444.73
2014-05-15 08:05:00,446.21
2014-05-15 09:05:00,448.24
2014-05-15 10:05:00,445.14
2014-05-15 11:05:00,448.47
2014-05-15 12:05:00,448.92
2014-05-15 13:05:00,449.74
2014-05-15 14:05:00,448.89
2014-05-15 15:05:00,446.44
2014-05-15 16:05:00,454.32
2014-05-15 17:05:00,455.54
2014-05-15 18:05:00,468.01
2014-05-15 19:05:00,460.82
2014-05-15 20:05:00,448.35
2014-05-15 21:05:00,464.6
2014-05-15 22:05:00,447.32
2014-05-15 23:05:00,457.51
2014-05-15 24:05:00,463.04
2014-05-16 01:05:00,456.32
2014-05-16 02:05:00,458.52
2014-05-16 03:05:00,447.35
2014-05-16 04:05:00,446.99
2014-05-16 05:05:00,465.39
2014-05-16 06:05:00,443.68
2014-05-16 07:05:00,450.08
2014-05-16 08:05:00,447.9
2014-05-16 09:05:00,449.93
2014-05-16 10:05:00,446.13
2014-05-16 11:05:00,448.34
2014-05-16 12:05:00,448.26
2014-05-16 13:05:00,447.9
2014-05-16 14:05:00,452.81
2014-05-16 15:05:00,455.77
2014-05-16 16:05:00,456.5
2014-05-16 17:05:00,452.05
2014-05-16 18:05:00,462.27
2014-05-16 19:05:00,454.56
2014-05-16 20:05:00,453.8
2014-05-16 21:05:00,469.62
2014-05-16 22:05:00,468.48
2014-05-16 23:05:00,464.05
2014-05-16 24:05:00,442.84
2014-05-17 01:05:00,452.16
2014-05-17 02:05:00,454.3
2014-05-17 03:05:00,457.48
2014-05-17 04:05:00,453.98
2014-05-17 05:05:00,473.53
2014-05-17 06:05:00,456.33
2014-05-17 07:05:00,455.12
2014-05-17 08:05:00,453.69
2014-05-17 09:05:00,456.13
2014-05-17 10:05:00,455.91
2014-05-17 11:05:00,454.98
2014-05-17 12:05:00,452.18
2014-05-17 13:05:00,452.82
2014-05-17 14:05:00,454.96
2014-05-17 15:05:00,455.4
2014-05-17 16:05:00,455.78
2014-05-17 17:05:00,456.79
2014-05-17 18:05:00,453.22
2014-05-17 19:05:00,452.98
2014-05-17 20:05:00,452.92
2014-05-17 21:05:00,452.54
2014-05-17 22:05:00,452.69
2014-05-17 23:05:00,452.88
2014-05-17 24:05:00,453.31
2014-05-18 01:05:00,453.06
2014-05-18 02:05:00,452.68
2014-05-18 03:05:00,453
2014-05-18 04:05:00,453.23
2014-05-18 05:05:00,453.55
2014-05-18 06:05:00,452.69
2014-05-18 07:05:00,451.34
2014-05-18 08:05:00,451.39
2014-05-18 09:05:00,450.53
2014-05-18 10:05:00,450.13
2014-05-18 11:05:00,451.39
2014-05-18 12:05:00,451.17
2014-05-18 13:05:00,451.07
2014-05-18 14:05:00,451.31
2014-05-18 15:05:00,451.45
2014-05-18 16:05:00,451.05
2014-05-18 17:05:00,451.01
2014-05-18 18:05:00,450.66
2014-05-18 19:05:00,449.63
2014-05-18 20:05:00,449.4
2014-05-18 21:05:00,450.06
2014-05-18 22:05:00,449.65
2014-05-18 23:05:00,449.72
2014-05-18 24:05:00,449.87
2014-05-19 01:05:00,449.86
2014-05-19 02:05:00,449.98
2014-05-19 03:05:00,450.97
2014-05-19 04:05:00,450.85
2014-05-19 05:05:00,450.31
2014-05-19 06:05:00,449.85
2014-05-19 07:05:00,450.04
2014-05-19 08:05:00,450.14
2014-05-19 09:05:00,450.54
2014-05-19 10:05:00,450.34
2014-05-19 11:05:00,449.2
2014-05-19 12:05:00,448.71
2014-05-19 13:05:00,446.03
2014-05-19 14:05:00,442.05
2014-05-19 15:05:00,442.49
2014-05-19 16:05:00,442.88
2014-05-19 17:05:00,442.69
2014-05-19 18:05:00,442.83
2014-05-19 19:05:00,443.17
2014-05-19 20:05:00,450.42
2014-05-19 21:05:00,442.51
2014-05-19 22:05:00,444
2014-05-19 23:05:00,443.85
2014-05-19 24:05:00,442.52
2014-05-20 01:05:00,443.44
2014-05-20 02:05:00,443.69
2014-05-20 03:05:00,443.73
2014-05-20 04:05:00,456.88
2014-05-20 05:05:00,444.64
2014-05-20 06:05:00,462.45
2014-05-20 07:05:00,451.88
2014-05-20 08:05:00,461.12
2014-05-20 09:05:00,452.38
2014-05-20 10:05:00,452.05
2014-05-20 11:05:00,453.16
2014-05-20 12:05:00,454.11
2014-05-20 13:05:00,458.75
2014-05-20 14:05:00,462.76
2014-05-20 15:05:00,461.44
2014-05-20 16:05:00,450.3
2014-05-20 17:05:00,455.53
2014-05-20 18:05:00,459.69
2014-05-20 19:05:00,477.69
2014-05-20 20:05:00,491.62
2014-05-20 21:05:00,476.54
2014-05-20 22:05:00,480.02
2014-05-20 23:05:00,480.61
2014-05-20 24:05:00,481.7
2014-05-21 01:05:00,480.08
2014-05-21 02:05:00,482.03
2014-05-21 03:05:00,484.16
2014-05-21 04:05:00,484.26
2014-05-21 05:05:00,502.58
2014-05-21 06:05:00,484.68
2014-05-21 07:05:00,486.45
2014-05-21 08:05:00,493.18
2014-05-21 09:05:00,487.87
2014-05-21 10:05:00,490.34
2014-05-21 11:05:00,493.36
2014-05-21 12:05:00,492.08
2014-05-21 13:05:00,488.01
2014-05-21 14:05:00,492.13
2014-05-21 15:05:00,489.46
2014-05-21 16:05:00,487.57
2014-05-21 17:05:00,486.87
2014-05-21 18:05:00,502.15
2014-05-21 19:05:00,490.56
2014-05-21 20:05:00,510.8
2014-05-21 21:05:00,488.51
2014-05-21 22:05:00,507.41
2014-05-21 23:05:00,487.65
2014-05-21 24:05:00,487.89
2014-05-22 01:05:00,488.67
2014-05-22 02:05:00,489.1
2014-05-22 03:05:00,487.9
2014-05-22 04:05:00,487.43
2014-05-22 05:05:00,506.83
2014-05-22 06:05:00,496.12
2014-05-22 07:05:00,496.75
2014-05-22 08:05:00,486.34
2014-05-22 09:05:00,494.41
2014-05-22 10:05:00,502.91
2014-05-22 11:05:00,506.2
2014-05-22 12:05:00,502.45
2014-05-22 13:05:00,504.52
2014-05-22 14:05:00,505.03
2014-05-22 15:05:00,502.37
2014-05-22 16:05:00,508.92
2014-05-22 17:05:00,517.68
2014-05-22 18:05:00,506.88
2014-05-22 19:05:00,507.6
2014-05-22 20:05:00,509.49
2014-05-22 21:05:00,511.59
2014-05-22 22:05:00,522.55
2014-05-22 23:05:00,521.18
2014-05-22 24:05:00,530.17
2014-05-23 01:05:00,511.53
2014-05-23 02:05:00,516.45
2014-05-23 03:05:00,518.1
2014-05-23 04:05:00,523.26
2014-05-23 05:05:00,517.29
2014-05-23 06:05:00,527.62
2014-05-23 07:05:00,524.35
2014-05-23 08:05:00,521.34
2014-05-23 09:05:00,527.01
2014-05-23 10:05:00,524.38
2014-05-23 11:05:00,524.06
2014-05-23 12:05:00,525.81
2014-05-23 13:05:00,530.81
2014-05-23 14:05:00,532.09
2014-05-23 15:05:00,533.31
2014-05-23 16:05:00,542.81
2014-05-23 17:05:00,541.8
2014-05-23 18:05:00,529.93
2014-05-23 19:05:00,526.95
2014-05-23 20:05:00,521.39
2014-05-23 21:05:00,531.59
2014-05-23 22:05:00,524.18
2014-05-23 23:05:00,524.97
2014-05-23 24:05:00,525.21
2014-05-24 01:05:00,524.7
2014-05-24 02:05:00,522.32
2014-05-24 03:05:00,531.66
2014-05-24 04:05:00,531.71
2014-05-24 05:05:00,513.1
2014-05-24 06:05:00,524.34
2014-05-24 07:05:00,512.93
2014-05-24 08:05:00,519.44
2014-05-24 09:05:00,522.26
2014-05-24 10:05:00,524.46
2014-05-24 11:05:00,526.88
2014-05-24 12:05:00,519.31
2014-05-24 13:05:00,519.45
2014-05-24 14:05:00,518.7
2014-05-24 15:05:00,517.41
2014-05-24 16:05:00,518.05
2014-05-24 17:05:00,525.68
2014-05-24 18:05:00,518.11
2014-05-24 19:05:00,524.74
2014-05-24 20:05:00,521.63
2014-05-24 21:05:00,531.18
2014-05-24 22:05:00,516.41
2014-05-24 23:05:00,523.11
2014-05-24 24:05:00,518.91
2014-05-25 01:05:00,520.94
2014-05-25 02:05:00,524.34
2014-05-25 03:05:00,534.7
2014-05-25 04:05:00,541.12
2014-05-25 05:05:00,524.04
2014-05-25 06:05:00,528.68
2014-05-25 07:05:00,529.61
2014-05-25 08:05:00,541.4
2014-05-25 09:05:00,553.41
2014-05-25 10:05:00,554.22
2014-05-25 11:05:00,568.15
2014-05-25 12:05:00,568.41
2014-05-25 13:05:00,570.84
2014-05-25 14:05:00,559.64
2014-05-25 15:05:00,560.6
2014-05-25 16:05:00,560.38
2014-05-25 17:05:00,559.96
2014-05-25 18:05:00,570.01
2014-05-25 19:05:00,566.18
2014-05-25 20:05:00,569.51
2014-05-25 21:05:00,572.55
2014-05-25 22:05:00,554.29
2014-05-25 23:05:00,599.68
2014-05-25 24:05:00,611.08
2014-05-26 01:05:00,613.2
2014-05-26 02:05:00,571.6
2014-05-26 03:05:00,573.57
2014-05-26 04:05:00,565.43
2014-05-26 05:05:00,578.94
2014-05-26 06:05:00,578.44
2014-05-26 07:05:00,576.02
2014-05-26 08:05:00,577.87
2014-05-26 09:05:00,581.32
2014-05-26 10:05:00,581.48
2014-05-26 11:05:00,584.06
2014-05-26 12:05:00,583.1
2014-05-26 13:05:00,577.75
2014-05-26 14:05:00,578.52
2014-05-26 15:05:00,580.39
2014-05-26 16:05:00,575.59
2014-05-26 17:05:00,578.35
2014-05-26 18:05:00,581.73
2014-05-26 19:05:00,578.47
2014-05-26 20:05:00,578.46
2014-05-26 21:05:00,579.27
2014-05-26 22:05:00,581.41
2014-05-26 23:05:00,580.34
2014-05-26 24:05:00,580.05
2014-05-27 01:05:00,583.32
2014-05-27 02:05:00,581.18
2014-05-27 03:05:00,589.58
2014-05-27 04:05:00,586.62
2014-05-27 05:05:00,583.22
2014-05-27 06:05:00,587.21
2014-05-27 07:05:00,585.58
2014-05-27 08:05:00,584.18
2014-05-27 09:05:00,586.16
2014-05-27 10:05:00,582.4
2014-05-27 11:05:00,571.32
2014-05-27 12:05:00,564.58
2014-05-27 13:05:00,563.7
2014-05-27 14:05:00,563.63
2014-05-27 15:05:00,565.89
2014-05-27 16:05:00,576.95
2014-05-27 17:05:00,571.47
2014-05-27 18:05:00,574.22
2014-05-27 19:05:00,574.82
2014-05-27 20:05:00,568.09
2014-05-27 21:05:00,585.55
2014-05-27 22:05:00,590.8
2014-05-27 23:05:00,583.76
2014-05-27 24:05:00,599.15
2014-05-28 01:05:00,595.73
2014-05-28 02:05:00,582.82
2014-05-28 03:05:00,570.4
2014-05-28 04:05:00,570.62
2014-05-28 05:05:00,582.92
2014-05-28 06:05:00,585.34
2014-05-28 07:05:00,581.39
2014-05-28 08:05:00,585.24
2014-05-28 09:05:00,579.76
2014-05-28 10:05:00,580.69
2014-05-28 11:05:00,578.12
2014-05-28 12:05:00,572.65
2014-05-28 13:05:00,574.29
2014-05-28 14:05:00,572.81
2014-05-28 15:05:00,575.2
2014-05-28 16:05:00,566.81
2014-05-28 17:05:00,566.7
2014-05-28 18:05:00,571.91
2014-05-28 19:05:00,569.83
2014-05-28 20:05:00,568.98
2014-05-28 21:05:00,569.08
2014-05-28 22:05:00,584.97
2014-05-28 23:05:00,569.81
2014-05-28 24:05:00,569.96
2014-05-29 01:05:00,569.34
2014-05-29 02:05:00,592.39
2014-05-29 03:05:00,578.14
2014-05-29 04:05:00,571.66
2014-05-29 05:05:00,577.53
2014-05-29 06:05:00,564.91
2014-05-29 07:05:00,567.91
2014-05-29 08:05:00,563.68
2014-05-29 09:05:00,565.08
2014-05-29 10:05:00,563.5
2014-05-29 11:05:00,562.69
2014-05-29 12:05:00,561.43
2014-05-29 13:05:00,559.56
2014-05-29 14:05:00,561.33
2014-05-29 15:05:00,568.34
2014-05-29 16:05:00,563.48
2014-05-29 17:05:00,565.2
2014-05-29 18:05:00,566.12
2014-05-29 19:05:00,564.71
2014-05-29 20:05:00,566.27
2014-05-29 21:05:00,565.55
2014-05-29 22:05:00,564.96
2014-05-29 23:05:00,580.74
2014-05-29 24:05:00,583.35
2014-05-30 01:05:00,565.87
2014-05-30 02:05:00,565.68
2014-05-30 03:05:00,573.97
2014-05-30 04:05:00,579.44
2014-05-30 05:05:00,577.02
2014-05-30 06:05:00,570.88
2014-05-30 07:05:00,572.85
2014-05-30 08:05:00,574.44
2014-05-30 09:05:00,570.4
2014-05-30 10:05:00,569.61
2014-05-30 11:05:00,570.49
2014-05-30 12:05:00,570.99
2014-05-30 13:05:00,588.13
2014-05-30 14:05:00,597.49
2014-05-30 15:05:00,593.69
2014-05-30 16:05:00,608.06
2014-05-30 17:05:00,607.07
2014-05-30 18:05:00,604.61
2014-05-30 19:05:00,615.28
2014-05-30 20:05:00,605.42
2014-05-30 21:05:00,605.8
2014-05-30 22:05:00,609.59
2014-05-30 23:05:00,617.23
2014-05-30 24:05:00,617.69
2014-05-31 01:05:00,614.04
2014-05-31 02:05:00,610.87
2014-05-31 03:05:00,611.73
2014-05-31 04:05:00,610.69
2014-05-31 05:05:00,622.37
2014-05-31 06:05:00,611.56
2014-05-31 07:05:00,616.19
2014-05-31 08:05:00,612.9
2014-05-31 09:05:00,617.23
2014-05-31 10:05:00,619.02
2014-05-31 11:05:00,624.06
2014-05-31 12:05:00,621.21
2014-05-31 13:05:00,619.14
2014-05-31 14:05:00,618.19
2014-05-31 15:05:00,620.44
2014-05-31 16:05:00,622.35
2014-05-31 17:05:00,622.31
2014-05-31 18:05:00,625.54
2014-05-31 19:05:00,620.4
2014-05-31 20:05:00,620.42
2014-05-31 21:05:00,627.25
2014-05-31 22:05:00,622.38
2014-05-31 23:05:00,625.01
2014-05-31 24:05:00,622.87
2014-06-01 01:06:00,624.2
2014-06-01 02:06:00,645.84
2014-06-01 03:06:00,643.82
2014-06-01 04:06:00,628.52
2014-06-01 05:06:00,632.05
2014-06-01 06:06:00,649.91
2014-06-01 07:06:00,654.96
2014-06-01 08:06:00,665.72
2014-06-01 09:06:00,653.87
2014-06-01 10:06:00,664.14
2014-06-01 11:06:00,653.61
2014-06-01 12:06:00,655.06
2014-06-01 13:06:00,656.57
2014-06-01 14:06:00,656.59
2014-06-01 15:06:00,654.48
2014-06-01 16:06:00,652.92
2014-06-01 17:06:00,656.42
2014-06-01 18:06:00,663.43
2014-06-01 19:06:00,665.75
2014-06-01 20:06:00,671.9
2014-06-01 21:06:00,674.84
2014-06-01 22:06:00,657.65
2014-06-01 23:06:00,638.98
2014-06-01 24:06:00,652.76
2014-06-02 01:06:00,658.65
2014-06-02 02:06:00,653.82
2014-06-02 03:06:00,643.65
2014-06-02 04:06:00,644.95
2014-06-02 05:06:00,650.1
2014-06-02 06:06:00,648.81
2014-06-02 07:06:00,654.54
2014-06-02 08:06:00,646.46
2014-06-02 09:06:00,636.83
2014-06-02 10:06:00,634.66
2014-06-02 11:06:00,639.26
2014-06-02 12:06:00,632.89
2014-06-02 13:06:00,641.96
2014-06-02 14:06:00,636.98
2014-06-02 15:06:00,634.05
2014-06-02 16:06:00,630.58
2014-06-02 17:06:00,633.8
2014-06-02 18:06:00,641.28
2014-06-02 19:06:00,628.41
2014-06-02 20:06:00,637.56
2014-06-02 21:06:00,640.85
2014-06-02 22:06:00,632.47
2014-06-02 23:06:00,635.57
2014-06-02 24:06:00,650.5
2014-06-03 01:06:00,661.55
2014-06-03 02:06:00,656.69
2014-06-03 03:06:00,659.04
2014-06-03 04:06:00,658.06
2014-06-03 05:06:00,656.24
2014-06-03 06:06:00,658.18
2014-06-03 07:06:00,660.48
2014-06-03 08:06:00,668.24
2014-06-03 09:06:00,664.67
2014-06-03 10:06:00,653.43
2014-06-03 11:06:00,656.68
2014-06-03 12:06:00,658.18
2014-06-03 13:06:00,653.9
2014-06-03 14:06:00,624.91
2014-06-03 15:06:00,667.56
2014-06-03 16:06:00,657.03
2014-06-03 17:06:00,657.47
2014-06-03 18:06:00,661.02
2014-06-03 19:06:00,667.98
2014-06-03 20:06:00,667.7
2014-06-03 21:06:00,678.58
2014-06-03 22:06:00,668.73
2014-06-03 23:06:00,671.07
2014-06-03 24:06:00,665.06
2014-06-04 01:06:00,664.56
2014-06-04 02:06:00,665.92
2014-06-04 03:06:00,671.23
2014-06-04 04:06:00,663.76
2014-06-04 05:06:00,625.43
2014-06-04 06:06:00,630.34
2014-06-04 07:06:00,632.63
2014-06-04 08:06:00,631.01
2014-06-04 09:06:00,632.92
2014-06-04 10:06:00,636.22
2014-06-04 11:06:00,636.04
2014-06-04 12:06:00,635.2
2014-06-04 13:06:00,632.15
2014-06-04 14:06:00,634.25
2014-06-04 15:06:00,637.89
2014-06-04 16:06:00,636.6
2014-06-04 17:06:00,655.37
2014-06-04 18:06:00,656.14
2014-06-04 19:06:00,658.36
2014-06-04 20:06:00,644.87
2014-06-04 21:06:00,642.7
2014-06-04 22:06:00,657.05
2014-06-04 23:06:00,648.9
2014-06-04 24:06:00,642.32
2014-06-05 01:06:00,647.5
2014-06-05 02:06:00,640.68
2014-06-05 03:06:00,649.85
2014-06-05 04:06:00,638.19
2014-06-05 05:06:00,651.89
2014-06-05 06:06:00,661.82
2014-06-05 07:06:00,659.74
2014-06-05 08:06:00,656.35
2014-06-05 09:06:00,654.31
2014-06-05 10:06:00,646.14
2014-06-05 11:06:00,646.61
2014-06-05 12:06:00,647.53
2014-06-05 13:06:00,650.87
2014-06-05 14:06:00,657.64
2014-06-05 15:06:00,658.53
2014-06-05 16:06:00,661.93
2014-06-05 17:06:00,661.68
2014-06-05 18:06:00,658.87
2014-06-05 19:06:00,660.08
2014-06-05 20:06:00,652.93
2014-06-05 21:06:00,655.53
2014-06-05 22:06:00,657.95
2014-06-05 23:06:00,674.2
2014-06-05 24:06:00,671.4
2014-06-06 01:06:00,682.43
2014-06-06 02:06:00,691.72
2014-06-06 03:06:00,654.31
2014-06-06 04:06:00,658.57
2014-06-06 05:06:00,673.53
2014-06-06 06:06:00,672.84
2014-06-06 07:06:00,665.46
2014-06-06 08:06:00,669.25
2014-06-06 09:06:00,653.52
2014-06-06 10:06:00,654.44
2014-06-06 11:06:00,654.83
2014-06-06 12:06:00,661.47
2014-06-06 13:06:00,656.96
2014-06-06 14:06:00,657.2
2014-06-06 15:06:00,657.32
2014-06-06 16:06:00,658.01
2014-06-06 17:06:00,662.29
2014-06-06 18:06:00,663
2014-06-06 19:06:00,664.29
2014-06-06 20:06:00,662.67
2014-06-06 21:06:00,656.67
2014-06-06 22:06:00,653.84
2014-06-06 23:06:00,664.47
2014-06-06 24:06:00,666.56
2014-06-07 01:06:00,651.25
2014-06-07 02:06:00,652.65
2014-06-07 03:06:00,656.86
2014-06-07 04:06:00,655.89
2014-06-07 05:06:00,656.3
2014-06-07 06:06:00,658.01
2014-06-07 07:06:00,657.97
2014-06-07 08:06:00,660.5
2014-06-07 09:06:00,659.82
2014-06-07 10:06:00,655.55
2014-06-07 11:06:00,654.62
2014-06-07 12:06:00,651.51
2014-06-07 13:06:00,661.73
2014-06-07 14:06:00,653.91
2014-06-07 15:06:00,652.58
2014-06-07 16:06:00,658.98
2014-06-07 17:06:00,661.41
2014-06-07 18:06:00,666.19
2014-06-07 19:06:00,682.91
2014-06-07 20:06:00,673.93
2014-06-07 21:06:00,652.5
2014-06-07 22:06:00,661.28
2014-06-07 23:06:00,658.54
2014-06-07 24:06:00,665.24
2014-06-08 01:06:00,666.18
2014-06-08 02:06:00,661.42
2014-06-08 03:06:00,656.59
2014-06-08 04:06:00,661.81
2014-06-08 05:06:00,658.81
2014-06-08 06:06:00,661.55
2014-06-08 07:06:00,652.11
2014-06-08 08:06:00,655.95
2014-06-08 09:06:00,651.13
2014-06-08 10:06:00,651.46
2014-06-08 11:06:00,650.15
2014-06-08 12:06:00,652.13
2014-06-08 13:06:00,654.11
2014-06-08 14:06:00,653.2
2014-06-08 15:06:00,653.6
2014-06-08 16:06:00,652.27
2014-06-08 17:06:00,654.65
2014-06-08 18:06:00,657.6
2014-06-08 19:06:00,655.31
2014-06-08 20:06:00,649.41
2014-06-08 21:06:00,653.64
2014-06-08 22:06:00,649.42
2014-06-08 23:06:00,652.81
2014-06-08 24:06:00,651
2014-06-09 01:06:00,662.67
2014-06-09 02:06:00,658.85
2014-06-09 03:06:00,655.22
2014-06-09 04:06:00,665.94
2014-06-09 05:06:00,655.97
2014-06-09 06:06:00,650.53
2014-06-09 07:06:00,654.66
2014-06-09 08:06:00,652.17
2014-06-09 09:06:00,646.96
2014-06-09 10:06:00,648.21
2014-06-09 11:06:00,647.98
2014-06-09 12:06:00,644.02
2014-06-09 13:06:00,642.21
2014-06-09 14:06:00,647.33
2014-06-09 15:06:00,651.14
2014-06-09 16:06:00,655.37
2014-06-09 17:06:00,662.86
2014-06-09 18:06:00,668.22
2014-06-09 19:06:00,645.08
2014-06-09 20:06:00,644.68
2014-06-09 21:06:00,662.43
2014-06-09 22:06:00,645.32
2014-06-09 23:06:00,645.47
2014-06-09 24:06:00,651.54
2014-06-10 01:06:00,655.23
2014-06-10 02:06:00,651.76
2014-06-10 03:06:00,656.52
2014-06-10 04:06:00,644.09
2014-06-10 05:06:00,657.37
2014-06-10 06:06:00,651.84
2014-06-10 07:06:00,646.01
2014-06-10 08:06:00,643.66
2014-06-10 09:06:00,645.76
2014-06-10 10:06:00,658.69
2014-06-10 11:06:00,658.64
2014-06-10 12:06:00,655.61
2014-06-10 13:06:00,654.49
2014-06-10 14:06:00,654.38
2014-06-10 15:06:00,656.95
2014-06-10 16:06:00,656.28
2014-06-10 17:06:00,661.06
2014-06-10 18:06:00,668.36
2014-06-10 19:06:00,676.25
2014-06-10 20:06:00,656.01
2014-06-10 21:06:00,676.71
2014-06-10 22:06:00,655.91
2014-06-10 23:06:00,656.27
2014-06-10 24:06:00,654.52
2014-06-11 01:06:00,656.3
2014-06-11 02:06:00,717.83
2014-06-11 03:06:00,666.82
2014-06-11 04:06:00,662.3
2014-06-11 05:06:00,662.16
2014-06-11 06:06:00,658.62
2014-06-11 07:06:00,657.1
2014-06-11 08:06:00,653.72
2014-06-11 09:06:00,656.17
2014-06-11 10:06:00,659.24
2014-06-11 11:06:00,653.93
2014-06-11 12:06:00,656.56
2014-06-11 13:06:00,644.12
2014-06-11 14:06:00,652.57
2014-06-11 15:06:00,651.78
2014-06-11 16:06:00,652.23
2014-06-11 17:06:00,645.82
2014-06-11 18:06:00,651.95
2014-06-11 19:06:00,648.14
2014-06-11 20:06:00,660.09
2014-06-11 21:06:00,647.97
2014-06-11 22:06:00,665.28
2014-06-11 23:06:00,665.61
2014-06-11 24:06:00,646.36
2014-06-12 01:06:00,644.05
2014-06-12 02:06:00,651.11
2014-06-12 03:06:00,652.69
2014-06-12 04:06:00,647.35
2014-06-12 05:06:00,647.35
2014-06-12 06:06:00,649
2014-06-12 07:06:00,647.84
2014-06-12 08:06:00,645.74
2014-06-12 09:06:00,640.44
2014-06-12 10:06:00,639.14
2014-06-12 11:06:00,639.53
2014-06-12 12:06:00,641.5
2014-06-12 13:06:00,634.16
2014-06-12 14:06:00,640.03
2014-06-12 15:06:00,640.41
2014-06-12 16:06:00,637.85
2014-06-12 17:06:00,639.24
2014-06-12 18:06:00,637.98
2014-06-12 19:06:00,639.89
2014-06-12 20:06:00,627.89
2014-06-12 21:06:00,626.51
2014-06-12 22:06:00,661.39
2014-06-12 23:06:00,618.48
2014-06-12 24:06:00,628.74
2014-06-13 01:06:00,626.99
2014-06-13 02:06:00,614.3
2014-06-13 03:06:00,608.91
2014-06-13 04:06:00,611.44
2014-06-13 05:06:00,606.76
2014-06-13 06:06:00,602.49
2014-06-13 07:06:00,603.42
2014-06-13 08:06:00,609.08
2014-06-13 09:06:00,609.46
2014-06-13 10:06:00,610.66
2014-06-13 11:06:00,615.18
2014-06-13 12:06:00,627.54
2014-06-13 13:06:00,616.76
2014-06-13 14:06:00,615.34
2014-06-13 15:06:00,616.55
2014-06-13 16:06:00,614.28
2014-06-13 17:06:00,616.65
2014-06-13 18:06:00,616.62
2014-06-13 19:06:00,613.47
2014-06-13 20:06:00,605.49
2014-06-13 21:06:00,604.06
2014-06-13 22:06:00,608.84
2014-06-13 23:06:00,605.29
2014-06-13 24:06:00,616
2014-06-14 01:06:00,613.27
2014-06-14 02:06:00,612.26
2014-06-14 03:06:00,627.74
2014-06-14 04:06:00,613.64
2014-06-14 05:06:00,608.82
2014-06-14 06:06:00,616.6
2014-06-14 07:06:00,610.54
2014-06-14 08:06:00,609.03
2014-06-14 09:06:00,607.72
2014-06-14 10:06:00,608.33
2014-06-14 11:06:00,601.99
2014-06-14 12:06:00,598.7
2014-06-14 13:06:00,594.21
2014-06-14 14:06:00,595.97
2014-06-14 15:06:00,595.65
2014-06-14 16:06:00,591.04
2014-06-14 17:06:00,589.18
2014-06-14 18:06:00,589.48
2014-06-14 19:06:00,584.79
2014-06-14 20:06:00,581
2014-06-14 21:06:00,590.38
2014-06-14 22:06:00,577.31
2014-06-14 23:06:00,579.96
2014-06-14 24:06:00,580.22
2014-06-15 01:06:00,583.82
2014-06-15 02:06:00,580.31
2014-06-15 03:06:00,590.85
2014-06-15 04:06:00,583.72
2014-06-15 05:06:00,581.84
2014-06-15 06:06:00,582.74
2014-06-15 07:06:00,581.94
2014-06-15 08:06:00,587.63
2014-06-15 09:06:00,583.01
2014-06-15 10:06:00,582
2014-06-15 11:06:00,576.15
2014-06-15 12:06:00,572.66
2014-06-15 13:06:00,572.89
2014-06-15 14:06:00,569.06
2014-06-15 15:06:00,572.47
2014-06-15 16:06:00,572.27
2014-06-15 17:06:00,566.99
2014-06-15 18:06:00,565.08
2014-06-15 19:06:00,567.4
2014-06-15 20:06:00,568.48
2014-06-15 21:06:00,571.97
2014-06-15 22:06:00,573.48
2014-06-15 23:06:00,575.23
2014-06-15 24:06:00,575.67
2014-06-16 01:06:00,572.66
2014-06-16 02:06:00,585.15
2014-06-16 03:06:00,594.45
2014-06-16 04:06:00,594.4
2014-06-16 05:06:00,590.35
2014-06-16 06:06:00,580.04
2014-06-16 07:06:00,595.15
2014-06-16 08:06:00,599.95
2014-06-16 09:06:00,600.95
2014-06-16 10:06:00,599.91
2014-06-16 11:06:00,597.96
2014-06-16 12:06:00,600.58
2014-06-16 13:06:00,600.46
2014-06-16 14:06:00,600.69
2014-06-16 15:06:00,602.34
2014-06-16 16:06:00,605.35
2014-06-16 17:06:00,616.44
2014-06-16 18:06:00,606.31
2014-06-16 19:06:00,605.11
2014-06-16 20:06:00,613.3
2014-06-16 21:06:00,599.61
2014-06-16 22:06:00,601.06
2014-06-16 23:06:00,601.95
2014-06-16 24:06:00,600.59
2014-06-17 01:06:00,614.86
2014-06-17 02:06:00,616.03
2014-06-17 03:06:00,594.62
2014-06-17 04:06:00,602.97
2014-06-17 05:06:00,605.93
2014-06-17 06:06:00,601.18
2014-06-17 07:06:00,601.15
2014-06-17 08:06:00,609.3
2014-06-17 09:06:00,597.53
2014-06-17 10:06:00,597.87
2014-06-17 11:06:00,603.06
2014-06-17 12:06:00,605.23
2014-06-17 13:06:00,603.25
2014-06-17 14:06:00,604.26
2014-06-17 15:06:00,600.2
2014-06-17 16:06:00,601.66
2014-06-17 17:06:00,622.49
2014-06-17 18:06:00,615.28
2014-06-17 19:06:00,612.19
2014-06-17 20:06:00,597.31
2014-06-17 21:06:00,626.57
2014-06-17 22:06:00,601.37
2014-06-17 23:06:00,602.06
2014-06-17 24:06:00,604.95
2014-06-18 01:06:00,634.67
2014-06-18 02:06:00,621.36
2014-06-18 03:06:00,634.44
2014-06-18 04:06:00,611.33
2014-06-18 05:06:00,632.35
2014-06-18 06:06:00,614.18
2014-06-18 07:06:00,611.2
2014-06-18 08:06:00,610.85
2014-06-18 09:06:00,614.62
2014-06-18 10:06:00,611.99
2014-06-18 11:06:00,612.35
2014-06-18 12:06:00,607.79
2014-06-18 13:06:00,607.62
2014-06-18 14:06:00,612.45
2014-06-18 15:06:00,610.31
2014-06-18 16:06:00,611.96
2014-06-18 17:06:00,607.16
2014-06-18 18:06:00,616.78
2014-06-18 19:06:00,612.51
2014-06-18 20:06:00,619.96
2014-06-18 21:06:00,605.46
2014-06-18 22:06:00,627.9
2014-06-18 23:06:00,627.2
2014-06-18 24:06:00,620.45
2014-06-19 01:06:00,606.75
2014-06-19 02:06:00,605.8
2014-06-19 03:06:00,615.43
2014-06-19 04:06:00,621.58
2014-06-19 05:06:00,609.95
2014-06-19 06:06:00,606.4
2014-06-19 07:06:00,608.87
2014-06-19 08:06:00,613.34
2014-06-19 09:06:00,611.23
2014-06-19 10:06:00,610.63
2014-06-19 11:06:00,610.4
2014-06-19 12:06:00,610.64
2014-06-19 13:06:00,610.14
2014-06-19 14:06:00,609.77
2014-06-19 15:06:00,609.53
2014-06-19 16:06:00,609.41
2014-06-19 17:06:00,616.41
2014-06-19 18:06:00,624.83
2014-06-19 19:06:00,638.49
2014-06-19 20:06:00,605.77
2014-06-19 21:06:00,613.16
2014-06-19 22:06:00,625.25
2014-06-19 23:06:00,619.01
2014-06-19 24:06:00,614.33
2014-06-20 01:06:00,606.88
2014-06-20 02:06:00,609
2014-06-20 03:06:00,606
2014-06-20 04:06:00,608.86
2014-06-20 05:06:00,614.53
2014-06-20 06:06:00,607.29
2014-06-20 07:06:00,605.65
2014-06-20 08:06:00,658.58
2014-06-20 09:06:00,598.42
2014-06-20 10:06:00,604.16
2014-06-20 11:06:00,593.86
2014-06-20 12:06:00,596.88
2014-06-20 13:06:00,596.26
2014-06-20 14:06:00,590.29
2014-06-20 15:06:00,599.82
2014-06-20 16:06:00,609.19
2014-06-20 17:06:00,616.98
2014-06-20 18:06:00,592.42
2014-06-20 19:06:00,634.53
2014-06-20 20:06:00,618.29
2014-06-20 21:06:00,590.3
2014-06-20 22:06:00,589.89
2014-06-20 23:06:00,592.72
2014-06-20 24:06:00,593.43
2014-06-21 01:06:00,593.96
2014-06-21 02:06:00,631.53
2014-06-21 03:06:00,617.2
2014-06-21 04:06:00,618.34
2014-06-21 05:06:00,620.66
2014-06-21 06:06:00,587.26
2014-06-21 07:06:00,594.54
2014-06-21 08:06:00,585.94
2014-06-21 09:06:00,588.38
2014-06-21 10:06:00,592.23
2014-06-21 11:06:00,589.01
2014-06-21 12:06:00,594.48
2014-06-21 13:06:00,597.89
2014-06-21 14:06:00,600.35
2014-06-21 15:06:00,597.46
2014-06-21 16:06:00,623.4
2014-06-21 17:06:00,611.24
2014-06-21 18:06:00,609.92
2014-06-21 19:06:00,601.08
2014-06-21 20:06:00,595.98
2014-06-21 21:06:00,610.81
2014-06-21 22:06:00,597.81
2014-06-21 23:06:00,610.26
2014-06-21 24:06:00,605.54
2014-06-22 01:06:00,608.08
2014-06-22 02:06:00,596.36
2014-06-22 03:06:00,595.51
2014-06-22 04:06:00,597.71
2014-06-22 05:06:00,611.1
2014-06-22 06:06:00,611.3
2014-06-22 07:06:00,618.09
2014-06-22 08:06:00,607.65
2014-06-22 09:06:00,607.16
2014-06-22 10:06:00,606.48
2014-06-22 11:06:00,607.25
2014-06-22 12:06:00,610.43
2014-06-22 13:06:00,604.66
2014-06-22 14:06:00,607.23
2014-06-22 15:06:00,606.64
2014-06-22 16:06:00,608.08
2014-06-22 17:06:00,603.32
2014-06-22 18:06:00,608.75
2014-06-22 19:06:00,604.04
2014-06-22 20:06:00,600.93
2014-06-22 21:06:00,622.06
2014-06-22 22:06:00,612.61
2014-06-22 23:06:00,604.33
2014-06-22 24:06:00,618.39
2014-06-23 01:06:00,614.74
2014-06-23 02:06:00,614.35
2014-06-23 03:06:00,609.23
2014-06-23 04:06:00,604.46
2014-06-23 05:06:00,609.36
2014-06-23 06:06:00,602.98
2014-06-23 07:06:00,605.57
2014-06-23 08:06:00,599.47
2014-06-23 09:06:00,596.26
2014-06-23 10:06:00,601.55
2014-06-23 11:06:00,591.23
2014-06-23 12:06:00,589.1
2014-06-23 13:06:00,589.23
2014-06-23 14:06:00,594.3
2014-06-23 15:06:00,589.96
2014-06-23 16:06:00,588.21
2014-06-23 17:06:00,594.93
2014-06-23 18:06:00,604.9
2014-06-23 19:06:00,591.58
2014-06-23 20:06:00,620.34
2014-06-23 21:06:00,614.35
2014-06-23 22:06:00,591.58
2014-06-23 23:06:00,614.29
2014-06-23 24:06:00,619.53
2014-06-24 01:06:00,590.41
2014-06-24 02:06:00,591.78
2014-06-24 03:06:00,590.53
2014-06-24 04:06:00,587.13
2014-06-24 05:06:00,599.02
2014-06-24 06:06:00,587.57
2014-06-24 07:06:00,612.07
2014-06-24 08:06:00,595.71
2014-06-24 09:06:00,588.59
2014-06-24 10:06:00,590.28
2014-06-24 11:06:00,592.53
2014-06-24 12:06:00,592.92
2014-06-24 13:06:00,594.34
2014-06-24 14:06:00,596.1
2014-06-24 15:06:00,594.27
2014-06-24 16:06:00,596.05
2014-06-24 17:06:00,598.48
2014-06-24 18:06:00,595.99
2014-06-24 19:06:00,619.99
2014-06-24 20:06:00,609.83
2014-06-24 21:06:00,604.25
2014-06-24 22:06:00,594.41
2014-06-24 23:06:00,595.19
2014-06-24 24:06:00,595.31
2014-06-25 01:06:00,592.84
2014-06-25 02:06:00,598.48
2014-06-25 03:06:00,586.8
2014-06-25 04:06:00,588.32
2014-06-25 05:06:00,593.97
2014-06-25 06:06:00,587.92
2014-06-25 07:06:00,587.97
2014-06-25 08:06:00,588.16
2014-06-25 09:06:00,586.7
2014-06-25 10:06:00,580.92
2014-06-25 11:06:00,577.88
2014-06-25 12:06:00,576.32
2014-06-25 13:06:00,573.74
2014-06-25 14:06:00,574.82
2014-06-25 15:06:00,574.74
2014-06-25 16:06:00,575.41
2014-06-25 17:06:00,574.12
2014-06-25 18:06:00,589.57
2014-06-25 19:06:00,574
2014-06-25 20:06:00,584.44
2014-06-25 21:06:00,581.71
2014-06-25 22:06:00,603.37
2014-06-25 23:06:00,571.43
2014-06-25 24:06:00,571.44
2014-06-26 01:06:00,569
2014-06-26 02:06:00,568
2014-06-26 03:06:00,577.13
2014-06-26 04:06:00,588.07
2014-06-26 05:06:00,594.55
2014-06-26 06:06:00,579.46
2014-06-26 07:06:00,579.52
2014-06-26 08:06:00,579.88
2014-06-26 09:06:00,577.15
2014-06-26 10:06:00,577.39
2014-06-26 11:06:00,575.41
2014-06-26 12:06:00,574.95
2014-06-26 13:06:00,574.62
2014-06-26 14:06:00,574.7
2014-06-26 15:06:00,575.76
2014-06-26 16:06:00,574.19
2014-06-26 17:06:00,576.76
2014-06-26 18:06:00,580.29
2014-06-26 19:06:00,582.48
2014-06-26 20:06:00,586.79
2014-06-26 21:06:00,585.6
2014-06-26 22:06:00,574.7
2014-06-26 23:06:00,574.68
2014-06-26 24:06:00,574
2014-06-27 01:06:00,575.64
2014-06-27 02:06:00,578.86
2014-06-27 03:06:00,586.2
2014-06-27 04:06:00,584.62
2014-06-27 05:06:00,608.7
2014-06-27 06:06:00,595.43
2014-06-27 07:06:00,589.68
2014-06-27 08:06:00,588.48
2014-06-27 09:06:00,584.31
2014-06-27 10:06:00,585.76
2014-06-27 11:06:00,586.71
2014-06-27 12:06:00,587.03
2014-06-27 13:06:00,585.59
2014-06-27 14:06:00,587.16
2014-06-27 15:06:00,593.01
2014-06-27 16:06:00,598.53
2014-06-27 17:06:00,599.74
2014-06-27 18:06:00,604.2
2014-06-27 19:06:00,605.09
2014-06-27 20:06:00,602.44
2014-06-27 21:06:00,591.11
2014-06-27 22:06:00,599.1
2014-06-27 23:06:00,603.52
2014-06-27 24:06:00,589.62
2014-06-28 01:06:00,596.78
2014-06-28 02:06:00,604.35
2014-06-28 03:06:00,602.7
2014-06-28 04:06:00,611.96
2014-06-28 05:06:00,609.58
2014-06-28 06:06:00,609.91
2014-06-28 07:06:00,607.68
2014-06-28 08:06:00,602.43
2014-06-28 09:06:00,608.72
2014-06-28 10:06:00,604.81
2014-06-28 11:06:00,602.46
2014-06-28 12:06:00,602
2014-06-28 13:06:00,604.41
2014-06-28 14:06:00,602.98
2014-06-28 15:06:00,607.33
2014-06-28 16:06:00,604.53
2014-06-28 17:06:00,601.73
2014-06-28 18:06:00,601.2
2014-06-28 19:06:00,608.42
2014-06-28 20:06:00,597.8
2014-06-28 21:06:00,610.52
2014-06-28 22:06:00,599.68
2014-06-28 23:06:00,605.32
2014-06-28 24:06:00,600.57
2014-06-29 01:06:00,605.68
2014-06-29 02:06:00,608.56
2014-06-29 03:06:00,601.17
2014-06-29 04:06:00,605.08
2014-06-29 05:06:00,607.44
2014-06-29 06:06:00,603.66
2014-06-29 07:06:00,602.82
2014-06-29 08:06:00,601.93
2014-06-29 09:06:00,602.74
2014-06-29 10:06:00,602.03
2014-06-29 11:06:00,598.87
2014-06-29 12:06:00,600.31
2014-06-29 13:06:00,597.15
2014-06-29 14:06:00,599.98
2014-06-29 15:06:00,597.29
2014-06-29 16:06:00,595.58
2014-06-29 17:06:00,595.03
2014-06-29 18:06:00,596.67
2014-06-29 19:06:00,596.57
2014-06-29 20:06:00,598
2014-06-29 21:06:00,603.13
2014-06-29 22:06:00,596
2014-06-29 23:06:00,603.14
2014-06-29 24:06:00,596.78
2014-06-30 01:06:00,597.68
2014-06-30 02:06:00,604.73
2014-06-30 03:06:00,605.12
2014-06-30 04:06:00,603.91
2014-06-30 05:06:00,601
2014-06-30 06:06:00,605.18
2014-06-30 07:06:00,600.87
2014-06-30 08:06:00,601.07
2014-06-30 09:06:00,609.09
2014-06-30 10:06:00,618.56
2014-06-30 11:06:00,622.78
2014-06-30 12:06:00,627.92
2014-06-30 13:06:00,621.9
2014-06-30 14:06:00,621.25
2014-06-30 15:06:00,623.82
2014-06-30 16:06:00,625.12
2014-06-30 17:06:00,616.09
2014-06-30 18:06:00,628.25
2014-06-30 19:06:00,630.59
2014-06-30 20:06:00,638.44
2014-06-30 21:06:00,637.69
2014-06-30 22:06:00,621.72
2014-06-30 23:06:00,635.72
2014-06-30 24:06:00,644.26
2014-07-01 01:07:00,635.24
2014-07-01 02:07:00,642.14
2014-07-01 03:07:00,640.15
2014-07-01 04:07:00,643.7
2014-07-01 05:07:00,638.47
2014-07-01 06:07:00,642.73
2014-07-01 07:07:00,640.61
2014-07-01 08:07:00,640.64
2014-07-01 09:07:00,639.02
2014-07-01 10:07:00,647.58
2014-07-01 11:07:00,651.09
2014-07-01 12:07:00,650.59
2014-07-01 13:07:00,651.9
2014-07-01 14:07:00,645.43
2014-07-01 15:07:00,648.11
2014-07-01 16:07:00,658.66
2014-07-01 17:07:00,652.78
2014-07-01 18:07:00,660.06
2014-07-01 19:07:00,669.23
2014-07-01 20:07:00,663.27
2014-07-01 21:07:00,663.03
2014-07-01 22:07:00,663.76
2014-07-01 23:07:00,663.57
2014-07-01 24:07:00,643.44
2014-07-02 01:07:00,648.16
2014-07-02 02:07:00,651.11
2014-07-02 03:07:00,650.65
2014-07-02 04:07:00,647.14
2014-07-02 05:07:00,640.48
2014-07-02 06:07:00,635.48
2014-07-02 07:07:00,637.07
2014-07-02 08:07:00,636.35
2014-07-02 09:07:00,638.66
2014-07-02 10:07:00,639.09
2014-07-02 11:07:00,638.89
2014-07-02 12:07:00,637.38
2014-07-02 13:07:00,640.18
2014-07-02 14:07:00,643.61
2014-07-02 15:07:00,639.47
2014-07-02 16:07:00,639.52
2014-07-02 17:07:00,648.42
2014-07-02 18:07:00,652.9
2014-07-02 19:07:00,663.63
2014-07-02 20:07:00,664.66
2014-07-02 21:07:00,660.59
2014-07-02 22:07:00,650.3
2014-07-02 23:07:00,663.91
2014-07-02 24:07:00,654.29
2014-07-03 01:07:00,656.34
2014-07-03 02:07:00,648.81
2014-07-03 03:07:00,650.63
2014-07-03 04:07:00,646.98
2014-07-03 05:07:00,645.47
2014-07-03 06:07:00,639.9
2014-07-03 07:07:00,646.45
2014-07-03 08:07:00,643.17
2014-07-03 09:07:00,642.75
2014-07-03 10:07:00,644.24
2014-07-03 11:07:00,643.07
2014-07-03 12:07:00,645.91
2014-07-03 13:07:00,641.85
2014-07-03 14:07:00,641.47
2014-07-03 15:07:00,643.29
2014-07-03 16:07:00,642.94
2014-07-03 17:07:00,644.11
2014-07-03 18:07:00,644
2014-07-03 19:07:00,647.93
2014-07-03 20:07:00,636.63
2014-07-03 21:07:00,647.97
2014-07-03 22:07:00,649.74
2014-07-03 23:07:00,634.67
2014-07-03 24:07:00,636.01
2014-07-04 01:07:00,637.72
2014-07-04 02:07:00,637.56
2014-07-04 03:07:00,645.41
2014-07-04 04:07:00,642.54
2014-07-04 05:07:00,639.19
2014-07-04 06:07:00,645.59
2014-07-04 07:07:00,643.94
2014-07-04 08:07:00,642.71
2014-07-04 09:07:00,643.47
2014-07-04 10:07:00,639.08
2014-07-04 11:07:00,638.67
2014-07-04 12:07:00,639.66
2014-07-04 13:07:00,636.85
2014-07-04 14:07:00,630.83
2014-07-04 15:07:00,628.71
2014-07-04 16:07:00,630.59
2014-07-04 17:07:00,629.24
2014-07-04 18:07:00,631.8
2014-07-04 19:07:00,629.55
2014-07-04 20:07:00,633.71
2014-07-04 21:07:00,635.13
2014-07-04 22:07:00,632.14
2014-07-04 23:07:00,629.46
2014-07-04 24:07:00,637.99
2014-07-05 01:07:00,625.04
2014-07-05 02:07:00,628.06
2014-07-05 03:07:00,624.12
2014-07-05 04:07:00,625.61
2014-07-05 05:07:00,629.99
2014-07-05 06:07:00,627.73
2014-07-05 07:07:00,624.28
2014-07-05 08:07:00,624.32
2014-07-05 09:07:00,623.2
2014-07-05 10:07:00,622.48
2014-07-05 11:07:00,624.5
2014-07-05 12:07:00,623.91
2014-07-05 13:07:00,624.08
2014-07-05 14:07:00,624.87
2014-07-05 15:07:00,626.56
2014-07-05 16:07:00,624.12
2014-07-05 17:07:00,629.6
2014-07-05 18:07:00,631.62
2014-07-05 19:07:00,637.91
2014-07-05 20:07:00,624.6
2014-07-05 21:07:00,624.19
2014-07-05 22:07:00,630.01
2014-07-05 23:07:00,626.32
2014-07-05 24:07:00,627.43
2014-07-06 01:07:00,628.99
2014-07-06 02:07:00,623.28
2014-07-06 03:07:00,625.21
2014-07-06 04:07:00,630.83
2014-07-06 05:07:00,634.98
2014-07-06 06:07:00,630.49
2014-07-06 07:07:00,627.95
2014-07-06 08:07:00,627.39
2014-07-06 09:07:00,626.73
2014-07-06 10:07:00,628.98
2014-07-06 11:07:00,626.47
2014-07-06 12:07:00,624.93
2014-07-06 13:07:00,624.43
2014-07-06 14:07:00,624.74
2014-07-06 15:07:00,626.04
2014-07-06 16:07:00,675.07
2014-07-06 17:07:00,847.66
2014-07-06 18:07:00,626.32
2014-07-06 19:07:00,628.04
2014-07-06 20:07:00,632.49
2014-07-06 21:07:00,631.13
2014-07-06 22:07:00,634.62
2014-07-06 23:07:00,625.61
2014-07-06 24:07:00,631.03
2014-07-07 01:07:00,628.02
2014-07-07 02:07:00,626.4
2014-07-07 03:07:00,629.26
2014-07-07 04:07:00,628.41
2014-07-07 05:07:00,625.6
2014-07-07 06:07:00,629.48
2014-07-07 07:07:00,630.06
2014-07-07 08:07:00,629.66
2014-07-07 09:07:00,628.66
2014-07-07 10:07:00,626.38
2014-07-07 11:07:00,627.93
2014-07-07 12:07:00,624.88
2014-07-07 13:07:00,621.9
2014-07-07 14:07:00,617.84
2014-07-07 15:07:00,616.77
2014-07-07 16:07:00,620.99
2014-07-07 17:07:00,626.74
2014-07-07 18:07:00,629.91
2014-07-07 19:07:00,629.46
2014-07-07 20:07:00,626.64
2014-07-07 21:07:00,658.97
2014-07-07 22:07:00,614.73
2014-07-07 23:07:00,639.09
2014-07-07 24:07:00,614.49
2014-07-08 01:07:00,643.42
2014-07-08 02:07:00,613.86
2014-07-08 03:07:00,632.08
2014-07-08 04:07:00,624.64
2014-07-08 05:07:00,632.36
2014-07-08 06:07:00,625.31
2014-07-08 07:07:00,635.38
2014-07-08 08:07:00,625.88
2014-07-08 09:07:00,624.55
2014-07-08 10:07:00,616.02
2014-07-08 11:07:00,614.32
2014-07-08 12:07:00,615.97
2014-07-08 13:07:00,614.45
2014-07-08 14:07:00,617.71
2014-07-08 15:07:00,617.69
2014-07-08 16:07:00,617.04
2014-07-08 17:07:00,626.42
2014-07-08 18:07:00,626.05
2014-07-08 19:07:00,614.64
2014-07-08 20:07:00,628.08
2014-07-08 21:07:00,631.96
2014-07-08 22:07:00,616.96
2014-07-08 23:07:00,636.35
2014-07-08 24:07:00,640.29
2014-07-09 01:07:00,619.96
2014-07-09 02:07:00,628.34
2014-07-09 03:07:00,625.66
2014-07-09 04:07:00,627.51
2014-07-09 05:07:00,621.83
2014-07-09 06:07:00,620.05
2014-07-09 07:07:00,617.09
2014-07-09 08:07:00,622.54
2014-07-09 09:07:00,616.01
2014-07-09 10:07:00,615.15
2014-07-09 11:07:00,615.18
2014-07-09 12:07:00,613.89
2014-07-09 13:07:00,617.79
2014-07-09 14:07:00,619.58
2014-07-09 15:07:00,620.39
2014-07-09 16:07:00,624.17
2014-07-09 17:07:00,625.79
2014-07-09 18:07:00,629.49
2014-07-09 19:07:00,633.81
2014-07-09 20:07:00,634.8
2014-07-09 21:07:00,639.55
2014-07-09 22:07:00,638.43
2014-07-09 23:07:00,622.45
2014-07-09 24:07:00,647.71
2014-07-10 01:07:00,624.77
2014-07-10 02:07:00,623.9
2014-07-10 03:07:00,623.26
2014-07-10 04:07:00,631.52
2014-07-10 05:07:00,632.85
2014-07-10 06:07:00,629.89
2014-07-10 07:07:00,623.44
2014-07-10 08:07:00,625.34
2014-07-10 09:07:00,626.8
2014-07-10 10:07:00,623.79
2014-07-10 11:07:00,620.09
2014-07-10 12:07:00,617.84
2014-07-10 13:07:00,612.51
2014-07-10 14:07:00,616.45
2014-07-10 15:07:00,612.61
2014-07-10 16:07:00,622.18
2014-07-10 17:07:00,620.85
2014-07-10 18:07:00,626.11
2014-07-10 19:07:00,625.51
2014-07-10 20:07:00,629.07
2014-07-10 21:07:00,623.07
2014-07-10 22:07:00,620.69
2014-07-10 23:07:00,639.39
2014-07-10 24:07:00,638.66
2014-07-11 01:07:00,621.43
2014-07-11 02:07:00,619.52
2014-07-11 03:07:00,618.7
2014-07-11 04:07:00,617.14
2014-07-11 05:07:00,618.85
2014-07-11 06:07:00,619.57
2014-07-11 07:07:00,628.52
2014-07-11 08:07:00,622.77
2014-07-11 09:07:00,632.13
2014-07-11 10:07:00,621.57
2014-07-11 11:07:00,622.85
2014-07-11 12:07:00,621.04
2014-07-11 13:07:00,620.94
2014-07-11 14:07:00,621.15
2014-07-11 15:07:00,623.57
2014-07-11 16:07:00,628.64
2014-07-11 17:07:00,635.88
2014-07-11 18:07:00,637.66
2014-07-11 19:07:00,638.32
2014-07-11 20:07:00,635.5
2014-07-11 21:07:00,630.54
2014-07-11 22:07:00,628.88
2014-07-11 23:07:00,642.26
2014-07-11 24:07:00,631.94
2014-07-12 01:07:00,642.53
2014-07-12 02:07:00,656.08
2014-07-12 03:07:00,632.71
2014-07-12 04:07:00,633.28
2014-07-12 05:07:00,640.28
2014-07-12 06:07:00,635.33
2014-07-12 07:07:00,634.57
2014-07-12 08:07:00,633.38
2014-07-12 09:07:00,634.22
2014-07-12 10:07:00,632.76
2014-07-12 11:07:00,633.35
2014-07-12 12:07:00,631.84
2014-07-12 13:07:00,633.4
2014-07-12 14:07:00,633.72
2014-07-12 15:07:00,632.04
2014-07-12 16:07:00,632.25
2014-07-12 17:07:00,631.18
2014-07-12 18:07:00,638.91
2014-07-12 19:07:00,629.07
2014-07-12 20:07:00,634.24
2014-07-12 21:07:00,640.86
2014-07-12 22:07:00,644.9
2014-07-12 23:07:00,629.31
2014-07-12 24:07:00,631.73
2014-07-13 01:07:00,639.21
2014-07-13 02:07:00,633.8
2014-07-13 03:07:00,641.81
2014-07-13 04:07:00,638.75
2014-07-13 05:07:00,638.57
2014-07-13 06:07:00,635.77
2014-07-13 07:07:00,649.37
2014-07-13 08:07:00,632.94
2014-07-13 09:07:00,630.27
2014-07-13 10:07:00,632.89
2014-07-13 11:07:00,634.29
2014-07-13 12:07:00,631.8
2014-07-13 13:07:00,632.02
2014-07-13 14:07:00,631.67
2014-07-13 15:07:00,632.6
2014-07-13 16:07:00,633.78
2014-07-13 17:07:00,690.3
2014-07-13 18:07:00,640.85
2014-07-13 19:07:00,639.34
2014-07-13 20:07:00,640.06
2014-07-13 21:07:00,645.03
2014-07-13 22:07:00,628.53
2014-07-13 23:07:00,635.35
2014-07-13 24:07:00,629.6
2014-07-14 01:07:00,634.75
2014-07-14 02:07:00,637.07
2014-07-14 03:07:00,646.23
2014-07-14 04:07:00,627.03
2014-07-14 05:07:00,627.08
2014-07-14 06:07:00,624.72
2014-07-14 07:07:00,622.24
2014-07-14 08:07:00,630.26
2014-07-14 09:07:00,631.05
2014-07-14 10:07:00,627.22
2014-07-14 11:07:00,625.54
2014-07-14 12:07:00,624.84
2014-07-14 13:07:00,622.44
2014-07-14 14:07:00,623.23
2014-07-14 15:07:00,623.35
2014-07-14 16:07:00,624.26
2014-07-14 17:07:00,632.31
2014-07-14 18:07:00,618.06
2014-07-14 19:07:00,634.06
2014-07-14 20:07:00,631.71
2014-07-14 21:07:00,620.6
2014-07-14 22:07:00,621.12
2014-07-14 23:07:00,621.76
2014-07-14 24:07:00,638.68
2014-07-15 01:07:00,628.91
2014-07-15 02:07:00,620.9
2014-07-15 03:07:00,628.63
2014-07-15 04:07:00,626.99
2014-07-15 05:07:00,620.54
2014-07-15 06:07:00,624.09
2014-07-15 07:07:00,624.7
2014-07-15 08:07:00,622.64
2014-07-15 09:07:00,624.21
2014-07-15 10:07:00,623.76
2014-07-15 11:07:00,621.62
2014-07-15 12:07:00,621.68
2014-07-15 13:07:00,622.77
2014-07-15 14:07:00,623.42
2014-07-15 15:07:00,622.54
2014-07-15 16:07:00,622.98
2014-07-15 17:07:00,630.41
2014-07-15 18:07:00,634.99
2014-07-15 19:07:00,620.58
2014-07-15 20:07:00,620.3
2014-07-15 21:07:00,620.27
2014-07-15 22:07:00,636.56
2014-07-15 23:07:00,632.52
2014-07-15 24:07:00,621.07
2014-07-16 01:07:00,620.28
2014-07-16 02:07:00,634.35
2014-07-16 03:07:00,633.31
2014-07-16 04:07:00,633.56
2014-07-16 05:07:00,630.86
2014-07-16 06:07:00,627.98
2014-07-16 07:07:00,624.46
2014-07-16 08:07:00,620.85
2014-07-16 09:07:00,619.62
2014-07-16 10:07:00,617.25
2014-07-16 11:07:00,618.22
2014-07-16 12:07:00,620.07
2014-07-16 13:07:00,618.77
2014-07-16 14:07:00,616.96
2014-07-16 15:07:00,617.24
2014-07-16 16:07:00,616.34
2014-07-16 17:07:00,614.54
2014-07-16 18:07:00,625.63
2014-07-16 19:07:00,617.07
2014-07-16 20:07:00,632
2014-07-16 21:07:00,636.09
2014-07-16 22:07:00,617.16
2014-07-16 23:07:00,633.57
2014-07-16 24:07:00,634.96
2014-07-17 01:07:00,633.53
2014-07-17 02:07:00,617.92
2014-07-17 03:07:00,627.85
2014-07-17 04:07:00,631.1
2014-07-17 05:07:00,617.55
2014-07-17 06:07:00,621.24
2014-07-17 07:07:00,622.64
2014-07-17 08:07:00,620.29
2014-07-17 09:07:00,619.14
2014-07-17 10:07:00,621.63
2014-07-17 11:07:00,616.96
2014-07-17 12:07:00,622.72
2014-07-17 13:07:00,616.35
2014-07-17 14:07:00,616.96
2014-07-17 15:07:00,617.75
2014-07-17 16:07:00,623.98
2014-07-17 17:07:00,621.04
2014-07-17 18:07:00,626.5
2014-07-17 19:07:00,628.38
2014-07-17 20:07:00,638.09
2014-07-17 21:07:00,635.62
2014-07-17 22:07:00,627.82
2014-07-17 23:07:00,639.56
2014-07-17 24:07:00,637.62
2014-07-18 01:07:00,627.82
2014-07-18 02:07:00,640.27
2014-07-18 03:07:00,626.15
2014-07-18 04:07:00,626.16
2014-07-18 05:07:00,627.56
2014-07-18 06:07:00,632.99
2014-07-18 07:07:00,632.08
2014-07-18 08:07:00,629.36
2014-07-18 09:07:00,627.89
2014-07-18 10:07:00,627.24
2014-07-18 11:07:00,626.7
2014-07-18 12:07:00,628.14
2014-07-18 13:07:00,622.36
2014-07-18 14:07:00,621.35
2014-07-18 15:07:00,621.2
2014-07-18 16:07:00,626.15
2014-07-18 17:07:00,619.7
2014-07-18 18:07:00,629.65
2014-07-18 19:07:00,634.37
2014-07-18 20:07:00,633.94
2014-07-18 21:07:00,632.16
2014-07-18 22:07:00,639.6
2014-07-18 23:07:00,626.18
2014-07-18 24:07:00,643.51
2014-07-19 01:07:00,639.25
2014-07-19 02:07:00,634.49
2014-07-19 03:07:00,629.2
2014-07-19 04:07:00,627.36
2014-07-19 05:07:00,630.42
2014-07-19 06:07:00,631.73
2014-07-19 07:07:00,628.4
2014-07-19 08:07:00,631.31
2014-07-19 09:07:00,631.28
2014-07-19 10:07:00,629.65
2014-07-19 11:07:00,628.61
2014-07-19 12:07:00,631.01
2014-07-19 13:07:00,628.04
2014-07-19 14:07:00,628.2
2014-07-19 15:07:00,631.14
2014-07-19 16:07:00,630.82
2014-07-19 17:07:00,632.67
2014-07-19 18:07:00,633.2
2014-07-19 19:07:00,638.37
2014-07-19 20:07:00,633.57
2014-07-19 21:07:00,634.55
2014-07-19 22:07:00,634.65
2014-07-19 23:07:00,640.46
2014-07-19 24:07:00,638.42
2014-07-20 01:07:00,631.72
2014-07-20 02:07:00,633.14
2014-07-20 03:07:00,635.12
2014-07-20 04:07:00,625.56
2014-07-20 05:07:00,624.75
2014-07-20 06:07:00,628.26
2014-07-20 07:07:00,625.05
2014-07-20 08:07:00,626.21
2014-07-20 09:07:00,623.55
2014-07-20 10:07:00,624.18
2014-07-20 11:07:00,624.05
2014-07-20 12:07:00,620.81
2014-07-20 13:07:00,644.21
2014-07-20 14:07:00,622.45
2014-07-20 15:07:00,621.33
2014-07-20 16:07:00,623.54
2014-07-20 17:07:00,622.82
2014-07-20 18:07:00,621.01
2014-07-20 19:07:00,630.4
2014-07-20 20:07:00,621.99
2014-07-20 21:07:00,622.67
2014-07-20 22:07:00,632.46
2014-07-20 23:07:00,631.94
2014-07-20 24:07:00,624.41
2014-07-21 01:07:00,631.8
2014-07-21 02:07:00,621.31
2014-07-21 03:07:00,625.96
2014-07-21 04:07:00,620.44
2014-07-21 05:07:00,633.73
2014-07-21 06:07:00,650.64
2014-07-21 07:07:00,618.37
2014-07-21 08:07:00,622.74
2014-07-21 09:07:00,618.05
2014-07-21 10:07:00,625.83
2014-07-21 11:07:00,621.48
2014-07-21 12:07:00,618.94
2014-07-21 13:07:00,619.74
2014-07-21 14:07:00,623.95
2014-07-21 15:07:00,620.11
2014-07-21 16:07:00,622.61
2014-07-21 17:07:00,631.98
2014-07-21 18:07:00,636.79
2014-07-21 19:07:00,631.04
2014-07-21 20:07:00,638.99
2014-07-21 21:07:00,624.79
2014-07-21 22:07:00,624.59
2014-07-21 23:07:00,643.09
2014-07-21 24:07:00,638.06
2014-07-22 01:07:00,624.86
2014-07-22 02:07:00,644.51
2014-07-22 03:07:00,637.56
2014-07-22 04:07:00,637.28
2014-07-22 05:07:00,632.87
2014-07-22 06:07:00,631.72
2014-07-22 07:07:00,634.67
2014-07-22 08:07:00,626.25
2014-07-22 09:07:00,628.97
2014-07-22 10:07:00,628.11
2014-07-22 11:07:00,626.97
2014-07-22 12:07:00,624.22
2014-07-22 13:07:00,621.1
2014-07-22 14:07:00,621.74
2014-07-22 15:07:00,623.79
2014-07-22 16:07:00,642.28
2014-07-22 17:07:00,622.28
2014-07-22 18:07:00,630.9
2014-07-22 19:07:00,633.17
2014-07-22 20:07:00,622.78
2014-07-22 21:07:00,639.21
2014-07-22 22:07:00,622.75
2014-07-22 23:07:00,636.89
2014-07-22 24:07:00,640.11
2014-07-23 01:07:00,629.25
2014-07-23 02:07:00,634.42
2014-07-23 03:07:00,633.24
2014-07-23 04:07:00,643.02
2014-07-23 05:07:00,642.62
2014-07-23 06:07:00,626.75
2014-07-23 07:07:00,628.29
2014-07-23 08:07:00,627.52
2014-07-23 09:07:00,622.14
2014-07-23 10:07:00,624.61
2014-07-23 11:07:00,628.94
2014-07-23 12:07:00,626.55
2014-07-23 13:07:00,623.21
2014-07-23 14:07:00,624.04
2014-07-23 15:07:00,624.93
2014-07-23 16:07:00,622.02
2014-07-23 17:07:00,632.47
2014-07-23 18:07:00,635.89
2014-07-23 19:07:00,621.44
2014-07-23 20:07:00,623.25
2014-07-23 21:07:00,639.5
2014-07-23 22:07:00,642.39
2014-07-23 23:07:00,645.97
2014-07-23 24:07:00,621.21
2014-07-24 01:07:00,642.75
2014-07-24 02:07:00,636.8
2014-07-24 03:07:00,626.09
2014-07-24 04:07:00,642.93
2014-07-24 05:07:00,653.49
2014-07-24 06:07:00,620.77
2014-07-24 07:07:00,629.48
2014-07-24 08:07:00,634.1
2014-07-24 09:07:00,625.93
2014-07-24 10:07:00,625.44
2014-07-24 11:07:00,625.54
2014-07-24 12:07:00,622.1
2014-07-24 13:07:00,616.71
2014-07-24 14:07:00,612.21
2014-07-24 15:07:00,609.59
2014-07-24 16:07:00,608.73
2014-07-24 17:07:00,608.67
2014-07-24 18:07:00,609.32
2014-07-24 19:07:00,604.55
2014-07-24 20:07:00,609.91
2014-07-24 21:07:00,604.18
2014-07-24 22:07:00,610.5
2014-07-24 23:07:00,607.48
2014-07-24 24:07:00,607.19
2014-07-25 01:07:00,607.85
2014-07-25 02:07:00,605.3
2014-07-25 03:07:00,610.9
2014-07-25 04:07:00,602.89
2014-07-25 05:07:00,606.83
2014-07-25 06:07:00,609.06
2014-07-25 07:07:00,608.32
2014-07-25 08:07:00,607.31
2014-07-25 09:07:00,606.85
2014-07-25 10:07:00,604.88
2014-07-25 11:07:00,599.74
2014-07-25 12:07:00,601.53
2014-07-25 13:07:00,601.91
2014-07-25 14:07:00,602.52
2014-07-25 15:07:00,603.35
2014-07-25 16:07:00,603.41
2014-07-25 17:07:00,602.91
2014-07-25 18:07:00,602.97
2014-07-25 19:07:00,610.29
2014-07-25 20:07:00,615.24
2014-07-25 21:07:00,611.15
2014-07-25 22:07:00,618.94
2014-07-25 23:07:00,614.41
2014-07-25 24:07:00,601.94
2014-07-26 01:07:00,601.63
2014-07-26 02:07:00,611.73
2014-07-26 03:07:00,601.15
2014-07-26 04:07:00,608.67
2014-07-26 05:07:00,605.77
2014-07-26 06:07:00,606.78
2014-07-26 07:07:00,605.74
2014-07-26 08:07:00,600.21
2014-07-26 09:07:00,596.55
2014-07-26 10:07:00,596.11
2014-07-26 11:07:00,595.66
2014-07-26 12:07:00,594.93
2014-07-26 13:07:00,594.11
2014-07-26 14:07:00,595.16
2014-07-26 15:07:00,596.54
2014-07-26 16:07:00,598.74
2014-07-26 17:07:00,601.89
2014-07-26 18:07:00,605.65
2014-07-26 19:07:00,607.78
2014-07-26 20:07:00,605.35
2014-07-26 21:07:00,609.99
2014-07-26 22:07:00,605.9
2014-07-26 23:07:00,607.59
2014-07-26 24:07:00,606.05
2014-07-27 01:07:00,600.78
2014-07-27 02:07:00,600.13
2014-07-27 03:07:00,596.73
2014-07-27 04:07:00,600.33
2014-07-27 05:07:00,599.52
2014-07-27 06:07:00,598.84
2014-07-27 07:07:00,599.14
2014-07-27 08:07:00,600.94
2014-07-27 09:07:00,596.82
2014-07-27 10:07:00,599.17
2014-07-27 11:07:00,600.23
2014-07-27 12:07:00,600.6
2014-07-27 13:07:00,599.24
2014-07-27 14:07:00,597.49
2014-07-27 15:07:00,597.69
2014-07-27 16:07:00,598.45
2014-07-27 17:07:00,598.01
2014-07-27 18:07:00,600.68
2014-07-27 19:07:00,599.1
2014-07-27 20:07:00,603.03
2014-07-27 21:07:00,595.46
2014-07-27 22:07:00,605.64
2014-07-27 23:07:00,599.88
2014-07-27 24:07:00,603.41
2014-07-28 01:07:00,607.62
2014-07-28 02:07:00,597.63
2014-07-28 03:07:00,594.57
2014-07-28 04:07:00,595.22
2014-07-28 05:07:00,597.89
2014-07-28 06:07:00,596.15
2014-07-28 07:07:00,592.25
2014-07-28 08:07:00,588.3
2014-07-28 09:07:00,584.6
2014-07-28 10:07:00,586.39
2014-07-28 11:07:00,580.66
2014-07-28 12:07:00,591.08
2014-07-28 13:07:00,588.23
2014-07-28 14:07:00,590.43
2014-07-28 15:07:00,583.83
2014-07-28 16:07:00,589.52
2014-07-28 17:07:00,590.79
2014-07-28 18:07:00,586.56
2014-07-28 19:07:00,596.71
2014-07-28 20:07:00,602.53
2014-07-28 21:07:00,586.9
2014-07-28 22:07:00,587.13
2014-07-28 23:07:00,614.31
2014-07-28 24:07:00,619.7
2014-07-29 01:07:00,615.88
2014-07-29 02:07:00,612.44
2014-07-29 03:07:00,588.06
2014-07-29 04:07:00,601.17
2014-07-29 05:07:00,593.66
2014-07-29 06:07:00,586.49
2014-07-29 07:07:00,611.78
2014-07-29 08:07:00,590.36
2014-07-29 09:07:00,588.81
2014-07-29 10:07:00,587.49
2014-07-29 11:07:00,587.85
2014-07-29 12:07:00,588.61
2014-07-29 13:07:00,587.25
2014-07-29 14:07:00,584.75
2014-07-29 15:07:00,585.28
2014-07-29 16:07:00,585.57
2014-07-29 17:07:00,582.08
2014-07-29 18:07:00,595.07
2014-07-29 19:07:00,594.81
2014-07-29 20:07:00,590.25
2014-07-29 21:07:00,592.97
2014-07-29 22:07:00,585.41
2014-07-29 23:07:00,585.38
2014-07-29 24:07:00,599.31
2014-07-30 01:07:00,597.18
2014-07-30 02:07:00,588.96
2014-07-30 03:07:00,590.7
2014-07-30 04:07:00,591.97
2014-07-30 05:07:00,583.58
2014-07-30 06:07:00,588.35
2014-07-30 07:07:00,586.05
2014-07-30 08:07:00,584
2014-07-30 09:07:00,587.91
2014-07-30 10:07:00,582.15
2014-07-30 11:07:00,585.7
2014-07-30 12:07:00,583.09
2014-07-30 13:07:00,581.48
2014-07-30 14:07:00,577.02
2014-07-30 15:07:00,575.28
2014-07-30 16:07:00,582.79
2014-07-30 17:07:00,587.06
2014-07-30 18:07:00,577.97
2014-07-30 19:07:00,578.06
2014-07-30 20:07:00,577.35
2014-07-30 21:07:00,590.58
2014-07-30 22:07:00,589.79
2014-07-30 23:07:00,585.38
2014-07-30 24:07:00,570.47
2014-07-31 01:07:00,586.52
2014-07-31 02:07:00,580
2014-07-31 03:07:00,572.81
2014-07-31 04:07:00,567.15
2014-07-31 05:07:00,568.96
2014-07-31 06:07:00,569.4
2014-07-31 07:07:00,570.37
2014-07-31 08:07:00,574.6
2014-07-31 09:07:00,581.54
2014-07-31 10:07:00,574.53
2014-07-31 11:07:00,575.18
2014-07-31 12:07:00,575.47
2014-07-31 13:07:00,575.8
2014-07-31 14:07:00,574.97
2014-07-31 15:07:00,576.41
2014-07-31 16:07:00,566.85
2014-07-31 17:07:00,588.24
2014-07-31 18:07:00,596.5
2014-07-31 19:07:00,603.2
2014-07-31 20:07:00,601.9
2014-07-31 21:07:00,597.56
2014-07-31 22:07:00,603.05
2014-07-31 23:07:00,591.38
2014-07-31 24:07:00,614.46
2014-08-01 01:08:00,590.36
2014-08-01 02:08:00,590.8
2014-08-01 03:08:00,588.08
2014-08-01 04:08:00,600.87
2014-08-01 05:08:00,596.03
2014-08-01 06:08:00,591.47
2014-08-01 07:08:00,597.23
2014-08-01 08:08:00,595.45
2014-08-01 09:08:00,590.45
2014-08-01 10:08:00,591.42
2014-08-01 11:08:00,591.01
2014-08-01 12:08:00,594.78
2014-08-01 13:08:00,598.26
2014-08-01 14:08:00,598.78
2014-08-01 15:08:00,599.28
2014-08-01 16:08:00,598.5
2014-08-01 17:08:00,598.26
2014-08-01 18:08:00,597.71
2014-08-01 19:08:00,602.22
2014-08-01 20:08:00,601.53
2014-08-01 21:08:00,601.33
2014-08-01 22:08:00,606.19
2014-08-01 23:08:00,610.1
2014-08-01 24:08:00,600.59
2014-08-02 01:08:00,611.75
2014-08-02 02:08:00,616.95
2014-08-02 03:08:00,605.33
2014-08-02 04:08:00,606.7
2014-08-02 05:08:00,597.15
2014-08-02 06:08:00,609.45
2014-08-02 07:08:00,604.12
2014-08-02 08:08:00,597.22
2014-08-02 09:08:00,599.86
2014-08-02 10:08:00,600.66
2014-08-02 11:08:00,594.26
2014-08-02 12:08:00,605.73
2014-08-02 13:08:00,596.73
2014-08-02 14:08:00,590.41
2014-08-02 15:08:00,591.1
2014-08-02 16:08:00,590.98
2014-08-02 17:08:00,605.51
2014-08-02 18:08:00,585.91
2014-08-02 19:08:00,586.87
2014-08-02 20:08:00,609.46
2014-08-02 21:08:00,617.05
2014-08-02 22:08:00,618.76
2014-08-02 23:08:00,610.07
2014-08-02 24:08:00,617.94
2014-08-03 01:08:00,628
2014-08-03 02:08:00,590.4
2014-08-03 03:08:00,608.72
2014-08-03 04:08:00,609.87
2014-08-03 05:08:00,626.21
2014-08-03 06:08:00,590.27
2014-08-03 07:08:00,604.09
2014-08-03 08:08:00,589.72
2014-08-03 09:08:00,604.39
2014-08-03 10:08:00,591.49
2014-08-03 11:08:00,589.87
2014-08-03 12:08:00,587.08
2014-08-03 13:08:00,587.48
2014-08-03 14:08:00,583.97
2014-08-03 15:08:00,586.12
2014-08-03 16:08:00,586.74
2014-08-03 17:08:00,587.3
2014-08-03 18:08:00,589.31
2014-08-03 19:08:00,591.23
2014-08-03 20:08:00,589.48
2014-08-03 21:08:00,598.08
2014-08-03 22:08:00,601.86
2014-08-03 23:08:00,613.48
2014-08-03 24:08:00,590.63
2014-08-04 01:08:00,589.53
2014-08-04 02:08:00,632.62
2014-08-04 03:08:00,589.22
2014-08-04 04:08:00,599
2014-08-04 05:08:00,605.84
2014-08-04 06:08:00,600.15
2014-08-04 07:08:00,601.78
2014-08-04 08:08:00,601.81
2014-08-04 09:08:00,595.54
2014-08-04 10:08:00,589.81
2014-08-04 11:08:00,590.46
2014-08-04 12:08:00,589.23
2014-08-04 13:08:00,587.39
2014-08-04 14:08:00,589.37
2014-08-04 15:08:00,590.47
2014-08-04 16:08:00,592.76
2014-08-04 17:08:00,592.43
2014-08-04 18:08:00,594.07
2014-08-04 19:08:00,601.24
2014-08-04 20:08:00,611.18
2014-08-04 21:08:00,592.64
2014-08-04 22:08:00,604.83
2014-08-04 23:08:00,623.56
2014-08-04 24:08:00,612.11
2014-08-05 01:08:00,613.25
2014-08-05 02:08:00,613.57
2014-08-05 03:08:00,607.77
2014-08-05 04:08:00,591.31
2014-08-05 05:08:00,590.9
2014-08-05 06:08:00,591.7
2014-08-05 07:08:00,589.2
2014-08-05 08:08:00,595.71
2014-08-05 09:08:00,593.14
2014-08-05 10:08:00,591.4
2014-08-05 11:08:00,591.07
2014-08-05 12:08:00,589.5
2014-08-05 13:08:00,590.85
2014-08-05 14:08:00,590.52
2014-08-05 15:08:00,589.06
2014-08-05 16:08:00,588.12
2014-08-05 17:08:00,588.1
2014-08-05 18:08:00,597.54
2014-08-05 19:08:00,598.43
2014-08-05 20:08:00,605.12
2014-08-05 21:08:00,604.57
2014-08-05 22:08:00,601.98
2014-08-05 23:08:00,588.17
2014-08-05 24:08:00,589.01
2014-08-06 01:08:00,588.96
2014-08-06 02:08:00,589.05
2014-08-06 03:08:00,606.54
2014-08-06 04:08:00,597.53
2014-08-06 05:08:00,601.73
2014-08-06 06:08:00,595.99
2014-08-06 07:08:00,589.56
2014-08-06 08:08:00,589.2
2014-08-06 09:08:00,589.62
2014-08-06 10:08:00,594.38
2014-08-06 11:08:00,588.96
2014-08-06 12:08:00,587.94
2014-08-06 13:08:00,587.74
2014-08-06 14:08:00,588.59
2014-08-06 15:08:00,591.43
2014-08-06 16:08:00,593.91
2014-08-06 17:08:00,590.06
2014-08-06 18:08:00,596.77
2014-08-06 19:08:00,594.77
2014-08-06 20:08:00,591.81
2014-08-06 21:08:00,600.38
2014-08-06 22:08:00,590.5
2014-08-06 23:08:00,590.09
2014-08-06 24:08:00,588.77
2014-08-07 01:08:00,589.32
2014-08-07 02:08:00,588.66
2014-08-07 03:08:00,589.82
2014-08-07 04:08:00,589.66
2014-08-07 05:08:00,589.26
2014-08-07 06:08:00,597.47
2014-08-07 07:08:00,588.98
2014-08-07 08:08:00,587.81
2014-08-07 09:08:00,589.56
2014-08-07 10:08:00,588.75
2014-08-07 11:08:00,589.13
2014-08-07 12:08:00,589.15
2014-08-07 13:08:00,588.29
2014-08-07 14:08:00,589.31
2014-08-07 15:08:00,589.77
2014-08-07 16:08:00,589.67
2014-08-07 17:08:00,589.51
2014-08-07 18:08:00,599.07
2014-08-07 19:08:00,591.47
2014-08-07 20:08:00,592.9
2014-08-07 21:08:00,593.59
2014-08-07 22:08:00,592.49
2014-08-07 23:08:00,592.75
2014-08-07 24:08:00,595.05
2014-08-08 01:08:00,594.53
2014-08-08 02:08:00,607.91
2014-08-08 03:08:00,607.93
2014-08-08 04:08:00,594.07
2014-08-08 05:08:00,604.04
2014-08-08 06:08:00,608.42
2014-08-08 07:08:00,604.79
2014-08-08 08:08:00,605.32
2014-08-08 09:08:00,603.19
2014-08-08 10:08:00,604.54
2014-08-08 11:08:00,600.62
2014-08-08 12:08:00,598.91
2014-08-08 13:08:00,595.36
2014-08-08 14:08:00,594.87
2014-08-08 15:08:00,594.93
2014-08-08 16:08:00,599.6
2014-08-08 17:08:00,602.37
2014-08-08 18:08:00,603.49
2014-08-08 19:08:00,594.84
2014-08-08 20:08:00,594.14
2014-08-08 21:08:00,611.41
2014-08-08 22:08:00,610.81
2014-08-08 23:08:00,615.69
2014-08-08 24:08:00,596.14
2014-08-09 01:08:00,596.24
2014-08-09 02:08:00,595.77
2014-08-09 03:08:00,597.09
2014-08-09 04:08:00,591.13
2014-08-09 05:08:00,590.39
2014-08-09 06:08:00,591.28
2014-08-09 07:08:00,591.14
2014-08-09 08:08:00,588.7
2014-08-09 09:08:00,592.1
2014-08-09 10:08:00,594.42
2014-08-09 11:08:00,588.97
2014-08-09 12:08:00,587.58
2014-08-09 13:08:00,592.02
2014-08-09 14:08:00,588.49
2014-08-09 15:08:00,586.53
2014-08-09 16:08:00,589.38
2014-08-09 17:08:00,617.95
2014-08-09 18:08:00,589.85
2014-08-09 19:08:00,590.79
2014-08-09 20:08:00,590.23
2014-08-09 21:08:00,626.49
2014-08-09 22:08:00,626.51
2014-08-09 23:08:00,600.16
2014-08-09 24:08:00,589.94
2014-08-10 01:08:00,589.97
2014-08-10 02:08:00,589.8
2014-08-10 03:08:00,589.26
2014-08-10 04:08:00,590.51
2014-08-10 05:08:00,601.78
2014-08-10 06:08:00,594.41
2014-08-10 07:08:00,590.79
2014-08-10 08:08:00,599.56
2014-08-10 09:08:00,588.75
2014-08-10 10:08:00,589.78
2014-08-10 11:08:00,592.37
2014-08-10 12:08:00,593.76
2014-08-10 13:08:00,594.06
2014-08-10 14:08:00,595.91
2014-08-10 15:08:00,595.92
2014-08-10 16:08:00,594.82
2014-08-10 17:08:00,592.01
2014-08-10 18:08:00,598.74
2014-08-10 19:08:00,592.26
2014-08-10 20:08:00,591.79
2014-08-10 21:08:00,591.7
2014-08-10 22:08:00,629.47
2014-08-10 23:08:00,591.37
2014-08-10 24:08:00,591.39
2014-08-11 01:08:00,591.11
2014-08-11 02:08:00,599.34
2014-08-11 03:08:00,593.15
2014-08-11 04:08:00,592.26
2014-08-11 05:08:00,590.99
2014-08-11 06:08:00,591.99
2014-08-11 07:08:00,592.72
2014-08-11 08:08:00,590.46
2014-08-11 09:08:00,589.62
2014-08-11 10:08:00,591.81
2014-08-11 11:08:00,591.89
2014-08-11 12:08:00,589.9
2014-08-11 13:08:00,591.57
2014-08-11 14:08:00,594.27
2014-08-11 15:08:00,593.83
2014-08-11 16:08:00,591.13
2014-08-11 17:08:00,589.13
2014-08-11 18:08:00,588.94
2014-08-11 19:08:00,588.55
2014-08-11 20:08:00,587.77
2014-08-11 21:08:00,582.15
2014-08-11 22:08:00,582.1
2014-08-11 23:08:00,595.62
2014-08-11 24:08:00,594.66
2014-08-12 01:08:00,576.57
2014-08-12 02:08:00,573.31
2014-08-12 03:08:00,575.61
2014-08-12 04:08:00,574.11
2014-08-12 05:08:00,571.34
2014-08-12 06:08:00,573.16
2014-08-12 07:08:00,567.4
2014-08-12 08:08:00,570.69
2014-08-12 09:08:00,568.53
2014-08-12 10:08:00,568.55
2014-08-12 11:08:00,571.97
2014-08-12 12:08:00,564.08
2014-08-12 13:08:00,568.45
2014-08-12 14:08:00,571.21
2014-08-12 15:08:00,568.42
2014-08-12 16:08:00,571.46
2014-08-12 17:08:00,567.47
2014-08-12 18:08:00,565.81
2014-08-12 19:08:00,566.46
2014-08-12 20:08:00,569.44
2014-08-12 21:08:00,567.18
2014-08-12 22:08:00,567.87
2014-08-12 23:08:00,567.58
2014-08-12 24:08:00,588.95
2014-08-13 01:08:00,569.16
2014-08-13 02:08:00,567.94
2014-08-13 03:08:00,577.81
2014-08-13 04:08:00,578.31
2014-08-13 05:08:00,576.51
2014-08-13 06:08:00,579.93
2014-08-13 07:08:00,567.04
2014-08-13 08:08:00,554.58
2014-08-13 09:08:00,554.14
2014-08-13 10:08:00,554.32
2014-08-13 11:08:00,555.03
2014-08-13 12:08:00,554.41
2014-08-13 13:08:00,551.44
2014-08-13 14:08:00,550.12
2014-08-13 15:08:00,550.21
2014-08-13 16:08:00,537.14
2014-08-13 17:08:00,534.63
2014-08-13 18:08:00,549.53
2014-08-13 19:08:00,537.17
2014-08-13 20:08:00,540.61
2014-08-13 21:08:00,541.55
2014-08-13 22:08:00,543.31
2014-08-13 23:08:00,560.97
2014-08-13 24:08:00,538.85
2014-08-14 01:08:00,542.61
2014-08-14 02:08:00,541.21
2014-08-14 03:08:00,561.67
2014-08-14 04:08:00,538.5
2014-08-14 05:08:00,531.64
2014-08-14 06:08:00,532.83
2014-08-14 07:08:00,533.73
2014-08-14 08:08:00,531.24
2014-08-14 09:08:00,531.48
2014-08-14 10:08:00,525.6
2014-08-14 11:08:00,516.06
2014-08-14 12:08:00,511.41
2014-08-14 13:08:00,517.64
2014-08-14 14:08:00,516.65
2014-08-14 15:08:00,516.43
2014-08-14 16:08:00,513.44
2014-08-14 17:08:00,508.42
2014-08-14 18:08:00,502.47
2014-08-14 19:08:00,506.41
2014-08-14 20:08:00,513.72
2014-08-14 21:08:00,512.69
2014-08-14 22:08:00,517.93
2014-08-14 23:08:00,510.05
2014-08-14 24:08:00,508.81
2014-08-15 01:08:00,514.5
2014-08-15 02:08:00,507.62
2014-08-15 03:08:00,508.48
2014-08-15 04:08:00,510.81
2014-08-15 05:08:00,517.29
2014-08-15 06:08:00,511.23
2014-08-15 07:08:00,511.61
2014-08-15 08:08:00,511.78
2014-08-15 09:08:00,508.47
2014-08-15 10:08:00,511.66
2014-08-15 11:08:00,513.36
2014-08-15 12:08:00,513.53
2014-08-15 13:08:00,506.88
2014-08-15 14:08:00,508.58
2014-08-15 15:08:00,505.29
2014-08-15 16:08:00,503.97
2014-08-15 17:08:00,517.37
2014-08-15 18:08:00,508.2
2014-08-15 19:08:00,501.69
2014-08-15 20:08:00,491.24
2014-08-15 21:08:00,492.39
2014-08-15 22:08:00,506.98
2014-08-15 23:08:00,511.74
2014-08-15 24:08:00,514.06
2014-08-16 01:08:00,504.75
2014-08-16 02:08:00,495.73
2014-08-16 03:08:00,503.13
2014-08-16 04:08:00,490.76
2014-08-16 05:08:00,489.81
2014-08-16 06:08:00,491.45
2014-08-16 07:08:00,498.4
2014-08-16 08:08:00,499.01
2014-08-16 09:08:00,486.18
2014-08-16 10:08:00,489.84
2014-08-16 11:08:00,488.58
2014-08-16 12:08:00,486.95
2014-08-16 13:08:00,488.72
2014-08-16 14:08:00,491.54
2014-08-16 15:08:00,499.52
2014-08-16 16:08:00,506.81
2014-08-16 17:08:00,509.35
2014-08-16 18:08:00,503.66
2014-08-16 19:08:00,517.71
2014-08-16 20:08:00,508.2
2014-08-16 21:08:00,506.23
2014-08-16 22:08:00,526.15
2014-08-16 23:08:00,507.17
2014-08-16 24:08:00,521.02
2014-08-17 01:08:00,521.45
2014-08-17 02:08:00,532.14
2014-08-17 03:08:00,522.18
2014-08-17 04:08:00,520.61
2014-08-17 05:08:00,519.01
2014-08-17 06:08:00,525.91
2014-08-17 07:08:00,523.79
2014-08-17 08:08:00,519.51
2014-08-17 09:08:00,516.03
2014-08-17 10:08:00,506.74
2014-08-17 11:08:00,501.95
2014-08-17 12:08:00,507.05
2014-08-17 13:08:00,508.12
2014-08-17 14:08:00,504.27
2014-08-17 15:08:00,495.99
2014-08-17 16:08:00,491.72
2014-08-17 17:08:00,495.27
2014-08-17 18:08:00,489.47
2014-08-17 19:08:00,490.67
2014-08-17 20:08:00,500.56
2014-08-17 21:08:00,495.1
2014-08-17 22:08:00,501.86
2014-08-17 23:08:00,497.81
2014-08-17 24:08:00,495.34
2014-08-18 01:08:00,496.48
2014-08-18 02:08:00,507.72
2014-08-18 03:08:00,488
2014-08-18 04:08:00,490.57
2014-08-18 05:08:00,492.82
2014-08-18 06:08:00,482.49
2014-08-18 07:08:00,491.65
2014-08-18 08:08:00,483.59
2014-08-18 09:08:00,486.51
2014-08-18 10:08:00,486.24
2014-08-18 11:08:00,483.53
2014-08-18 12:08:00,472.78
2014-08-18 13:08:00,467.85
2014-08-18 14:08:00,467.68
2014-08-18 15:08:00,461.27
2014-08-18 16:08:00,456.77
2014-08-18 17:08:00,465.64
2014-08-18 18:08:00,461.23
2014-08-18 19:08:00,463.91
2014-08-18 20:08:00,460.06
2014-08-18 21:08:00,471.3
2014-08-18 22:08:00,459.93
2014-08-18 23:08:00,475.72
2014-08-18 24:08:00,472.7
2014-08-19 01:08:00,468.24
2014-08-19 02:08:00,470.49
2014-08-19 03:08:00,461.07
2014-08-19 04:08:00,477.31
2014-08-19 05:08:00,467.74
2014-08-19 06:08:00,488.05
2014-08-19 07:08:00,461.37
2014-08-19 08:08:00,470.71
2014-08-19 09:08:00,472.33
2014-08-19 10:08:00,469.73
2014-08-19 11:08:00,470.15
2014-08-19 12:08:00,474.38
2014-08-19 13:08:00,476.03
2014-08-19 14:08:00,478.98
2014-08-19 15:08:00,475.69
2014-08-19 16:08:00,478.75
2014-08-19 17:08:00,486.64
2014-08-19 18:08:00,477.74
2014-08-19 19:08:00,494.22
2014-08-19 20:08:00,495.92
2014-08-19 21:08:00,493.09
2014-08-19 22:08:00,481.5
2014-08-19 23:08:00,483.19
2014-08-19 24:08:00,502.88
2014-08-20 01:08:00,509.51
2014-08-20 02:08:00,480.2
2014-08-20 03:08:00,497.65
2014-08-20 04:08:00,502.41
2014-08-20 05:08:00,516.87
2014-08-20 06:08:00,485.52
2014-08-20 07:08:00,478.9
2014-08-20 08:08:00,474.92
2014-08-20 09:08:00,476.82
2014-08-20 10:08:00,474.09
2014-08-20 11:08:00,471.05
2014-08-20 12:08:00,475.52
2014-08-20 13:08:00,477.25
2014-08-20 14:08:00,482.27
2014-08-20 15:08:00,482.85
2014-08-20 16:08:00,492.04
2014-08-20 17:08:00,503.49
2014-08-20 18:08:00,510.65
2014-08-20 19:08:00,521.57
2014-08-20 20:08:00,505.65
2014-08-20 21:08:00,526.8
2014-08-20 22:08:00,525.56
2014-08-20 23:08:00,524.15
2014-08-20 24:08:00,519.86
2014-08-21 01:08:00,510.77
2014-08-21 02:08:00,524.92
2014-08-21 03:08:00,528.8
2014-08-21 04:08:00,527.91
2014-08-21 05:08:00,534.24
2014-08-21 06:08:00,534.47
2014-08-21 07:08:00,523.69
2014-08-21 08:08:00,525.79
2014-08-21 09:08:00,518.44
2014-08-21 10:08:00,519.63
2014-08-21 11:08:00,521.85
2014-08-21 12:08:00,515.35
2014-08-21 13:08:00,518.31
2014-08-21 14:08:00,522.01
2014-08-21 15:08:00,526.82
2014-08-21 16:08:00,528.47
2014-08-21 17:08:00,532.18
2014-08-21 18:08:00,524.5
2014-08-21 19:08:00,537.43
2014-08-21 20:08:00,534.09
2014-08-21 21:08:00,523.44
2014-08-21 22:08:00,525.13
2014-08-21 23:08:00,522.19
2014-08-21 24:08:00,532.91
2014-08-22 01:08:00,533.37
2014-08-22 02:08:00,518.7
2014-08-22 03:08:00,517.95
2014-08-22 04:08:00,533.09
2014-08-22 05:08:00,515.41
2014-08-22 06:08:00,518.03
2014-08-22 07:08:00,515.94
2014-08-22 08:08:00,504.97
2014-08-22 09:08:00,503.91
2014-08-22 10:08:00,507.35
2014-08-22 11:08:00,508.36
2014-08-22 12:08:00,511.96
2014-08-22 13:08:00,512.06
2014-08-22 14:08:00,508.16
2014-08-22 15:08:00,511.33
2014-08-22 16:08:00,515.08
2014-08-22 17:08:00,521.1
2014-08-22 18:08:00,520.24
2014-08-22 19:08:00,529.47
2014-08-22 20:08:00,520.17
2014-08-22 21:08:00,516.79
2014-08-22 22:08:00,523.13
2014-08-22 23:08:00,516.36
2014-08-22 24:08:00,517.57
2014-08-23 01:08:00,519.23
2014-08-23 02:08:00,525.75
2014-08-23 03:08:00,523.64
2014-08-23 04:08:00,519.17
2014-08-23 05:08:00,516.04
2014-08-23 06:08:00,516.82
2014-08-23 07:08:00,511.03
2014-08-23 08:08:00,509.31
2014-08-23 09:08:00,512.82
2014-08-23 10:08:00,505.06
2014-08-23 11:08:00,502.51
2014-08-23 12:08:00,500.06
2014-08-23 13:08:00,502.57
2014-08-23 14:08:00,503.73
2014-08-23 15:08:00,507.88
2014-08-23 16:08:00,505.34
2014-08-23 17:08:00,519.2
2014-08-23 18:08:00,524.32
2014-08-23 19:08:00,524.35
2014-08-23 20:08:00,526.87
2014-08-23 21:08:00,511.33
2014-08-23 22:08:00,510.11
2014-08-23 23:08:00,501.92
2014-08-23 24:08:00,502.84
2014-08-24 01:08:00,498.66
2014-08-24 02:08:00,505.89
2014-08-24 03:08:00,508.22
2014-08-24 04:08:00,520.17
2014-08-24 05:08:00,510.1
2014-08-24 06:08:00,509.13
2014-08-24 07:08:00,507.78
2014-08-24 08:08:00,512.96
2014-08-24 09:08:00,507.84
2014-08-24 10:08:00,507.19
2014-08-24 11:08:00,498.84
2014-08-24 12:08:00,501.98
2014-08-24 13:08:00,504.82
2014-08-24 14:08:00,500.82
2014-08-24 15:08:00,505.11
2014-08-24 16:08:00,504.98
2014-08-24 17:08:00,506.45
2014-08-24 18:08:00,503.81
2014-08-24 19:08:00,518.85
2014-08-24 20:08:00,509.98
2014-08-24 21:08:00,511.76
2014-08-24 22:08:00,520.91
2014-08-24 23:08:00,524.11
2014-08-24 24:08:00,510.64
2014-08-25 01:08:00,524.2
2014-08-25 02:08:00,526.65
2014-08-25 03:08:00,509.18
2014-08-25 04:08:00,507.26
2014-08-25 05:08:00,514.14
2014-08-25 06:08:00,511.68
2014-08-25 07:08:00,515.17
2014-08-25 08:08:00,529.13
2014-08-25 09:08:00,515.29
2014-08-25 10:08:00,504.73
2014-08-25 11:08:00,503.29
2014-08-25 12:08:00,504.41
2014-08-25 13:08:00,506.68
2014-08-25 14:08:00,505.14
2014-08-25 15:08:00,504.44
2014-08-25 16:08:00,507.91
2014-08-25 17:08:00,525.85
2014-08-25 18:08:00,518.81
2014-08-25 19:08:00,522.04
2014-08-25 20:08:00,532.5
2014-08-25 21:08:00,538.5
2014-08-25 22:08:00,502.95
2014-08-25 23:08:00,503.32
2014-08-25 24:08:00,533.85
2014-08-26 01:08:00,522.99
2014-08-26 02:08:00,501.47
2014-08-26 03:08:00,518.44
2014-08-26 04:08:00,526.62
2014-08-26 05:08:00,519.75
2014-08-26 06:08:00,509.4
2014-08-26 07:08:00,523.94
2014-08-26 08:08:00,512.53
2014-08-26 09:08:00,506.33
2014-08-26 10:08:00,508.29
2014-08-26 11:08:00,506.78
2014-08-26 12:08:00,507.93
2014-08-26 13:08:00,507.13
2014-08-26 14:08:00,511.14
2014-08-26 15:08:00,510.66
2014-08-26 16:08:00,511.51
2014-08-26 17:08:00,524.79
2014-08-26 18:08:00,525.73
2014-08-26 19:08:00,521.3
2014-08-26 20:08:00,531.99
2014-08-26 21:08:00,529.5
2014-08-26 22:08:00,512.18
2014-08-26 23:08:00,539.81
2014-08-26 24:08:00,511.84
2014-08-27 01:08:00,510.19
2014-08-27 02:08:00,529.29
2014-08-27 03:08:00,512.48
2014-08-27 04:08:00,527.55
2014-08-27 05:08:00,522.76
2014-08-27 06:08:00,520.02
2014-08-27 07:08:00,519.85
2014-08-27 08:08:00,518.32
2014-08-27 09:08:00,519.48
2014-08-27 10:08:00,524.71
2014-08-27 11:08:00,524.62
2014-08-27 12:08:00,525.91
2014-08-27 13:08:00,525.2
2014-08-27 14:08:00,522.98
2014-08-27 15:08:00,522.26
2014-08-27 16:08:00,520.36
2014-08-27 17:08:00,526.45
2014-08-27 18:08:00,516.07
2014-08-27 19:08:00,514.8
2014-08-27 20:08:00,515.6
2014-08-27 21:08:00,536.62
2014-08-27 22:08:00,515.67
2014-08-27 23:08:00,529.08
2014-08-27 24:08:00,517.07
2014-08-28 01:08:00,536.9
2014-08-28 02:08:00,524.87
2014-08-28 03:08:00,521.07
2014-08-28 04:08:00,518.2
2014-08-28 05:08:00,523.28
2014-08-28 06:08:00,521.17
2014-08-28 07:08:00,524.08
2014-08-28 08:08:00,505.59
2014-08-28 09:08:00,523
2014-08-28 10:08:00,522.34
2014-08-28 11:08:00,514.65
2014-08-28 12:08:00,519.72
2014-08-28 13:08:00,517.99
2014-08-28 14:08:00,516.29
2014-08-28 15:08:00,513.1
2014-08-28 16:08:00,516.58
2014-08-28 17:08:00,516.53
2014-08-28 18:08:00,518.08
2014-08-28 19:08:00,509.97
2014-08-28 20:08:00,522.56
2014-08-28 21:08:00,529.16
2014-08-28 22:08:00,512.48
2014-08-28 23:08:00,529.33
2014-08-28 24:08:00,511.64
2014-08-29 01:08:00,521.41
2014-08-29 02:08:00,511.7
2014-08-29 03:08:00,510.04
2014-08-29 04:08:00,531.73
2014-08-29 05:08:00,524.52
2014-08-29 06:08:00,515.91
2014-08-29 07:08:00,515.68
2014-08-29 08:08:00,516.11
2014-08-29 09:08:00,515.09
2014-08-29 10:08:00,508.61
2014-08-29 11:08:00,511.17
2014-08-29 12:08:00,508.67
2014-08-29 13:08:00,508.82
2014-08-29 14:08:00,509.58
2014-08-29 15:08:00,509.89
2014-08-29 16:08:00,511.49
2014-08-29 17:08:00,517.39
2014-08-29 18:08:00,516.35
2014-08-29 19:08:00,516.15
2014-08-29 20:08:00,521.66
2014-08-29 21:08:00,513.49
2014-08-29 22:08:00,513.17
2014-08-29 23:08:00,522.96
2014-08-29 24:08:00,512.51
2014-08-30 01:08:00,512.31
2014-08-30 02:08:00,511.16
2014-08-30 03:08:00,517.38
2014-08-30 04:08:00,523.99
2014-08-30 05:08:00,529.47
2014-08-30 06:08:00,519.96
2014-08-30 07:08:00,508.51
2014-08-30 08:08:00,507.89
2014-08-30 09:08:00,504.87
2014-08-30 10:08:00,506.78
2014-08-30 11:08:00,506.34
2014-08-30 12:08:00,505.97
2014-08-30 13:08:00,505.9
2014-08-30 14:08:00,504.55
2014-08-30 15:08:00,504.13
2014-08-30 16:08:00,505.31
2014-08-30 17:08:00,505.85
2014-08-30 18:08:00,505.66
2014-08-30 19:08:00,503.46
2014-08-30 20:08:00,505.27
2014-08-30 21:08:00,506.88
2014-08-30 22:08:00,505.13
2014-08-30 23:08:00,505.71
2014-08-30 24:08:00,505.9
2014-08-31 01:08:00,504.93
2014-08-31 02:08:00,505.55
2014-08-31 03:08:00,504.54
2014-08-31 04:08:00,503.99
2014-08-31 05:08:00,506.01
2014-08-31 06:08:00,505.89
2014-08-31 07:08:00,504.12
2014-08-31 08:08:00,504.18
2014-08-31 09:08:00,500.79
2014-08-31 10:08:00,497.88
2014-08-31 11:08:00,492.25
2014-08-31 12:08:00,493.02
2014-08-31 13:08:00,492.57
2014-08-31 14:08:00,491.94
2014-08-31 15:08:00,495.64
2014-08-31 16:08:00,494.33
2014-08-31 17:08:00,489.78
2014-08-31 18:08:00,486.95
2014-08-31 19:08:00,487.8
2014-08-31 20:08:00,486.33
2014-08-31 21:08:00,480.74
2014-08-31 22:08:00,480.95
2014-08-31 23:08:00,482
2014-08-31 24:08:00,481.79
2014-09-01 01:09:00,482.65
2014-09-01 02:09:00,484.19
2014-09-01 03:09:00,481
2014-09-01 04:09:00,482.55
2014-09-01 05:09:00,482.99
2014-09-01 06:09:00,477.36
2014-09-01 07:09:00,476
2014-09-01 08:09:00,475.93
2014-09-01 09:09:00,475.65
2014-09-01 10:09:00,477.96
2014-09-01 11:09:00,479.8
2014-09-01 12:09:00,479.46
2014-09-01 13:09:00,484.91
2014-09-01 14:09:00,482.41
2014-09-01 15:09:00,481.62
2014-09-01 16:09:00,480.8
2014-09-01 17:09:00,480.99
2014-09-01 18:09:00,483.33
2014-09-01 19:09:00,483.13
2014-09-01 20:09:00,482.57
2014-09-01 21:09:00,483.13
2014-09-01 22:09:00,480.66
2014-09-01 23:09:00,481.37
2014-09-01 24:09:00,480.67
2014-09-02 01:09:00,481.77
2014-09-02 02:09:00,478.78
2014-09-02 03:09:00,475
2014-09-02 04:09:00,474.43
2014-09-02 05:09:00,476.39
2014-09-02 06:09:00,477.36
2014-09-02 07:09:00,477.83
2014-09-02 08:09:00,476.74
2014-09-02 09:09:00,479.04
2014-09-02 10:09:00,477.5
2014-09-02 11:09:00,476.57
2014-09-02 12:09:00,479.38
2014-09-02 13:09:00,479.29
2014-09-02 14:09:00,479.59
2014-09-02 15:09:00,479.17
2014-09-02 16:09:00,479.16
2014-09-02 17:09:00,478.71
2014-09-02 18:09:00,479.19
2014-09-02 19:09:00,491
2014-09-02 20:09:00,496.46
2014-09-02 21:09:00,507.1
2014-09-02 22:09:00,503.51
2014-09-02 23:09:00,499.98
2014-09-02 24:09:00,495.63
2014-09-03 01:09:00,502.21
2014-09-03 02:09:00,493.7
2014-09-03 03:09:00,490.61
2014-09-03 04:09:00,493.36
2014-09-03 05:09:00,505.81
2014-09-03 06:09:00,505.49
2014-09-03 07:09:00,494.86
2014-09-03 08:09:00,490.12
2014-09-03 09:09:00,490.58
2014-09-03 10:09:00,484.5
2014-09-03 11:09:00,487.89
2014-09-03 12:09:00,482.59
2014-09-03 13:09:00,482.37
2014-09-03 14:09:00,481.63
2014-09-03 15:09:00,483.1
2014-09-03 16:09:00,491.92
2014-09-03 17:09:00,490.49
2014-09-03 18:09:00,491.42
2014-09-03 19:09:00,495.9
2014-09-03 20:09:00,495.69
2014-09-03 21:09:00,491.4
2014-09-03 22:09:00,495.26
2014-09-03 23:09:00,495.89
2014-09-03 24:09:00,502.24
2014-09-04 01:09:00,487.08
2014-09-04 02:09:00,494.66
2014-09-04 03:09:00,493.47
2014-09-04 04:09:00,486.45
2014-09-04 05:09:00,487.89
2014-09-04 06:09:00,485.39
2014-09-04 07:09:00,485.18
2014-09-04 08:09:00,482.86
2014-09-04 09:09:00,480.65
2014-09-04 10:09:00,482.8
2014-09-04 11:09:00,481.29
2014-09-04 12:09:00,483.07
2014-09-04 13:09:00,482.72
2014-09-04 14:09:00,485.7
2014-09-04 15:09:00,486.67
2014-09-04 16:09:00,487.49
2014-09-04 17:09:00,488.9
2014-09-04 18:09:00,494.42
2014-09-04 19:09:00,502.28
2014-09-04 20:09:00,501.85
2014-09-04 21:09:00,496.78
2014-09-04 22:09:00,502.38
2014-09-04 23:09:00,504.86
2014-09-04 24:09:00,499.45
2014-09-05 01:09:00,494.21
2014-09-05 02:09:00,501.18
2014-09-05 03:09:00,500.15
2014-09-05 04:09:00,492.15
2014-09-05 05:09:00,495.46
2014-09-05 06:09:00,496.15
2014-09-05 07:09:00,494.69
2014-09-05 08:09:00,495.26
2014-09-05 09:09:00,496.42
2014-09-05 10:09:00,496.68
2014-09-05 11:09:00,493.09
2014-09-05 12:09:00,495.38
2014-09-05 13:09:00,499.08
2014-09-05 14:09:00,491.87
2014-09-05 15:09:00,491.59
2014-09-05 16:09:00,501.83
2014-09-05 17:09:00,507.04
2014-09-05 18:09:00,515.02
2014-09-05 19:09:00,505.53
2014-09-05 20:09:00,500.19
2014-09-05 21:09:00,504.15
2014-09-05 22:09:00,505.67
2014-09-05 23:09:00,497.15
2014-09-05 24:09:00,507.63
2014-09-06 01:09:00,502.92
2014-09-06 02:09:00,495.24
2014-09-06 03:09:00,505.74
2014-09-06 04:09:00,495.33
2014-09-06 05:09:00,494.86
2014-09-06 06:09:00,494.32
2014-09-06 07:09:00,493.3
2014-09-06 08:09:00,492.86
2014-09-06 09:09:00,490.59
2014-09-06 10:09:00,487.13
2014-09-06 11:09:00,485.49
2014-09-06 12:09:00,483.78
2014-09-06 13:09:00,486.54
2014-09-06 14:09:00,488.05
2014-09-06 15:09:00,482.33
2014-09-06 16:09:00,485.94
2014-09-06 17:09:00,498.17
2014-09-06 18:09:00,507.82
2014-09-06 19:09:00,512.96
2014-09-06 20:09:00,514.35
2014-09-06 21:09:00,505.24
2014-09-06 22:09:00,506.75
2014-09-06 23:09:00,493.06
2014-09-06 24:09:00,501.05
2014-09-07 01:09:00,496.64
2014-09-07 02:09:00,500.13
2014-09-07 03:09:00,501.27
2014-09-07 04:09:00,486.94
2014-09-07 05:09:00,503.11
2014-09-07 06:09:00,496.32
2014-09-07 07:09:00,493.91
2014-09-07 08:09:00,492.73
2014-09-07 09:09:00,489.31
2014-09-07 10:09:00,489.39
2014-09-07 11:09:00,490.24
2014-09-07 12:09:00,487.13
2014-09-07 13:09:00,488.71
2014-09-07 14:09:00,488.58
2014-09-07 15:09:00,488.61
2014-09-07 16:09:00,489.33
2014-09-07 17:09:00,493.51
2014-09-07 18:09:00,501.79
2014-09-07 19:09:00,501.56
2014-09-07 20:09:00,485.26
2014-09-07 21:09:00,500.42
2014-09-07 22:09:00,484.85
2014-09-07 23:09:00,492.44
2014-09-07 24:09:00,490.4
2014-09-08 01:09:00,485.79
2014-09-08 02:09:00,496.64
2014-09-08 03:09:00,488.25
2014-09-08 04:09:00,484.13
2014-09-08 05:09:00,482.32
2014-09-08 06:09:00,482.02
2014-09-08 07:09:00,486.83
2014-09-08 08:09:00,485.63
2014-09-08 09:09:00,480.75
2014-09-08 10:09:00,481.8
2014-09-08 11:09:00,478.74
2014-09-08 12:09:00,479.43
2014-09-08 13:09:00,471.41
2014-09-08 14:09:00,471.82
2014-09-08 15:09:00,475.99
2014-09-08 16:09:00,474.02
2014-09-08 17:09:00,486.92
2014-09-08 18:09:00,482.68
2014-09-08 19:09:00,487.16
2014-09-08 20:09:00,495.67
2014-09-08 21:09:00,496.48
2014-09-08 22:09:00,491.4
2014-09-08 23:09:00,508.93
2014-09-08 24:09:00,477.41
2014-09-09 01:09:00,500.05
2014-09-09 02:09:00,491.8
2014-09-09 03:09:00,503.7
2014-09-09 04:09:00,490.84
2014-09-09 05:09:00,482.19
2014-09-09 06:09:00,488.73
2014-09-09 07:09:00,483.16
2014-09-09 08:09:00,476.76
2014-09-09 09:09:00,472.67
2014-09-09 10:09:00,473.63
2014-09-09 11:09:00,472.02
2014-09-09 12:09:00,471.33
2014-09-09 13:09:00,472.5
2014-09-09 14:09:00,473.56
2014-09-09 15:09:00,477.87
2014-09-09 16:09:00,479.75
2014-09-09 17:09:00,484.51
2014-09-09 18:09:00,492.14
2014-09-09 19:09:00,486.87
2014-09-09 20:09:00,493.47
2014-09-09 21:09:00,491.06
2014-09-09 22:09:00,487.06
2014-09-09 23:09:00,496.65
2014-09-09 24:09:00,481.9
2014-09-10 01:09:00,486.77
2014-09-10 02:09:00,485.78
2014-09-10 03:09:00,479.95
2014-09-10 04:09:00,483.95
2014-09-10 05:09:00,482.3
2014-09-10 06:09:00,483.72
2014-09-10 07:09:00,480.3
2014-09-10 08:09:00,476.94
2014-09-10 09:09:00,485.06
2014-09-10 10:09:00,481.34
2014-09-10 11:09:00,480.6
2014-09-10 12:09:00,483.51
2014-09-10 13:09:00,483.75
2014-09-10 14:09:00,487.71
2014-09-10 15:09:00,485.61
2014-09-10 16:09:00,490.44
2014-09-10 17:09:00,502.02
2014-09-10 18:09:00,494.71
2014-09-10 19:09:00,496.15
2014-09-10 20:09:00,496.53
2014-09-10 21:09:00,499.43
2014-09-10 22:09:00,495.88
2014-09-10 23:09:00,495.13
2014-09-10 24:09:00,501.34
2014-09-11 01:09:00,482.37
2014-09-11 02:09:00,496.26
2014-09-11 03:09:00,496.41
2014-09-11 04:09:00,493.25
2014-09-11 05:09:00,490.71
2014-09-11 06:09:00,494.27
2014-09-11 07:09:00,487.8
2014-09-11 08:09:00,485.43
2014-09-11 09:09:00,484.62
2014-09-11 10:09:00,481.68
2014-09-11 11:09:00,479.04
2014-09-11 12:09:00,484.88
2014-09-11 13:09:00,481.95
2014-09-11 14:09:00,483.64
2014-09-11 15:09:00,482.85
2014-09-11 16:09:00,482.91
2014-09-11 17:09:00,492.98
2014-09-11 18:09:00,488.82
2014-09-11 19:09:00,496.57
2014-09-11 20:09:00,491.49
2014-09-11 21:09:00,488.22
2014-09-11 22:09:00,495.9
2014-09-11 23:09:00,496.17
2014-09-11 24:09:00,510.66
2014-09-12 01:09:00,504.38
2014-09-12 02:09:00,493.27
2014-09-12 03:09:00,503.29
2014-09-12 04:09:00,504.16
2014-09-12 05:09:00,494.45
2014-09-12 06:09:00,491.76
2014-09-12 07:09:00,482.7
2014-09-12 08:09:00,479.36
2014-09-12 09:09:00,480.91
2014-09-12 10:09:00,480.87
2014-09-12 11:09:00,476.5
2014-09-12 12:09:00,475.26
2014-09-12 13:09:00,482.92
2014-09-12 14:09:00,489.87
2014-09-12 15:09:00,478.34
2014-09-12 16:09:00,481.91
2014-09-12 17:09:00,487.66
2014-09-12 18:09:00,490.82
2014-09-12 19:09:00,499.54
2014-09-12 20:09:00,492.68
2014-09-12 21:09:00,476.33
2014-09-12 22:09:00,496.77
2014-09-12 23:09:00,489.31
2014-09-12 24:09:00,495.2
2014-09-13 01:09:00,499.18
2014-09-13 02:09:00,497.28
2014-09-13 03:09:00,492.97
2014-09-13 04:09:00,504.14
2014-09-13 05:09:00,485.74
2014-09-13 06:09:00,484.05
2014-09-13 07:09:00,484.89
2014-09-13 08:09:00,480
2014-09-13 09:09:00,478.61
2014-09-13 10:09:00,476.71
2014-09-13 11:09:00,475.55
2014-09-13 12:09:00,481.99
2014-09-13 13:09:00,478.54
2014-09-13 14:09:00,479.68
2014-09-13 15:09:00,479.7
2014-09-13 16:09:00,481.4
2014-09-13 17:09:00,482.8
2014-09-13 18:09:00,489.27
2014-09-13 19:09:00,501.87
2014-09-13 20:09:00,499.94
2014-09-13 21:09:00,499.19
2014-09-13 22:09:00,497.74
2014-09-13 23:09:00,490.89
2014-09-13 24:09:00,490.84
2014-09-14 01:09:00,487.79
2014-09-14 02:09:00,487.76
2014-09-14 03:09:00,495.56
2014-09-14 04:09:00,478.42
2014-09-14 05:09:00,486.4
2014-09-14 06:09:00,484.52
2014-09-14 07:09:00,480.85
2014-09-14 08:09:00,479.97
2014-09-14 09:09:00,479.87
2014-09-14 10:09:00,479.37
2014-09-14 11:09:00,477.46
2014-09-14 12:09:00,477.34
2014-09-14 13:09:00,478.33
2014-09-14 14:09:00,476.81
2014-09-14 15:09:00,478.02
2014-09-14 16:09:00,477.4
2014-09-14 17:09:00,480.14
2014-09-14 18:09:00,481.19
2014-09-14 19:09:00,490.76
2014-09-14 20:09:00,488.94
2014-09-14 21:09:00,495.08
2014-09-14 22:09:00,491.08
2014-09-14 23:09:00,482.18
2014-09-14 24:09:00,492.4
2014-09-15 01:09:00,494.13
2014-09-15 02:09:00,485.33
2014-09-15 03:09:00,488.1
2014-09-15 04:09:00,483.44
2014-09-15 05:09:00,485.35
2014-09-15 06:09:00,481.26
2014-09-15 07:09:00,483.15
2014-09-15 08:09:00,479.27
2014-09-15 09:09:00,482.82
2014-09-15 10:09:00,480.67
2014-09-15 11:09:00,480.72
2014-09-15 12:09:00,480.3
2014-09-15 13:09:00,478.44
2014-09-15 14:09:00,476.76
2014-09-15 15:09:00,477.33
2014-09-15 16:09:00,487.45
2014-09-15 17:09:00,489.68
2014-09-15 18:09:00,489.19
2014-09-15 19:09:00,497.2
2014-09-15 20:09:00,503.59
2014-09-15 21:09:00,503.9
2014-09-15 22:09:00,501.29
2014-09-15 23:09:00,496.73
2014-09-15 24:09:00,487.2
2014-09-16 01:09:00,495.6
2014-09-16 02:09:00,494.37
2014-09-16 03:09:00,486.61
2014-09-16 04:09:00,484.56
2014-09-16 05:09:00,484.01
2014-09-16 06:09:00,483.66
2014-09-16 07:09:00,482.13
2014-09-16 08:09:00,482.73
2014-09-16 09:09:00,477.86
2014-09-16 10:09:00,475.73
2014-09-16 11:09:00,474.22
2014-09-16 12:09:00,480.6
2014-09-16 13:09:00,476.35
2014-09-16 14:09:00,477.08
2014-09-16 15:09:00,477.86
2014-09-16 16:09:00,477.7
2014-09-16 17:09:00,484.07
2014-09-16 18:09:00,483.72
2014-09-16 19:09:00,481.01
2014-09-16 20:09:00,487.01
2014-09-16 21:09:00,484.58
2014-09-16 22:09:00,484.4
2014-09-16 23:09:00,480.01
2014-09-16 24:09:00,475.73
2014-09-17 01:09:00,479.75
2014-09-17 02:09:00,481.7
2014-09-17 03:09:00,476.25
2014-09-17 04:09:00,473.63
2014-09-17 05:09:00,477.92
2014-09-17 06:09:00,474.78
2014-09-17 07:09:00,475.88
2014-09-17 08:09:00,473.42
2014-09-17 09:09:00,474.9
2014-09-17 10:09:00,468.44
2014-09-17 11:09:00,469.08
2014-09-17 12:09:00,466.19
2014-09-17 13:09:00,467.5
2014-09-17 14:09:00,466.24
2014-09-17 15:09:00,466.74
2014-09-17 16:09:00,475.29
2014-09-17 17:09:00,471.58
2014-09-17 18:09:00,474.18
2014-09-17 19:09:00,460.68
2014-09-17 20:09:00,467.71
2014-09-17 21:09:00,465.23
2014-09-17 22:09:00,465.81
2014-09-17 23:09:00,470.28
2014-09-17 24:09:00,466.19
2014-09-18 01:09:00,466.3
2014-09-18 02:09:00,466.7
2014-09-18 03:09:00,468.07
2014-09-18 04:09:00,465.87
2014-09-18 05:09:00,460.71
2014-09-18 06:09:00,460.07
2014-09-18 07:09:00,462.41
2014-09-18 08:09:00,456.27
2014-09-18 09:09:00,460.42
2014-09-18 10:09:00,457.37
2014-09-18 11:09:00,456.78
2014-09-18 12:09:00,462.66
2014-09-18 13:09:00,455.79
2014-09-18 14:09:00,451.16
2014-09-18 15:09:00,444.89
2014-09-18 16:09:00,440.12
2014-09-18 17:09:00,437.72
2014-09-18 18:09:00,440.31
2014-09-18 19:09:00,450.67
2014-09-18 20:09:00,430.63
2014-09-18 21:09:00,431.39
2014-09-18 22:09:00,428.39
2014-09-18 23:09:00,424.76
2014-09-18 24:09:00,420.61
2014-09-19 01:09:00,429.92
2014-09-19 02:09:00,433.06
2014-09-19 03:09:00,436.61
2014-09-19 04:09:00,433.68
2014-09-19 05:09:00,436.61
2014-09-19 06:09:00,436.15
2014-09-19 07:09:00,438.74
2014-09-19 08:09:00,445.75
2014-09-19 09:09:00,429.1
2014-09-19 10:09:00,422.51
2014-09-19 11:09:00,417.19
2014-09-19 12:09:00,401.32
2014-09-19 13:09:00,401.74
2014-09-19 14:09:00,395.62
2014-09-19 15:09:00,392.11
2014-09-19 16:09:00,394.64
2014-09-19 17:09:00,401.72
2014-09-19 18:09:00,403.4
2014-09-19 19:09:00,404.84
2014-09-19 20:09:00,404.37
2014-09-19 21:09:00,405.81
2014-09-19 22:09:00,404.19
2014-09-19 23:09:00,402.92
2014-09-19 24:09:00,402.49
2014-09-20 01:09:00,405.39
2014-09-20 02:09:00,399.63
2014-09-20 03:09:00,400.87
2014-09-20 04:09:00,394.9
2014-09-20 05:09:00,393.73
2014-09-20 06:09:00,406.87
2014-09-20 07:09:00,413.76
2014-09-20 08:09:00,414.06
2014-09-20 09:09:00,412.13
2014-09-20 10:09:00,415.39
2014-09-20 11:09:00,415.86
2014-09-20 12:09:00,413.92
2014-09-20 13:09:00,417.92
2014-09-20 14:09:00,424.54
2014-09-20 15:09:00,423.01
2014-09-20 16:09:00,421.63
2014-09-20 17:09:00,418.93
2014-09-20 18:09:00,418.7
2014-09-20 19:09:00,428.89
2014-09-20 20:09:00,426.49
2014-09-20 21:09:00,422.09
2014-09-20 22:09:00,418.47
2014-09-20 23:09:00,416.86
2014-09-20 24:09:00,411.84
2014-09-21 01:09:00,417.03
2014-09-21 02:09:00,418.74
2014-09-21 03:09:00,412.09
2014-09-21 04:09:00,418.02
2014-09-21 05:09:00,414.35
2014-09-21 06:09:00,419.88
2014-09-21 07:09:00,408.35
2014-09-21 08:09:00,403.64
2014-09-21 09:09:00,400.68
2014-09-21 10:09:00,397.98
2014-09-21 11:09:00,402.22
2014-09-21 12:09:00,401.29
2014-09-21 13:09:00,403.9
2014-09-21 14:09:00,400.28
2014-09-21 15:09:00,400.84
2014-09-21 16:09:00,402.24
2014-09-21 17:09:00,405.26
2014-09-21 18:09:00,410.25
2014-09-21 19:09:00,407.26
2014-09-21 20:09:00,408.19
2014-09-21 21:09:00,408.68
2014-09-21 22:09:00,408.4
2014-09-21 23:09:00,410.47
2014-09-21 24:09:00,406.92
2014-09-22 01:09:00,400.92
2014-09-22 02:09:00,403.69
2014-09-22 03:09:00,406.17
2014-09-22 04:09:00,400.53
2014-09-22 05:09:00,401.1
2014-09-22 06:09:00,450.11
2014-09-22 07:09:00,429.21
2014-09-22 08:09:00,409.31
2014-09-22 09:09:00,410.99
2014-09-22 10:09:00,417.42
2014-09-22 11:09:00,416.69
2014-09-22 12:09:00,411.04
2014-09-22 13:09:00,406.69
2014-09-22 14:09:00,406.68
2014-09-22 15:09:00,406.34
2014-09-22 16:09:00,403.42
2014-09-22 17:09:00,406.24
2014-09-22 18:09:00,404.55
2014-09-22 19:09:00,411.44
2014-09-22 20:09:00,411.21
2014-09-22 21:09:00,413.25
2014-09-22 22:09:00,413.85
2014-09-22 23:09:00,411.42
2014-09-22 24:09:00,410.75
2014-09-23 01:09:00,410.72
2014-09-23 02:09:00,407.87
2014-09-23 03:09:00,406.59
2014-09-23 04:09:00,406.19
2014-09-23 05:09:00,405.86
2014-09-23 06:09:00,412.81
2014-09-23 07:09:00,413.73
2014-09-23 08:09:00,405.86
2014-09-23 09:09:00,403.46
2014-09-23 10:09:00,405.72
2014-09-23 11:09:00,406.78
2014-09-23 12:09:00,401.55
2014-09-23 13:09:00,398.16
2014-09-23 14:09:00,396.83
2014-09-23 15:09:00,397.84
2014-09-23 16:09:00,399.1
2014-09-23 17:09:00,400.5
2014-09-23 18:09:00,397.69
2014-09-23 19:09:00,405.32
2014-09-23 20:09:00,403.51
2014-09-23 21:09:00,416.66
2014-09-23 22:09:00,436.1
2014-09-23 23:09:00,434.29
2014-09-23 24:09:00,439.12
2014-09-24 01:09:00,442.47
2014-09-24 02:09:00,438.21
2014-09-24 03:09:00,440.63
2014-09-24 04:09:00,433.66
2014-09-24 05:09:00,438.26
2014-09-24 06:09:00,436.59
2014-09-24 07:09:00,433
2014-09-24 08:09:00,431.71
2014-09-24 09:09:00,431.21
2014-09-24 10:09:00,429.92
2014-09-24 11:09:00,428.28
2014-09-24 12:09:00,426.84
2014-09-24 13:09:00,426.19
2014-09-24 14:09:00,427.67
2014-09-24 15:09:00,431.4
2014-09-24 16:09:00,429.61
2014-09-24 17:09:00,436.01
2014-09-24 18:09:00,432.35
2014-09-24 19:09:00,431.91
2014-09-24 20:09:00,431.8
2014-09-24 21:09:00,431.78
2014-09-24 22:09:00,431.23
2014-09-24 23:09:00,432.91
2014-09-24 24:09:00,430.48
2014-09-25 01:09:00,430.37
2014-09-25 02:09:00,426.6
2014-09-25 03:09:00,426.71
2014-09-25 04:09:00,426.11
2014-09-25 05:09:00,421.71
2014-09-25 06:09:00,420.03
2014-09-25 07:09:00,420.99
2014-09-25 08:09:00,418.2
2014-09-25 09:09:00,415.9
2014-09-25 10:09:00,415.54
2014-09-25 11:09:00,415.43
2014-09-25 12:09:00,412.82
2014-09-25 13:09:00,414.98
2014-09-25 14:09:00,418.2
2014-09-25 15:09:00,412.23
2014-09-25 16:09:00,414.17
2014-09-25 17:09:00,419.07
2014-09-25 18:09:00,421.86
2014-09-25 19:09:00,424.05
2014-09-25 20:09:00,424.8
2014-09-25 21:09:00,418.59
2014-09-25 22:09:00,424.31
2014-09-25 23:09:00,411.99
2014-09-25 24:09:00,418.55
2014-09-26 01:09:00,418.89
2014-09-26 02:09:00,422.15
2014-09-26 03:09:00,418.55
2014-09-26 04:09:00,414.4
2014-09-26 05:09:00,418.26
2014-09-26 06:09:00,421.09
2014-09-26 07:09:00,417.8
2014-09-26 08:09:00,414.17
2014-09-26 09:09:00,413.96
2014-09-26 10:09:00,409
2014-09-26 11:09:00,406.39
2014-09-26 12:09:00,404.93
2014-09-26 13:09:00,405.63
2014-09-26 14:09:00,404.62
2014-09-26 15:09:00,402.58
2014-09-26 16:09:00,405.85
2014-09-26 17:09:00,406.27
2014-09-26 18:09:00,407.95
2014-09-26 19:09:00,411.48
2014-09-26 20:09:00,411.44
2014-09-26 21:09:00,409.11
2014-09-26 22:09:00,405.37
2014-09-26 23:09:00,405.4
2014-09-26 24:09:00,412.93
2014-09-27 01:09:00,413
2014-09-27 02:09:00,413.33
2014-09-27 03:09:00,410.04
2014-09-27 04:09:00,407.91
2014-09-27 05:09:00,412.5
2014-09-27 06:09:00,422.41
2014-09-27 07:09:00,409.85
2014-09-27 08:09:00,405.98
2014-09-27 09:09:00,407.77
2014-09-27 10:09:00,405.57
2014-09-27 11:09:00,404.8
2014-09-27 12:09:00,404.37
2014-09-27 13:09:00,404.73
2014-09-27 14:09:00,405.25
2014-09-27 15:09:00,404.43
2014-09-27 16:09:00,407.24
2014-09-27 17:09:00,405.02
2014-09-27 18:09:00,409.12
2014-09-27 19:09:00,404.65
2014-09-27 20:09:00,406.85
2014-09-27 21:09:00,397.22
2014-09-27 22:09:00,407.02
2014-09-27 23:09:00,400.69
2014-09-27 24:09:00,403.82
2014-09-28 01:09:00,404.57
2014-09-28 02:09:00,405.43
2014-09-28 03:09:00,403.57
2014-09-28 04:09:00,405.01
2014-09-28 05:09:00,401
2014-09-28 06:09:00,405.17
2014-09-28 07:09:00,399.06
2014-09-28 08:09:00,400.5
2014-09-28 09:09:00,400.13
2014-09-28 10:09:00,398.82
2014-09-28 11:09:00,398.06
2014-09-28 12:09:00,398.36
2014-09-28 13:09:00,396.94
2014-09-28 14:09:00,397.5
2014-09-28 15:09:00,395.83
2014-09-28 16:09:00,392.28
2014-09-28 17:09:00,391.87
2014-09-28 18:09:00,390.82
2014-09-28 19:09:00,391.25
2014-09-28 20:09:00,390.94
2014-09-28 21:09:00,386.34
2014-09-28 22:09:00,386.44
2014-09-28 23:09:00,385.9
2014-09-28 24:09:00,385.83
2014-09-29 01:09:00,380.72
2014-09-29 02:09:00,382.26
2014-09-29 03:09:00,382.62
2014-09-29 04:09:00,379.6
2014-09-29 05:09:00,386.47
2014-09-29 06:09:00,385.8
2014-09-29 07:09:00,383.63
2014-09-29 08:09:00,381.76
2014-09-29 09:09:00,381.53
2014-09-29 10:09:00,376.97
2014-09-29 11:09:00,376.95
2014-09-29 12:09:00,376.85
2014-09-29 13:09:00,377.48
2014-09-29 14:09:00,376.54
2014-09-29 15:09:00,379.56
2014-09-29 16:09:00,387.24
2014-09-29 17:09:00,396.09
2014-09-29 18:09:00,386.94
2014-09-29 19:09:00,383.15
2014-09-29 20:09:00,390.04
2014-09-29 21:09:00,390.95
2014-09-29 22:09:00,383.15
2014-09-29 23:09:00,388
2014-09-29 24:09:00,386.27
2014-09-30 01:09:00,384.99
2014-09-30 02:09:00,376.87
2014-09-30 03:09:00,380.13
2014-09-30 04:09:00,382
2014-09-30 05:09:00,380.36
2014-09-30 06:09:00,381.64
2014-09-30 07:09:00,381.15
2014-09-30 08:09:00,379.24
2014-09-30 09:09:00,378.03
2014-09-30 10:09:00,377.02
2014-09-30 11:09:00,377.53
2014-09-30 12:09:00,377.76
2014-09-30 13:09:00,378.1
2014-09-30 14:09:00,379.06
2014-09-30 15:09:00,382.52
2014-09-30 16:09:00,381.96
2014-09-30 17:09:00,384.25
2014-09-30 18:09:00,386.03
2014-09-30 19:09:00,388.79
2014-09-30 20:09:00,389.6
2014-09-30 21:09:00,388.88
2014-09-30 22:09:00,391.65
2014-09-30 23:09:00,394.68
2014-09-30 24:09:00,392.41
2014-10-01 01:10:00,392.95
2014-10-01 02:10:00,396.76
2014-10-01 03:10:00,398.61
2014-10-01 04:10:00,391.93
2014-10-01 05:10:00,392.14
2014-10-01 06:10:00,393.83
2014-10-01 07:10:00,395.04
2014-10-01 08:10:00,393.67
2014-10-01 09:10:00,391.9
2014-10-01 10:10:00,389.69
2014-10-01 11:10:00,391.26
2014-10-01 12:10:00,388.58
2014-10-01 13:10:00,388.09
2014-10-01 14:10:00,387.37
2014-10-01 15:10:00,385.21
2014-10-01 16:10:00,383.44
2014-10-01 17:10:00,385.15
2014-10-01 18:10:00,384.53
2014-10-01 19:10:00,384.72
2014-10-01 20:10:00,386.91
2014-10-01 21:10:00,390.26
2014-10-01 22:10:00,393.02
2014-10-01 23:10:00,390.59
2014-10-01 24:10:00,390.11
2014-10-02 01:10:00,382.65
2014-10-02 02:10:00,388.03
2014-10-02 03:10:00,385.98
2014-10-02 04:10:00,388.88
2014-10-02 05:10:00,386.33
2014-10-02 06:10:00,388.26
2014-10-02 07:10:00,385.58
2014-10-02 08:10:00,384.42
2014-10-02 09:10:00,385.46
2014-10-02 10:10:00,384.14
2014-10-02 11:10:00,381.51
2014-10-02 12:10:00,381.45
2014-10-02 13:10:00,381.06
2014-10-02 14:10:00,382.98
2014-10-02 15:10:00,381.41
2014-10-02 16:10:00,381.38
2014-10-02 17:10:00,379.9
2014-10-02 18:10:00,380.66
2014-10-02 19:10:00,375.11
2014-10-02 20:10:00,374.92
2014-10-02 21:10:00,378.88
2014-10-02 22:10:00,383.38
2014-10-02 23:10:00,384.81
2014-10-02 24:10:00,384.81
2014-10-03 01:10:00,382.23
2014-10-03 02:10:00,381.9
2014-10-03 03:10:00,379.04
2014-10-03 04:10:00,381.94
2014-10-03 05:10:00,379.24
2014-10-03 06:10:00,374.89
2014-10-03 07:10:00,374.71
2014-10-03 08:10:00,378.75
2014-10-03 09:10:00,377.34
2014-10-03 10:10:00,377.57
2014-10-03 11:10:00,377.73
2014-10-03 12:10:00,377.68
2014-10-03 13:10:00,377.86
2014-10-03 14:10:00,378.55
2014-10-03 15:10:00,375.55
2014-10-03 16:10:00,373.48
2014-10-03 17:10:00,371.65
2014-10-03 18:10:00,372.07
2014-10-03 19:10:00,374.18
2014-10-03 20:10:00,371.94
2014-10-03 21:10:00,372.45
2014-10-03 22:10:00,372.56
2014-10-03 23:10:00,372.13
2014-10-03 24:10:00,369.17
2014-10-04 01:10:00,371.17
2014-10-04 02:10:00,368.49
2014-10-04 03:10:00,366.87
2014-10-04 04:10:00,366.54
2014-10-04 05:10:00,368.52
2014-10-04 06:10:00,368.71
2014-10-04 07:10:00,368.35
2014-10-04 08:10:00,367.07
2014-10-04 09:10:00,364.62
2014-10-04 10:10:00,362.44
2014-10-04 11:10:00,360.36
2014-10-04 12:10:00,354.17
2014-10-04 13:10:00,352.07
2014-10-04 14:10:00,353.18
2014-10-04 15:10:00,347.65
2014-10-04 16:10:00,346.13
2014-10-04 17:10:00,346.2
2014-10-04 18:10:00,348.34
2014-10-04 19:10:00,343.86
2014-10-04 20:10:00,337.55
2014-10-04 21:10:00,337.65
2014-10-04 22:10:00,340.1
2014-10-04 23:10:00,333.69
2014-10-04 24:10:00,333.91
2014-10-05 01:10:00,335.71
2014-10-05 02:10:00,335.26
2014-10-05 03:10:00,336.65
2014-10-05 04:10:00,335.05
2014-10-05 05:10:00,338.05
2014-10-05 06:10:00,340.13
2014-10-05 07:10:00,341.27
2014-10-05 08:10:00,338.1
2014-10-05 09:10:00,336.4
2014-10-05 10:10:00,333.83
2014-10-05 11:10:00,326.93
2014-10-05 12:10:00,318.77
2014-10-05 13:10:00,314.72
2014-10-05 14:10:00,311.29
2014-10-05 15:10:00,315.25
2014-10-05 16:10:00,314.99
2014-10-05 17:10:00,317.52
2014-10-05 18:10:00,314.81
2014-10-05 19:10:00,306.46
2014-10-05 20:10:00,301.68
2014-10-05 21:10:00,304.2
2014-10-05 22:10:00,309.05
2014-10-05 23:10:00,313.35
2014-10-05 24:10:00,310.78
2014-10-06 01:10:00,308.51
2014-10-06 02:10:00,317.5
2014-10-06 03:10:00,321.3
2014-10-06 04:10:00,313.86
2014-10-06 05:10:00,306.12
2014-10-06 06:10:00,309.29
2014-10-06 07:10:00,310.98
2014-10-06 08:10:00,311.01
2014-10-06 09:10:00,311.63
2014-10-06 10:10:00,319.52
2014-10-06 11:10:00,325.7
2014-10-06 12:10:00,326.78
2014-10-06 13:10:00,331.66
2014-10-06 14:10:00,330.77
2014-10-06 15:10:00,333.55
2014-10-06 16:10:00,332.78
2014-10-06 17:10:00,335.55
2014-10-06 18:10:00,341.57
2014-10-06 19:10:00,340.22
2014-10-06 20:10:00,346.82
2014-10-06 21:10:00,342.32
2014-10-06 22:10:00,338.89
2014-10-06 23:10:00,339.64
2014-10-06 24:10:00,341.67
2014-10-07 01:10:00,342.15
2014-10-07 02:10:00,336.57
2014-10-07 03:10:00,334.94
2014-10-07 04:10:00,334.32
2014-10-07 05:10:00,338.89
2014-10-07 06:10:00,343.2
2014-10-07 07:10:00,343.61
2014-10-07 08:10:00,340.55
2014-10-07 09:10:00,341.95
2014-10-07 10:10:00,329.64
2014-10-07 11:10:00,326.33
2014-10-07 12:10:00,328.35
2014-10-07 13:10:00,326.98
2014-10-07 14:10:00,326.05
2014-10-07 15:10:00,327.85
2014-10-07 16:10:00,333.81
2014-10-07 17:10:00,333.25
2014-10-07 18:10:00,331.49
2014-10-07 19:10:00,331.52
2014-10-07 20:10:00,333.66
2014-10-07 21:10:00,337.51
2014-10-07 22:10:00,335.42
2014-10-07 23:10:00,334.32
2014-10-07 24:10:00,330.57
2014-10-08 01:10:00,334.42
2014-10-08 02:10:00,330.68
2014-10-08 03:10:00,338.66
2014-10-08 04:10:00,332.24
2014-10-08 05:10:00,334.91
2014-10-08 06:10:00,331.03
2014-10-08 07:10:00,328.46
2014-10-08 08:10:00,331.96
2014-10-08 09:10:00,333.24
2014-10-08 10:10:00,331.67
2014-10-08 11:10:00,334.84
2014-10-08 12:10:00,335.84
2014-10-08 13:10:00,339.02
2014-10-08 14:10:00,339.71
2014-10-08 15:10:00,337.82
2014-10-08 16:10:00,337.16
2014-10-08 17:10:00,340.45
2014-10-08 18:10:00,347.09
2014-10-08 19:10:00,347.11
2014-10-08 20:10:00,346.34
2014-10-08 21:10:00,345.02
2014-10-08 22:10:00,345.76
2014-10-08 23:10:00,350.21
2014-10-08 24:10:00,349.82
2014-10-09 01:10:00,349.82
2014-10-09 02:10:00,351.22
2014-10-09 03:10:00,355.12
2014-10-09 04:10:00,355.68
2014-10-09 05:10:00,356.66
2014-10-09 06:10:00,355.39
2014-10-09 07:10:00,351.55
2014-10-09 08:10:00,349.43
2014-10-09 09:10:00,351.43
2014-10-09 10:10:00,355.38
2014-10-09 11:10:00,355.15
2014-10-09 12:10:00,361.51
2014-10-09 13:10:00,363.99
2014-10-09 14:10:00,362.03
2014-10-09 15:10:00,368.93
2014-10-09 16:10:00,369.11
2014-10-09 17:10:00,367.75
2014-10-09 18:10:00,378.62
2014-10-09 19:10:00,381.7
2014-10-09 20:10:00,376.85
2014-10-09 21:10:00,375.91
2014-10-09 22:10:00,374.11
2014-10-09 23:10:00,376.2
2014-10-09 24:10:00,365.65
2014-10-10 01:10:00,359.99
2014-10-10 02:10:00,364.97
2014-10-10 03:10:00,368.03
2014-10-10 04:10:00,368.95
2014-10-10 05:10:00,364.35
2014-10-10 06:10:00,371.27
2014-10-10 07:10:00,371.66
2014-10-10 08:10:00,371.73
2014-10-10 09:10:00,375.16
2014-10-10 10:10:00,374.32
2014-10-10 11:10:00,369.62
2014-10-10 12:10:00,368.13
2014-10-10 13:10:00,364.21
2014-10-10 14:10:00,364.86
2014-10-10 15:10:00,365.78
2014-10-10 16:10:00,361.3
2014-10-10 17:10:00,360.7
2014-10-10 18:10:00,358.13
2014-10-10 19:10:00,360.01
2014-10-10 20:10:00,363
2014-10-10 21:10:00,365.3
2014-10-10 22:10:00,364.57
2014-10-10 23:10:00,365.53
2014-10-10 24:10:00,362.83
2014-10-11 01:10:00,360.46
2014-10-11 02:10:00,368.79
2014-10-11 03:10:00,365.84
2014-10-11 04:10:00,366.43
2014-10-11 05:10:00,368.94
2014-10-11 06:10:00,365.71
2014-10-11 07:10:00,363.43
2014-10-11 08:10:00,363.7
2014-10-11 09:10:00,366.13
2014-10-11 10:10:00,365.71
2014-10-11 11:10:00,362.26
2014-10-11 12:10:00,359.95
2014-10-11 13:10:00,357.51
2014-10-11 14:10:00,356.42
2014-10-11 15:10:00,355.01
2014-10-11 16:10:00,364.41
2014-10-11 17:10:00,362.5
2014-10-11 18:10:00,351.82
2014-10-11 19:10:00,356.99
2014-10-11 20:10:00,360.34
2014-10-11 21:10:00,364.67
2014-10-11 22:10:00,363.34
2014-10-11 23:10:00,364.29
2014-10-11 24:10:00,359.99
2014-10-12 01:10:00,362.33
2014-10-12 02:10:00,365.25
2014-10-12 03:10:00,364.65
2014-10-12 04:10:00,361.68
2014-10-12 05:10:00,362.6
2014-10-12 06:10:00,362.06
2014-10-12 07:10:00,359.04
2014-10-12 08:10:00,358.17
2014-10-12 09:10:00,359.67
2014-10-12 10:10:00,358.55
2014-10-12 11:10:00,358.86
2014-10-12 12:10:00,353.65
2014-10-12 13:10:00,354.27
2014-10-12 14:10:00,353.8
2014-10-12 15:10:00,356.39
2014-10-12 16:10:00,356.53
2014-10-12 17:10:00,356.92
2014-10-12 18:10:00,361.24
2014-10-12 19:10:00,363.79
2014-10-12 20:10:00,361.49
2014-10-12 21:10:00,361.42
2014-10-12 22:10:00,369.71
2014-10-12 23:10:00,370.34
2014-10-12 24:10:00,370.64
2014-10-13 01:10:00,370.03
2014-10-13 02:10:00,373.91
2014-10-13 03:10:00,373.77
2014-10-13 04:10:00,373.35
2014-10-13 05:10:00,374.17
2014-10-13 06:10:00,372.05
2014-10-13 07:10:00,370.46
2014-10-13 08:10:00,368.1
2014-10-13 09:10:00,367.5
2014-10-13 10:10:00,368.49
2014-10-13 11:10:00,374.01
2014-10-13 12:10:00,377.49
2014-10-13 13:10:00,373.98
2014-10-13 14:10:00,375.51
2014-10-13 15:10:00,375.7
2014-10-13 16:10:00,374.77
2014-10-13 17:10:00,379.2
2014-10-13 18:10:00,379.29
2014-10-13 19:10:00,375.12
2014-10-13 20:10:00,379.33
2014-10-13 21:10:00,381.47
2014-10-13 22:10:00,380.17
2014-10-13 23:10:00,386.07
2014-10-13 24:10:00,388.17
2014-10-14 01:10:00,388.88
2014-10-14 02:10:00,389.28
2014-10-14 03:10:00,388.79
2014-10-14 04:10:00,393.64
2014-10-14 05:10:00,392.13
2014-10-14 06:10:00,390.91
2014-10-14 07:10:00,392.68
2014-10-14 08:10:00,395.16
2014-10-14 09:10:00,404.35
2014-10-14 10:10:00,401
2014-10-14 11:10:00,401.99
2014-10-14 12:10:00,399.39
2014-10-14 13:10:00,399.69
2014-10-14 14:10:00,397.23
2014-10-14 15:10:00,401.08
2014-10-14 16:10:00,397.96
2014-10-14 17:10:00,396.21
2014-10-14 18:10:00,400.5
2014-10-14 19:10:00,403.15
2014-10-14 20:10:00,400.3
2014-10-14 21:10:00,406.97
2014-10-14 22:10:00,405.15
2014-10-14 23:10:00,407.36
2014-10-14 24:10:00,408.81
2014-10-15 01:10:00,403
2014-10-15 02:10:00,397.57
2014-10-15 03:10:00,399.89
2014-10-15 04:10:00,400.08
2014-10-15 05:10:00,394.67
2014-10-15 06:10:00,392.27
2014-10-15 07:10:00,395.82
2014-10-15 08:10:00,394.9
2014-10-15 09:10:00,393.28
2014-10-15 10:10:00,395.77
2014-10-15 11:10:00,391.84
2014-10-15 12:10:00,390.9
2014-10-15 13:10:00,391.2
2014-10-15 14:10:00,392.2
2014-10-15 15:10:00,394.11
2014-10-15 16:10:00,394.45
2014-10-15 17:10:00,393.67
2014-10-15 18:10:00,394.68
2014-10-15 19:10:00,389.82
2014-10-15 20:10:00,398.07
2014-10-15 21:10:00,395.64
2014-10-15 22:10:00,399.04
2014-10-15 23:10:00,389.71
2014-10-15 24:10:00,392.42
2014-10-16 01:10:00,396.61
2014-10-16 02:10:00,397.14
2014-10-16 03:10:00,398.74
2014-10-16 04:10:00,399.9
2014-10-16 05:10:00,395.64
2014-10-16 06:10:00,397.09
2014-10-16 07:10:00,393.85
2014-10-16 08:10:00,394.75
2014-10-16 09:10:00,394.27
2014-10-16 10:10:00,391.22
2014-10-16 11:10:00,392.28
2014-10-16 12:10:00,392.81
2014-10-16 13:10:00,394.55
2014-10-16 14:10:00,390.3
2014-10-16 15:10:00,382.16
2014-10-16 16:10:00,384.35
2014-10-16 17:10:00,378.67
2014-10-16 18:10:00,379.2
2014-10-16 19:10:00,384.37
2014-10-16 20:10:00,383.56
2014-10-16 21:10:00,377.7
2014-10-16 22:10:00,377.71
2014-10-16 23:10:00,375.89
2014-10-16 24:10:00,382.62
2014-10-17 01:10:00,382.55
2014-10-17 02:10:00,383.33
2014-10-17 03:10:00,382.7
2014-10-17 04:10:00,382.95
2014-10-17 05:10:00,384.13
2014-10-17 06:10:00,380.98
2014-10-17 07:10:00,380.25
2014-10-17 08:10:00,380.47
2014-10-17 09:10:00,383.86
2014-10-17 10:10:00,383.81
2014-10-17 11:10:00,383.62
2014-10-17 12:10:00,380.27
2014-10-17 13:10:00,379.3
2014-10-17 14:10:00,377.85
2014-10-17 15:10:00,376.49
2014-10-17 16:10:00,378.25
2014-10-17 17:10:00,380.53
2014-10-17 18:10:00,377.45
2014-10-17 19:10:00,385.58
2014-10-17 20:10:00,380.77
2014-10-17 21:10:00,380.22
2014-10-17 22:10:00,381.23
2014-10-17 23:10:00,384.56
2014-10-17 24:10:00,385.53
2014-10-18 01:10:00,389.99
2014-10-18 02:10:00,386.75
2014-10-18 03:10:00,385.65
2014-10-18 04:10:00,381.38
2014-10-18 05:10:00,378.07
2014-10-18 06:10:00,379.28
2014-10-18 07:10:00,382.88
2014-10-18 08:10:00,380.58
2014-10-18 09:10:00,381.03
2014-10-18 10:10:00,380.41
2014-10-18 11:10:00,377.95
2014-10-18 12:10:00,378.11
2014-10-18 13:10:00,381.1
2014-10-18 14:10:00,386.08
2014-10-18 15:10:00,380.25
2014-10-18 16:10:00,384.35
2014-10-18 17:10:00,388.54
2014-10-18 18:10:00,390.98
2014-10-18 19:10:00,395.75
2014-10-18 20:10:00,396.55
2014-10-18 21:10:00,394.36
2014-10-18 22:10:00,395.99
2014-10-18 23:10:00,398.59
2014-10-18 24:10:00,395.57
2014-10-19 01:10:00,398.98
2014-10-19 02:10:00,393.19
2014-10-19 03:10:00,398.17
2014-10-19 04:10:00,390.73
2014-10-19 05:10:00,394.03
2014-10-19 06:10:00,396.86
2014-10-19 07:10:00,396.56
2014-10-19 08:10:00,394.79
2014-10-19 09:10:00,394.47
2014-10-19 10:10:00,392.06
2014-10-19 11:10:00,396.02
2014-10-19 12:10:00,390.22
2014-10-19 13:10:00,387.28
2014-10-19 14:10:00,387.65
2014-10-19 15:10:00,385.17
2014-10-19 16:10:00,387.75
2014-10-19 17:10:00,388.73
2014-10-19 18:10:00,396.73
2014-10-19 19:10:00,390.74
2014-10-19 20:10:00,392.9
2014-10-19 21:10:00,401.11
2014-10-19 22:10:00,387.8
2014-10-19 23:10:00,387.43
2014-10-19 24:10:00,397.96
2014-10-20 01:10:00,393.8
2014-10-20 02:10:00,390.88
2014-10-20 03:10:00,392.64
2014-10-20 04:10:00,390.9
2014-10-20 05:10:00,385.87
2014-10-20 06:10:00,386.32
2014-10-20 07:10:00,385.5
2014-10-20 08:10:00,382.59
2014-10-20 09:10:00,381.86
2014-10-20 10:10:00,383.26
2014-10-20 11:10:00,380.68
2014-10-20 12:10:00,381.05
2014-10-20 13:10:00,381.25
2014-10-20 14:10:00,382.01
2014-10-20 15:10:00,381.82
2014-10-20 16:10:00,381.74
2014-10-20 17:10:00,383.03
2014-10-20 18:10:00,389.63
2014-10-20 19:10:00,391.77
2014-10-20 20:10:00,389.44
2014-10-20 21:10:00,380.38
2014-10-20 22:10:00,391.52
2014-10-20 23:10:00,395.12
2014-10-20 24:10:00,390.19
2014-10-21 01:10:00,386.5
2014-10-21 02:10:00,386.78
2014-10-21 03:10:00,386.88
2014-10-21 04:10:00,386.84
2014-10-21 05:10:00,390.04
2014-10-21 06:10:00,382.65
2014-10-21 07:10:00,384.23
2014-10-21 08:10:00,383.7
2014-10-21 09:10:00,380.61
2014-10-21 10:10:00,380.36
2014-10-21 11:10:00,381.65
2014-10-21 12:10:00,382.42
2014-10-21 13:10:00,383.37
2014-10-21 14:10:00,384.96
2014-10-21 15:10:00,385.69
2014-10-21 16:10:00,391.08
2014-10-21 17:10:00,389.92
2014-10-21 18:10:00,385.37
2014-10-21 19:10:00,394.4
2014-10-21 20:10:00,391.72
2014-10-21 21:10:00,388.82
2014-10-21 22:10:00,390.9
2014-10-21 23:10:00,390.92
2014-10-21 24:10:00,388.38
2014-10-22 01:10:00,395.4
2014-10-22 02:10:00,393.44
2014-10-22 03:10:00,391.08
2014-10-22 04:10:00,389.87
2014-10-22 05:10:00,387.04
2014-10-22 06:10:00,385.73
2014-10-22 07:10:00,387.16
2014-10-22 08:10:00,384.89
2014-10-22 09:10:00,386.9
2014-10-22 10:10:00,383.69
2014-10-22 11:10:00,380.16
2014-10-22 12:10:00,379.54
2014-10-22 13:10:00,378.23
2014-10-22 14:10:00,378.21
2014-10-22 15:10:00,379.77
2014-10-22 16:10:00,380.8
2014-10-22 17:10:00,386.08
2014-10-22 18:10:00,387.6
2014-10-22 19:10:00,389.39
2014-10-22 20:10:00,388.05
2014-10-22 21:10:00,386.47
2014-10-22 22:10:00,388.82
2014-10-22 23:10:00,388.77
2014-10-22 24:10:00,390.81
2014-10-23 01:10:00,387.19
2014-10-23 02:10:00,401.02
2014-10-23 03:10:00,387.97
2014-10-23 04:10:00,388.16
2014-10-23 05:10:00,387.22
2014-10-23 06:10:00,383.25
2014-10-23 07:10:00,378.57
2014-10-23 08:10:00,374.83
2014-10-23 09:10:00,369.63
2014-10-23 10:10:00,368.74
2014-10-23 11:10:00,366.1
2014-10-23 12:10:00,365.59
2014-10-23 13:10:00,365.64
2014-10-23 14:10:00,366.6
2014-10-23 15:10:00,363.67
2014-10-23 16:10:00,360.51
2014-10-23 17:10:00,363.9
2014-10-23 18:10:00,363.65
2014-10-23 19:10:00,363.58
2014-10-23 20:10:00,363.31
2014-10-23 21:10:00,361.06
2014-10-23 22:10:00,365.47
2014-10-23 23:10:00,360.92
2014-10-23 24:10:00,359.95
2014-10-24 01:10:00,358.96
2014-10-24 02:10:00,359.49
2014-10-24 03:10:00,359.35
2014-10-24 04:10:00,359.13
2014-10-24 05:10:00,357.12
2014-10-24 06:10:00,355.17
2014-10-24 07:10:00,354.71
2014-10-24 08:10:00,356.66
2014-10-24 09:10:00,354.49
2014-10-24 10:10:00,356.78
2014-10-24 11:10:00,357.86
2014-10-24 12:10:00,359.02
2014-10-24 13:10:00,359.93
2014-10-24 14:10:00,358.44
2014-10-24 15:10:00,357.23
2014-10-24 16:10:00,358.45
2014-10-24 17:10:00,361.79
2014-10-24 18:10:00,361.11
2014-10-24 19:10:00,362.04
2014-10-24 20:10:00,362.18
2014-10-24 21:10:00,360.33
2014-10-24 22:10:00,355.47
2014-10-24 23:10:00,356.57
2014-10-24 24:10:00,361.52
2014-10-25 01:10:00,362.17
2014-10-25 02:10:00,358.44
2014-10-25 03:10:00,360.97
2014-10-25 04:10:00,358.72
2014-10-25 05:10:00,355.31
2014-10-25 06:10:00,353.45
2014-10-25 07:10:00,355.47
2014-10-25 08:10:00,356.64
2014-10-25 09:10:00,356.8
2014-10-25 10:10:00,355.53
2014-10-25 11:10:00,349.19
2014-10-25 12:10:00,344.04
2014-10-25 13:10:00,343.58
2014-10-25 14:10:00,343.56
2014-10-25 15:10:00,345.83
2014-10-25 16:10:00,345.05
2014-10-25 17:10:00,347.38
2014-10-25 18:10:00,344.48
2014-10-25 19:10:00,350.77
2014-10-25 20:10:00,353.69
2014-10-25 21:10:00,352.95
2014-10-25 22:10:00,354.96
2014-10-25 23:10:00,354.64
2014-10-25 24:10:00,355.03
2014-10-26 02:10:00,357.38
2014-10-26 03:10:00,353.16
2014-10-26 03:10:00,351.39
2014-10-26 04:10:00,344.47
2014-10-26 05:10:00,346.71
2014-10-26 06:10:00,347.25
2014-10-26 07:10:00,352.09
2014-10-26 08:10:00,353.55
2014-10-26 09:10:00,352.65
2014-10-26 10:10:00,353.02
2014-10-26 11:10:00,353.21
2014-10-26 12:10:00,353.72
2014-10-26 13:10:00,353.34
2014-10-26 14:10:00,353.79
2014-10-26 15:10:00,353.78
2014-10-26 16:10:00,349.67
2014-10-26 17:10:00,351.68
2014-10-26 18:10:00,350.29
2014-10-26 19:10:00,354.86
2014-10-26 20:10:00,355.1
2014-10-26 21:10:00,357.92
2014-10-26 22:10:00,352.11
2014-10-26 23:10:00,356.02
2014-10-26 24:10:00,361.27
2014-10-27 01:10:00,358.78
2014-10-27 02:10:00,359.03
2014-10-27 03:10:00,355.7
2014-10-27 04:10:00,352.02
2014-10-27 05:10:00,355.22
2014-10-27 06:10:00,353.9
2014-10-27 07:10:00,347.83
2014-10-27 08:10:00,348.51
2014-10-27 09:10:00,348.07
2014-10-27 10:10:00,349.87
2014-10-27 11:10:00,350.98
2014-10-27 12:10:00,351.41
2014-10-27 13:10:00,352.91
2014-10-27 14:10:00,353.74
2014-10-27 15:10:00,354.84
2014-10-27 16:10:00,357.38
2014-10-27 17:10:00,363.1
2014-10-27 18:10:00,360.6
2014-10-27 19:10:00,365.01
2014-10-27 20:10:00,367.65
2014-10-27 21:10:00,354.23
2014-10-27 22:10:00,363.2
2014-10-27 23:10:00,351.93
2014-10-27 24:10:00,361.45
2014-10-28 01:10:00,356.64
2014-10-28 02:10:00,356.09
2014-10-28 03:10:00,361.17
2014-10-28 04:10:00,357.94
2014-10-28 05:10:00,359.57
2014-10-28 06:10:00,355.29
2014-10-28 07:10:00,353.55
2014-10-28 08:10:00,355.03
2014-10-28 09:10:00,352.76
2014-10-28 10:10:00,355.8
2014-10-28 11:10:00,354.56
2014-10-28 12:10:00,354.35
2014-10-28 13:10:00,354.13
2014-10-28 14:10:00,353.17
2014-10-28 15:10:00,353.79
2014-10-28 16:10:00,358.71
2014-10-28 17:10:00,359.99
2014-10-28 18:10:00,358.95
2014-10-28 19:10:00,359.84
2014-10-28 20:10:00,358.07
2014-10-28 21:10:00,357.49
2014-10-28 22:10:00,361.87
2014-10-28 23:10:00,360.29
2014-10-28 24:10:00,360.66
2014-10-29 01:10:00,358.47
2014-10-29 02:10:00,358.9
2014-10-29 03:10:00,358.48
2014-10-29 04:10:00,358.95
2014-10-29 05:10:00,350.69
2014-10-29 06:10:00,355.35
2014-10-29 07:10:00,352.44
2014-10-29 08:10:00,348.72
2014-10-29 09:10:00,353.02
2014-10-29 10:10:00,351.64
2014-10-29 11:10:00,349.94
2014-10-29 12:10:00,348.83
2014-10-29 13:10:00,347.17
2014-10-29 14:10:00,346.68
2014-10-29 15:10:00,343.73
2014-10-29 16:10:00,340.54
2014-10-29 17:10:00,346.24
2014-10-29 18:10:00,347.91
2014-10-29 19:10:00,353.68
2014-10-29 20:10:00,345.59
2014-10-29 21:10:00,339.44
2014-10-29 22:10:00,350.23
2014-10-29 23:10:00,343.71
2014-10-29 24:10:00,341.72
2014-10-30 01:10:00,339.12
2014-10-30 02:10:00,337.51
2014-10-30 03:10:00,340.4
2014-10-30 04:10:00,336.92
2014-10-30 05:10:00,340.57
2014-10-30 06:10:00,341.39
2014-10-30 07:10:00,336.12
2014-10-30 08:10:00,338.85
2014-10-30 09:10:00,336.84
2014-10-30 10:10:00,337.97
2014-10-30 11:10:00,336.39
2014-10-30 12:10:00,337.13
2014-10-30 13:10:00,337.1
2014-10-30 14:10:00,335.84
2014-10-30 15:10:00,336.5
2014-10-30 16:10:00,335.95
2014-10-30 17:10:00,335.33
2014-10-30 18:10:00,342.06
2014-10-30 19:10:00,342.65
2014-10-30 20:10:00,359.6
2014-10-30 21:10:00,346.75
2014-10-30 22:10:00,349.69
2014-10-30 23:10:00,350.25
2014-10-30 24:10:00,349.09
2014-10-31 01:10:00,348.44
2014-10-31 02:10:00,345.81
2014-10-31 03:10:00,351.69
2014-10-31 04:10:00,348.5
2014-10-31 05:10:00,344.5
2014-10-31 06:10:00,344.57
2014-10-31 07:10:00,344.58
2014-10-31 08:10:00,343.94
2014-10-31 09:10:00,345.8
2014-10-31 10:10:00,343.54
2014-10-31 11:10:00,342.68
2014-10-31 12:10:00,342.15
2014-10-31 13:10:00,340.18
2014-10-31 14:10:00,339.82
2014-10-31 15:10:00,339.19
2014-10-31 16:10:00,341.81
2014-10-31 17:10:00,341.92
2014-10-31 18:10:00,344.33
2014-10-31 19:10:00,343.01
2014-10-31 20:10:00,345.33
2014-10-31 21:10:00,343.25
2014-10-31 22:10:00,344.76
2014-10-31 23:10:00,344.64
2014-10-31 24:10:00,345.33
2014-11-01 01:11:00,342.56
2014-11-01 02:11:00,343.34
2014-11-01 03:11:00,340.76
2014-11-01 04:11:00,346.15
2014-11-01 05:11:00,341.72
2014-11-01 06:11:00,341.58
2014-11-01 07:11:00,341.03
2014-11-01 08:11:00,333.16
2014-11-01 09:11:00,330.05
2014-11-01 10:11:00,328.21
2014-11-01 11:11:00,328.08
2014-11-01 12:11:00,327.76
2014-11-01 13:11:00,329.65
2014-11-01 14:11:00,327.77
2014-11-01 15:11:00,325.06
2014-11-01 16:11:00,326.61
2014-11-01 17:11:00,328.8
2014-11-01 18:11:00,330.55
2014-11-01 19:11:00,331.6
2014-11-01 20:11:00,332.57
2014-11-01 21:11:00,326.06
2014-11-01 22:11:00,325.27
2014-11-01 23:11:00,325.13
2014-11-01 24:11:00,325.92
2014-11-02 01:11:00,324.96
2014-11-02 02:11:00,327.59
2014-11-02 03:11:00,328.43
2014-11-02 04:11:00,328.1
2014-11-02 05:11:00,328.22
2014-11-02 06:11:00,326.75
2014-11-02 07:11:00,328.15
2014-11-02 08:11:00,328.68
2014-11-02 09:11:00,327.5
2014-11-02 10:11:00,324.44
2014-11-02 11:11:00,324.43
2014-11-02 12:11:00,324.01
2014-11-02 13:11:00,322.25
2014-11-02 14:11:00,321.83
2014-11-02 15:11:00,322.07
2014-11-02 16:11:00,323.43
2014-11-02 17:11:00,324
2014-11-02 18:11:00,324.45
2014-11-02 19:11:00,327.11
2014-11-02 20:11:00,326.45
2014-11-02 21:11:00,329.2
2014-11-02 22:11:00,327.05
2014-11-02 23:11:00,326.39
2014-11-02 24:11:00,325.08
2014-11-03 01:11:00,326.88
2014-11-03 02:11:00,325.35
2014-11-03 03:11:00,329.4
2014-11-03 04:11:00,330.54
2014-11-03 05:11:00,331.18
2014-11-03 06:11:00,330.92
2014-11-03 07:11:00,331.58
2014-11-03 08:11:00,330.73
2014-11-03 09:11:00,330.68
2014-11-03 10:11:00,328.23
2014-11-03 11:11:00,326.22
2014-11-03 12:11:00,326.81
2014-11-03 13:11:00,325.87
2014-11-03 14:11:00,326.98
2014-11-03 15:11:00,326.63
2014-11-03 16:11:00,328.94
2014-11-03 17:11:00,329.21
2014-11-03 18:11:00,330.71
2014-11-03 19:11:00,332.11
2014-11-03 20:11:00,331.07
2014-11-03 21:11:00,335.3
2014-11-03 22:11:00,332.78
2014-11-03 23:11:00,332.92
2014-11-03 24:11:00,330.33
2014-11-04 01:11:00,328.84
2014-11-04 02:11:00,328.94
2014-11-04 03:11:00,325.91
2014-11-04 04:11:00,329.98
2014-11-04 05:11:00,325.19
2014-11-04 06:11:00,327.87
2014-11-04 07:11:00,323.67
2014-11-04 08:11:00,322.98
2014-11-04 09:11:00,322.78
2014-11-04 10:11:00,322.89
2014-11-04 11:11:00,322.05
2014-11-04 12:11:00,323.52
2014-11-04 13:11:00,323.53
2014-11-04 14:11:00,323.53
2014-11-04 15:11:00,324.12
2014-11-04 16:11:00,328.18
2014-11-04 17:11:00,330.7
2014-11-04 18:11:00,329.28
2014-11-04 19:11:00,328.32
2014-11-04 20:11:00,326.39
2014-11-04 21:11:00,331.69
2014-11-04 22:11:00,336.72
2014-11-04 23:11:00,332.77
2014-11-04 24:11:00,331.95
2014-11-05 01:11:00,330.3
2014-11-05 02:11:00,331.76
2014-11-05 03:11:00,334.31
2014-11-05 04:11:00,333.17
2014-11-05 05:11:00,334.93
2014-11-05 06:11:00,332.05
2014-11-05 07:11:00,332.2
2014-11-05 08:11:00,331.15
2014-11-05 09:11:00,331.55
2014-11-05 10:11:00,331.88
2014-11-05 11:11:00,332.37
2014-11-05 12:11:00,335.57
2014-11-05 13:11:00,333.98
2014-11-05 14:11:00,333.5
2014-11-05 15:11:00,334.78
2014-11-05 16:11:00,335.83
2014-11-05 17:11:00,340.63
2014-11-05 18:11:00,342.85
2014-11-05 19:11:00,341.76
2014-11-05 20:11:00,343.17
2014-11-05 21:11:00,342.61
2014-11-05 22:11:00,339.01
2014-11-05 23:11:00,344.46
2014-11-05 24:11:00,343.17
2014-11-06 01:11:00,344.85
2014-11-06 02:11:00,343.16
2014-11-06 03:11:00,339.94
2014-11-06 04:11:00,344.07
2014-11-06 05:11:00,339.54
2014-11-06 06:11:00,338.83
2014-11-06 07:11:00,337.04
2014-11-06 08:11:00,338.59
2014-11-06 09:11:00,338.82
2014-11-06 10:11:00,338.93
2014-11-06 11:11:00,338.53
2014-11-06 12:11:00,338.54
2014-11-06 13:11:00,338.95
2014-11-06 14:11:00,339.03
2014-11-06 15:11:00,339.35
2014-11-06 16:11:00,340.35
2014-11-06 17:11:00,340.47
2014-11-06 18:11:00,348.28
2014-11-06 19:11:00,350.86
2014-11-06 20:11:00,353.21
2014-11-06 21:11:00,348.46
2014-11-06 22:11:00,348.06
2014-11-06 23:11:00,351.48
2014-11-06 24:11:00,353.65
2014-11-07 01:11:00,347.95
2014-11-07 02:11:00,349.93
2014-11-07 03:11:00,349.92
2014-11-07 04:11:00,349.08
2014-11-07 05:11:00,350.2
2014-11-07 06:11:00,348.37
2014-11-07 07:11:00,350.44
2014-11-07 08:11:00,353.72
2014-11-07 09:11:00,352.31
2014-11-07 10:11:00,346.93
2014-11-07 11:11:00,346.9
2014-11-07 12:11:00,345.59
2014-11-07 13:11:00,344.01
2014-11-07 14:11:00,343.27
2014-11-07 15:11:00,343.25
2014-11-07 16:11:00,344.75
2014-11-07 17:11:00,343.93
2014-11-07 18:11:00,347.09
2014-11-07 19:11:00,349.66
2014-11-07 20:11:00,345.26
2014-11-07 21:11:00,347.46
2014-11-07 22:11:00,346.06
2014-11-07 23:11:00,344.57
2014-11-07 24:11:00,347.58
2014-11-08 01:11:00,346.6
2014-11-08 02:11:00,346.17
2014-11-08 03:11:00,347.34
2014-11-08 04:11:00,347.26
2014-11-08 05:11:00,347.08
2014-11-08 06:11:00,348.41
2014-11-08 07:11:00,346.2
2014-11-08 08:11:00,344.86
2014-11-08 09:11:00,342.68
2014-11-08 10:11:00,342.36
2014-11-08 11:11:00,346.84
2014-11-08 12:11:00,341.61
2014-11-08 13:11:00,342.11
2014-11-08 14:11:00,342.37
2014-11-08 15:11:00,341.35
2014-11-08 16:11:00,343.8
2014-11-08 17:11:00,344.42
2014-11-08 18:11:00,351.02
2014-11-08 19:11:00,349.9
2014-11-08 20:11:00,349.57
2014-11-08 21:11:00,346.26
2014-11-08 22:11:00,346.54
2014-11-08 23:11:00,352.98
2014-11-08 24:11:00,348.07
2014-11-09 01:11:00,347.72
2014-11-09 02:11:00,347.9
2014-11-09 03:11:00,349.91
2014-11-09 04:11:00,342.87
2014-11-09 05:11:00,344.09
2014-11-09 06:11:00,345.16
2014-11-09 07:11:00,343.78
2014-11-09 08:11:00,343.42
2014-11-09 09:11:00,343.19
2014-11-09 10:11:00,347.1
2014-11-09 11:11:00,348.05
2014-11-09 12:11:00,349.08
2014-11-09 13:11:00,349.04
2014-11-09 14:11:00,348.63
2014-11-09 15:11:00,348.93
2014-11-09 16:11:00,353.66
2014-11-09 17:11:00,355.77
2014-11-09 18:11:00,357.52
2014-11-09 19:11:00,358.55
2014-11-09 20:11:00,359.19
2014-11-09 21:11:00,358.69
2014-11-09 22:11:00,360.57
2014-11-09 23:11:00,358.02
2014-11-09 24:11:00,359.63
2014-11-10 01:11:00,359.53
2014-11-10 02:11:00,362.13
2014-11-10 03:11:00,360.69
2014-11-10 04:11:00,358.97
2014-11-10 05:11:00,360.86
2014-11-10 06:11:00,358.27
2014-11-10 07:11:00,359.35
2014-11-10 08:11:00,358.37
2014-11-10 09:11:00,359.88
2014-11-10 10:11:00,362.2
2014-11-10 11:11:00,361.43
2014-11-10 12:11:00,360.72
2014-11-10 13:11:00,366.47
2014-11-10 14:11:00,369.19
2014-11-10 15:11:00,368.87
2014-11-10 16:11:00,369.61
2014-11-10 17:11:00,371.58
2014-11-10 18:11:00,374.71
2014-11-10 19:11:00,373.57
2014-11-10 20:11:00,376.76
2014-11-10 21:11:00,376.22
2014-11-10 22:11:00,375.77
2014-11-10 23:11:00,371.82
2014-11-10 24:11:00,371.7
2014-11-11 01:11:00,373.69
2014-11-11 02:11:00,368.19
2014-11-11 03:11:00,367.29
2014-11-11 04:11:00,371.48
2014-11-11 05:11:00,369.43
2014-11-11 06:11:00,372.27
2014-11-11 07:11:00,370.53
2014-11-11 08:11:00,370.11
2014-11-11 09:11:00,370.06
2014-11-11 10:11:00,369.31
2014-11-11 11:11:00,368.49
2014-11-11 12:11:00,368.05
2014-11-11 13:11:00,368
2014-11-11 14:11:00,368.45
2014-11-11 15:11:00,365.92
2014-11-11 16:11:00,364.79
2014-11-11 17:11:00,364.2
2014-11-11 18:11:00,368.94
2014-11-11 19:11:00,363.7
2014-11-11 20:11:00,367.82
2014-11-11 21:11:00,363.01
2014-11-11 22:11:00,367.78
2014-11-11 23:11:00,364.11
2014-11-11 24:11:00,372.25
2014-11-12 01:11:00,369.28
2014-11-12 02:11:00,371
2014-11-12 03:11:00,371.34
2014-11-12 04:11:00,375.02
2014-11-12 05:11:00,380.3
2014-11-12 06:11:00,378.68
2014-11-12 07:11:00,381.71
2014-11-12 08:11:00,381.38
2014-11-12 09:11:00,381.89
2014-11-12 10:11:00,381.65
2014-11-12 11:11:00,378.84
2014-11-12 12:11:00,378.23
2014-11-12 13:11:00,385.95
2014-11-12 14:11:00,390.6
2014-11-12 15:11:00,391.13
2014-11-12 16:11:00,393.52
2014-11-12 17:11:00,396.47
2014-11-12 18:11:00,405.31
2014-11-12 19:11:00,410.51
2014-11-12 20:11:00,432.74
2014-11-12 21:11:00,430.91
2014-11-12 22:11:00,429.22
2014-11-12 23:11:00,431.95
2014-11-12 24:11:00,435.09
2014-11-13 01:11:00,431.1
2014-11-13 02:11:00,442.42
2014-11-13 03:11:00,446.35
2014-11-13 04:11:00,440.71
2014-11-13 05:11:00,443.58
2014-11-13 06:11:00,458.97
2014-11-13 07:11:00,472.21
2014-11-13 08:11:00,468.25
2014-11-13 09:11:00,462.26
2014-11-13 10:11:00,463.15
2014-11-13 11:11:00,456.27
2014-11-13 12:11:00,437.2
2014-11-13 13:11:00,434.66
2014-11-13 14:11:00,432.02
2014-11-13 15:11:00,436.61
2014-11-13 16:11:00,435.88
2014-11-13 17:11:00,440.19
2014-11-13 18:11:00,437.7
2014-11-13 19:11:00,430.72
2014-11-13 20:11:00,416.87
2014-11-13 21:11:00,402.27
2014-11-13 22:11:00,404.1
2014-11-13 23:11:00,414.08
2014-11-13 24:11:00,410.47
2014-11-14 01:11:00,425.78
2014-11-14 02:11:00,424.08
2014-11-14 03:11:00,419.25
2014-11-14 04:11:00,406.49
2014-11-14 05:11:00,392.99
2014-11-14 06:11:00,390.72
2014-11-14 07:11:00,392.12
2014-11-14 08:11:00,391.07
2014-11-14 09:11:00,397.11
2014-11-14 10:11:00,394.63
2014-11-14 11:11:00,385.29
2014-11-14 12:11:00,389.37
2014-11-14 13:11:00,396.87
2014-11-14 14:11:00,395.76
2014-11-14 15:11:00,405.39
2014-11-14 16:11:00,407.28
2014-11-14 17:11:00,397.98
2014-11-14 18:11:00,397.02
2014-11-14 19:11:00,394.02
2014-11-14 20:11:00,393.21
2014-11-14 21:11:00,397.42
2014-11-14 22:11:00,396.99
2014-11-14 23:11:00,397.97
2014-11-14 24:11:00,399.84
2014-11-15 01:11:00,397.09
2014-11-15 02:11:00,403.72
2014-11-15 03:11:00,403.39
2014-11-15 04:11:00,396.34
2014-11-15 05:11:00,395.1
2014-11-15 06:11:00,397.56
2014-11-15 07:11:00,397.27
2014-11-15 08:11:00,396.67
2014-11-15 09:11:00,396.98
2014-11-15 10:11:00,399.77
2014-11-15 11:11:00,395.62
2014-11-15 12:11:00,392.05
2014-11-15 13:11:00,390.12
2014-11-15 14:11:00,391.31
2014-11-15 15:11:00,386.72
2014-11-15 16:11:00,382.07
2014-11-15 17:11:00,379.26
2014-11-15 18:11:00,379.92
2014-11-15 19:11:00,376.21
2014-11-15 20:11:00,376.38
2014-11-15 21:11:00,376.92
2014-11-15 22:11:00,379.33
2014-11-15 23:11:00,378.06
2014-11-15 24:11:00,381.02
2014-11-16 01:11:00,377.65
2014-11-16 02:11:00,377.29
2014-11-16 03:11:00,377.09
2014-11-16 04:11:00,378.56
2014-11-16 05:11:00,376.92
2014-11-16 06:11:00,377.24
2014-11-16 07:11:00,379.05
2014-11-16 08:11:00,382.11
2014-11-16 09:11:00,384.97
2014-11-16 10:11:00,388.8
2014-11-16 11:11:00,386.1
2014-11-16 12:11:00,384.49
2014-11-16 13:11:00,384.17
2014-11-16 14:11:00,388.67
2014-11-16 15:11:00,386.47
2014-11-16 16:11:00,383.61
2014-11-16 17:11:00,380.1
2014-11-16 18:11:00,377.97
2014-11-16 19:11:00,380.1
2014-11-16 20:11:00,378.72
2014-11-16 21:11:00,385.16
2014-11-16 22:11:00,388.94
2014-11-16 23:11:00,386.7
2014-11-16 24:11:00,387.15
2014-11-17 01:11:00,388.88
2014-11-17 02:11:00,389.21
2014-11-17 03:11:00,398.84
2014-11-17 04:11:00,400.94
2014-11-17 05:11:00,403.43
2014-11-17 06:11:00,400.63
2014-11-17 07:11:00,399.04
2014-11-17 08:11:00,401.57
2014-11-17 09:11:00,399.27
2014-11-17 10:11:00,398.97
2014-11-17 11:11:00,407.12
2014-11-17 12:11:00,408.07
2014-11-17 13:11:00,405.94
2014-11-17 14:11:00,406.86
2014-11-17 15:11:00,400.97
2014-11-17 16:11:00,399.92
2014-11-17 17:11:00,400.9
2014-11-17 18:11:00,403.92
2014-11-17 19:11:00,398.04
2014-11-17 20:11:00,389.86
2014-11-17 21:11:00,386.06
2014-11-17 22:11:00,388.26
2014-11-17 23:11:00,389.12
2014-11-17 24:11:00,386.34
2014-11-18 01:11:00,389.06
2014-11-18 02:11:00,390.8
2014-11-18 03:11:00,392.31
2014-11-18 04:11:00,392.11
2014-11-18 05:11:00,387.11
2014-11-18 06:11:00,386.07
2014-11-18 07:11:00,387.5
2014-11-18 08:11:00,389.14
2014-11-18 09:11:00,389.27
2014-11-18 10:11:00,389.21
2014-11-18 11:11:00,384.09
2014-11-18 12:11:00,382.8
2014-11-18 13:11:00,375.95
2014-11-18 14:11:00,377.26
2014-11-18 15:11:00,377.01
2014-11-18 16:11:00,375.64
2014-11-18 17:11:00,380.94
2014-11-18 18:11:00,380.42
2014-11-18 19:11:00,380.46
2014-11-18 20:11:00,384.44
2014-11-18 21:11:00,384.63
2014-11-18 22:11:00,385.29
2014-11-18 23:11:00,381.59
2014-11-18 24:11:00,384.47
2014-11-19 01:11:00,384.28
2014-11-19 02:11:00,379.17
2014-11-19 03:11:00,381.55
2014-11-19 04:11:00,382.15
2014-11-19 05:11:00,380.9
2014-11-19 06:11:00,380.91
2014-11-19 07:11:00,381.05
2014-11-19 08:11:00,379.79
2014-11-19 09:11:00,386.47
2014-11-19 10:11:00,387.83
2014-11-19 11:11:00,386.04
2014-11-19 12:11:00,386.11
2014-11-19 13:11:00,384.79
2014-11-19 14:11:00,381.06
2014-11-19 15:11:00,378.42
2014-11-19 16:11:00,379.51
2014-11-19 17:11:00,380.11
2014-11-19 18:11:00,381.17
2014-11-19 19:11:00,380.14
2014-11-19 20:11:00,382.83
2014-11-19 21:11:00,381.51
2014-11-19 22:11:00,381.92
2014-11-19 23:11:00,384.7
2014-11-19 24:11:00,379.3
2014-11-20 01:11:00,380.58
2014-11-20 02:11:00,382.48
2014-11-20 03:11:00,383.31
2014-11-20 04:11:00,382.44
2014-11-20 05:11:00,378.17
2014-11-20 06:11:00,377.95
2014-11-20 07:11:00,380.81
2014-11-20 08:11:00,381.5
2014-11-20 09:11:00,380.55
2014-11-20 10:11:00,376.59
2014-11-20 11:11:00,365.15
2014-11-20 12:11:00,362.49
2014-11-20 13:11:00,362.2
2014-11-20 14:11:00,361.75
2014-11-20 15:11:00,361.16
2014-11-20 16:11:00,364.71
2014-11-20 17:11:00,363.22
2014-11-20 18:11:00,361.42
2014-11-20 19:11:00,365.23
2014-11-20 20:11:00,366.16
2014-11-20 21:11:00,367.25
2014-11-20 22:11:00,367.91
2014-11-20 23:11:00,364.65
2014-11-20 24:11:00,360.64
2014-11-21 01:11:00,361.53
2014-11-21 02:11:00,359.87
2014-11-21 03:11:00,351.69
2014-11-21 04:11:00,354.34
2014-11-21 05:11:00,352
2014-11-21 06:11:00,353.39
2014-11-21 07:11:00,350.36
2014-11-21 08:11:00,350.23
2014-11-21 09:11:00,346.24
2014-11-21 10:11:00,349.99
2014-11-21 11:11:00,352.65
2014-11-21 12:11:00,351.66
2014-11-21 13:11:00,350.5
2014-11-21 14:11:00,353.25
2014-11-21 15:11:00,354
2014-11-21 16:11:00,350.83
2014-11-21 17:11:00,355.51
2014-11-21 18:11:00,354.3
2014-11-21 19:11:00,355.3
2014-11-21 20:11:00,358.11
2014-11-21 21:11:00,361.45
2014-11-21 22:11:00,357.71
2014-11-21 23:11:00,358.41
2014-11-21 24:11:00,357.57
2014-11-22 01:11:00,355.64
2014-11-22 02:11:00,355.93
2014-11-22 03:11:00,354.5
2014-11-22 04:11:00,354.91
2014-11-22 05:11:00,354.5
2014-11-22 06:11:00,354.87
2014-11-22 07:11:00,357.38
2014-11-22 08:11:00,359.2
2014-11-22 09:11:00,357.71
2014-11-22 10:11:00,358.87
2014-11-22 11:11:00,357.55
2014-11-22 12:11:00,357.91
2014-11-22 13:11:00,360.68
2014-11-22 14:11:00,363.04
2014-11-22 15:11:00,362.56
2014-11-22 16:11:00,358.75
2014-11-22 17:11:00,355.51
2014-11-22 18:11:00,355.32
2014-11-22 19:11:00,355.43
2014-11-22 20:11:00,369.79
2014-11-22 21:11:00,360.75
2014-11-22 22:11:00,361.09
2014-11-22 23:11:00,357.17
2014-11-22 24:11:00,359.17
2014-11-23 01:11:00,355.58
2014-11-23 02:11:00,356.51
2014-11-23 03:11:00,353.87
2014-11-23 04:11:00,359.67
2014-11-23 05:11:00,357.99
2014-11-23 06:11:00,357.89
2014-11-23 07:11:00,358.49
2014-11-23 08:11:00,358.84
2014-11-23 09:11:00,359.13
2014-11-23 10:11:00,359.41
2014-11-23 11:11:00,356.46
2014-11-23 12:11:00,355.36
2014-11-23 13:11:00,357.99
2014-11-23 14:11:00,356.68
2014-11-23 15:11:00,355.5
2014-11-23 16:11:00,357.37
2014-11-23 17:11:00,361.49
2014-11-23 18:11:00,362.47
2014-11-23 19:11:00,365.82
2014-11-23 20:11:00,373.75
2014-11-23 21:11:00,374.95
2014-11-23 22:11:00,375.5
2014-11-23 23:11:00,366.44
2014-11-23 24:11:00,368.11
2014-11-24 01:11:00,369.68
2014-11-24 02:11:00,366.8
2014-11-24 03:11:00,369.88
2014-11-24 04:11:00,368.77
2014-11-24 05:11:00,370.23
2014-11-24 06:11:00,368.49
2014-11-24 07:11:00,366.84
2014-11-24 08:11:00,366.84
2014-11-24 09:11:00,365.13
2014-11-24 10:11:00,367.28
2014-11-24 11:11:00,373.22
2014-11-24 12:11:00,372.25
2014-11-24 13:11:00,372.07
2014-11-24 14:11:00,370.74
2014-11-24 15:11:00,371.34
2014-11-24 16:11:00,375.76
2014-11-24 17:11:00,378.88
2014-11-24 18:11:00,379.05
2014-11-24 19:11:00,380.86
2014-11-24 20:11:00,382.49
2014-11-24 21:11:00,383.15
2014-11-24 22:11:00,386.98
2014-11-24 23:11:00,387.12
2014-11-24 24:11:00,382.31
2014-11-25 01:11:00,381.73
2014-11-25 02:11:00,380.41
2014-11-25 03:11:00,385.08
2014-11-25 04:11:00,387.04
2014-11-25 05:11:00,387.65
2014-11-25 06:11:00,383.59
2014-11-25 07:11:00,383.54
2014-11-25 08:11:00,384.34
2014-11-25 09:11:00,386.75
2014-11-25 10:11:00,387.64
2014-11-25 11:11:00,392.44
2014-11-25 12:11:00,391.95
2014-11-25 13:11:00,387.31
2014-11-25 14:11:00,388.99
2014-11-25 15:11:00,384.67
2014-11-25 16:11:00,380.65
2014-11-25 17:11:00,381.57
2014-11-25 18:11:00,379.17
2014-11-25 19:11:00,374.02
2014-11-25 20:11:00,380.97
2014-11-25 21:11:00,376.06
2014-11-25 22:11:00,379.78
2014-11-25 23:11:00,376.14
2014-11-25 24:11:00,378.37
2014-11-26 01:11:00,380.61
2014-11-26 02:11:00,372.5
2014-11-26 03:11:00,371.04
2014-11-26 04:11:00,371.88
2014-11-26 05:11:00,373.71
2014-11-26 06:11:00,378.82
2014-11-26 07:11:00,378.94
2014-11-26 08:11:00,377.95
2014-11-26 09:11:00,378.14
2014-11-26 10:11:00,369.95
2014-11-26 11:11:00,367.46
2014-11-26 12:11:00,368.76
2014-11-26 13:11:00,369.28
2014-11-26 14:11:00,371.37
2014-11-26 15:11:00,372.78
2014-11-26 16:11:00,371.36
2014-11-26 17:11:00,374.44
2014-11-26 18:11:00,375.3
2014-11-26 19:11:00,370.96
2014-11-26 20:11:00,372.38
2014-11-26 21:11:00,370.24
2014-11-26 22:11:00,371.59
2014-11-26 23:11:00,373.15
2014-11-26 24:11:00,367.81
2014-11-27 01:11:00,369.67
2014-11-27 02:11:00,370.24
2014-11-27 03:11:00,374.62
2014-11-27 04:11:00,374.9
2014-11-27 05:11:00,375.83
2014-11-27 06:11:00,373.92
2014-11-27 07:11:00,374.35
2014-11-27 08:11:00,373.44
2014-11-27 09:11:00,369.62
2014-11-27 10:11:00,370.81
2014-11-27 11:11:00,372.1
2014-11-27 12:11:00,373.07
2014-11-27 13:11:00,374.5
2014-11-27 14:11:00,371.8
2014-11-27 15:11:00,370.78
2014-11-27 16:11:00,370.14
2014-11-27 17:11:00,370.37
2014-11-27 18:11:00,370.15
2014-11-27 19:11:00,369.61
2014-11-27 20:11:00,372.98
2014-11-27 21:11:00,369.93
2014-11-27 22:11:00,366.37
2014-11-27 23:11:00,368.1
2014-11-27 24:11:00,366.86
2014-11-28 01:11:00,374.77
2014-11-28 02:11:00,371.58
2014-11-28 03:11:00,372.26
2014-11-28 04:11:00,373.99
2014-11-28 05:11:00,371.6
2014-11-28 06:11:00,375.38
2014-11-28 07:11:00,368.16
2014-11-28 08:11:00,363.9
2014-11-28 09:11:00,365.19
2014-11-28 10:11:00,362.31
2014-11-28 11:11:00,362.59
2014-11-28 12:11:00,362.1
2014-11-28 13:11:00,358.17
2014-11-28 14:11:00,361.84
2014-11-28 15:11:00,362.64
2014-11-28 16:11:00,363.17
2014-11-28 17:11:00,366.71
2014-11-28 18:11:00,372.12
2014-11-28 19:11:00,376.28
2014-11-28 20:11:00,374.52
2014-11-28 21:11:00,378.85
2014-11-28 22:11:00,375.47
2014-11-28 23:11:00,380
2014-11-28 24:11:00,381.81
2014-11-29 01:11:00,381.86
2014-11-29 02:11:00,377.83
2014-11-29 03:11:00,377.14
2014-11-29 04:11:00,377.3
2014-11-29 05:11:00,376.6
2014-11-29 06:11:00,379.32
2014-11-29 07:11:00,379.15
2014-11-29 08:11:00,381.63
2014-11-29 09:11:00,379.94
2014-11-29 10:11:00,378.93
2014-11-29 11:11:00,381.07
2014-11-29 12:11:00,377.07
2014-11-29 13:11:00,377.77
2014-11-29 14:11:00,384.9
2014-11-29 15:11:00,385.73
2014-11-29 16:11:00,384.43
2014-11-29 17:11:00,383.71
2014-11-29 18:11:00,383.5
2014-11-29 19:11:00,381.26
2014-11-29 20:11:00,376.56
2014-11-29 21:11:00,374.56
2014-11-29 22:11:00,375.24
2014-11-29 23:11:00,377.61
2014-11-29 24:11:00,374.45
2014-11-30 01:11:00,377.41
2014-11-30 02:11:00,376.69
2014-11-30 03:11:00,379.08
2014-11-30 04:11:00,381.17
2014-11-30 05:11:00,381.6
2014-11-30 06:11:00,381.76
2014-11-30 07:11:00,379.57
2014-11-30 08:11:00,378.35
2014-11-30 09:11:00,379.07
2014-11-30 10:11:00,376.62
2014-11-30 11:11:00,376.7
2014-11-30 12:11:00,380.02
2014-11-30 13:11:00,377.92
2014-11-30 14:11:00,378.13
2014-11-30 15:11:00,379.95
2014-11-30 16:11:00,377.17
2014-11-30 17:11:00,377.66
2014-11-30 18:11:00,374.49
2014-11-30 19:11:00,379.06
2014-11-30 20:11:00,377.88
2014-11-30 21:11:00,381.48
2014-11-30 22:11:00,377.79
2014-11-30 23:11:00,374.8
2014-11-30 24:11:00,382.69
2014-12-01 01:12:00,376.56
2014-12-01 02:12:00,376.52
2014-12-01 03:12:00,378.15
2014-12-01 04:12:00,377.84
2014-12-01 05:12:00,378.38
2014-12-01 06:12:00,379.92
2014-12-01 07:12:00,379.2
2014-12-01 08:12:00,381.97
2014-12-01 09:12:00,382.37
2014-12-01 10:12:00,380.19
2014-12-01 11:12:00,378.19
2014-12-01 12:12:00,378.29
2014-12-01 13:12:00,377.46
2014-12-01 14:12:00,378.03
2014-12-01 15:12:00,380.05
2014-12-01 16:12:00,379.91
2014-12-01 17:12:00,380.89
2014-12-01 18:12:00,377.9
2014-12-01 19:12:00,379.64
2014-12-01 20:12:00,381.12
2014-12-01 21:12:00,383.46
2014-12-01 22:12:00,383.79
2014-12-01 23:12:00,383.86
2014-12-01 24:12:00,378.55
2014-12-02 01:12:00,381.94
2014-12-02 02:12:00,379.99
2014-12-02 03:12:00,380.78
2014-12-02 04:12:00,377.66
2014-12-02 05:12:00,380.83
2014-12-02 06:12:00,380.03
2014-12-02 07:12:00,381.3
2014-12-02 08:12:00,382.44
2014-12-02 09:12:00,381.63
2014-12-02 10:12:00,380.16
2014-12-02 11:12:00,380.74
2014-12-02 12:12:00,382.7
2014-12-02 13:12:00,382.18
2014-12-02 14:12:00,382.36
2014-12-02 15:12:00,382.71
2014-12-02 16:12:00,382.62
2014-12-02 17:12:00,384.43
2014-12-02 18:12:00,383.92
2014-12-02 19:12:00,383.18
2014-12-02 20:12:00,386.89
2014-12-02 21:12:00,381.17
2014-12-02 22:12:00,383.18
2014-12-02 23:12:00,382.26
2014-12-02 24:12:00,384.62
2014-12-03 01:12:00,381.7
2014-12-03 02:12:00,383.4
2014-12-03 03:12:00,384.44
2014-12-03 04:12:00,387.14
2014-12-03 05:12:00,384.31
2014-12-03 06:12:00,384.86
2014-12-03 07:12:00,384.35
2014-12-03 08:12:00,382.84
2014-12-03 09:12:00,383.33
2014-12-03 10:12:00,376.82
2014-12-03 11:12:00,375.5
2014-12-03 12:12:00,377.1
2014-12-03 13:12:00,377.77
2014-12-03 14:12:00,377.1
2014-12-03 15:12:00,377.72
2014-12-03 16:12:00,378.31
2014-12-03 17:12:00,378.4
2014-12-03 18:12:00,382.5
2014-12-03 19:12:00,381.42
2014-12-03 20:12:00,381.74
2014-12-03 21:12:00,383.27
2014-12-03 22:12:00,384.01
2014-12-03 23:12:00,381.45
2014-12-03 24:12:00,378.21
2014-12-04 01:12:00,380.84
2014-12-04 02:12:00,378.88
2014-12-04 03:12:00,380.5
2014-12-04 04:12:00,383.84
2014-12-04 05:12:00,379.59
2014-12-04 06:12:00,380.5
2014-12-04 07:12:00,380.4
2014-12-04 08:12:00,380.77
2014-12-04 09:12:00,381.71
2014-12-04 10:12:00,379.37
2014-12-04 11:12:00,378.65
2014-12-04 12:12:00,376.83
2014-12-04 13:12:00,374.13
2014-12-04 14:12:00,370.84
2014-12-04 15:12:00,372.7
2014-12-04 16:12:00,374.09
2014-12-04 17:12:00,371.46
2014-12-04 18:12:00,373.86
2014-12-04 19:12:00,375.22
2014-12-04 20:12:00,376.71
2014-12-04 21:12:00,376.37
2014-12-04 22:12:00,376.46
2014-12-04 23:12:00,378.55
2014-12-04 24:12:00,378.41
2014-12-05 01:12:00,372.56
2014-12-05 02:12:00,373.04
2014-12-05 03:12:00,372.25
2014-12-05 04:12:00,371
2014-12-05 05:12:00,371.29
2014-12-05 06:12:00,373.6
2014-12-05 07:12:00,372.02
2014-12-05 08:12:00,372.87
2014-12-05 09:12:00,372.18
2014-12-05 10:12:00,372.05
2014-12-05 11:12:00,375.66
2014-12-05 12:12:00,376.67
2014-12-05 13:12:00,373.6
2014-12-05 14:12:00,373.89
2014-12-05 15:12:00,374.17
2014-12-05 16:12:00,375.27
2014-12-05 17:12:00,376
2014-12-05 18:12:00,375.99
2014-12-05 19:12:00,377.46
2014-12-05 20:12:00,377.44
2014-12-05 21:12:00,375.27
2014-12-05 22:12:00,376.87
2014-12-05 23:12:00,379.05
2014-12-05 24:12:00,379.67
2014-12-06 01:12:00,379.64
2014-12-06 02:12:00,378.27
2014-12-06 03:12:00,379.47
2014-12-06 04:12:00,380.93
2014-12-06 05:12:00,379.86
2014-12-06 06:12:00,376.38
2014-12-06 07:12:00,375.74
2014-12-06 08:12:00,374.75
2014-12-06 09:12:00,374.68
2014-12-06 10:12:00,376.6
2014-12-06 11:12:00,374.67
2014-12-06 12:12:00,375.44
2014-12-06 13:12:00,375.75
2014-12-06 14:12:00,376.02
2014-12-06 15:12:00,375.79
2014-12-06 16:12:00,375.76
2014-12-06 17:12:00,375.97
2014-12-06 18:12:00,376.56
2014-12-06 19:12:00,380.32
2014-12-06 20:12:00,382.05
2014-12-06 21:12:00,375.83
2014-12-06 22:12:00,379.44
2014-12-06 23:12:00,382.94
2014-12-06 24:12:00,382.66
2014-12-07 01:12:00,377.89
2014-12-07 02:12:00,387.26
2014-12-07 03:12:00,383.54
2014-12-07 04:12:00,382.19
2014-12-07 05:12:00,378.47
2014-12-07 06:12:00,378.02
2014-12-07 07:12:00,378.33
2014-12-07 08:12:00,377.29
2014-12-07 09:12:00,379.25
2014-12-07 10:12:00,364.79
2014-12-07 11:12:00,377.57
2014-12-07 12:12:00,377.2
2014-12-07 13:12:00,377.21
2014-12-07 14:12:00,377.72
2014-12-07 15:12:00,377.29
2014-12-07 16:12:00,378.08
2014-12-07 17:12:00,378.92
2014-12-07 18:12:00,378.55
2014-12-07 19:12:00,380.72
2014-12-07 20:12:00,379.67
2014-12-07 21:12:00,376.09
2014-12-07 22:12:00,382.5
2014-12-07 23:12:00,379.63
2014-12-07 24:12:00,382.86
2014-12-08 01:12:00,376.84
2014-12-08 02:12:00,380.43
2014-12-08 03:12:00,384.74
2014-12-08 04:12:00,380.32
2014-12-08 05:12:00,379.62
2014-12-08 06:12:00,377.45
2014-12-08 07:12:00,376.34
2014-12-08 08:12:00,374.51
2014-12-08 09:12:00,372.31
2014-12-08 10:12:00,371
2014-12-08 11:12:00,368.31
2014-12-08 12:12:00,367.55
2014-12-08 13:12:00,368.25
2014-12-08 14:12:00,367.89
2014-12-08 15:12:00,368.54
2014-12-08 16:12:00,370.44
2014-12-08 17:12:00,370.84
2014-12-08 18:12:00,371.03
2014-12-08 19:12:00,373.44
2014-12-08 20:12:00,370.96
2014-12-08 21:12:00,374.17
2014-12-08 22:12:00,367.43
2014-12-08 23:12:00,371.94
2014-12-08 24:12:00,373.04
2014-12-09 01:12:00,368.28
2014-12-09 02:12:00,361.97
2014-12-09 03:12:00,365.69
2014-12-09 04:12:00,365.43
2014-12-09 05:12:00,361.24
2014-12-09 06:12:00,361.22
2014-12-09 07:12:00,354.6
2014-12-09 08:12:00,350.48
2014-12-09 09:12:00,350.79
2014-12-09 10:12:00,350.79
2014-12-09 11:12:00,350.93
2014-12-09 12:12:00,352.22
2014-12-09 13:12:00,351.36
2014-12-09 14:12:00,351.62
2014-12-09 15:12:00,354.06
2014-12-09 16:12:00,353.75
2014-12-09 17:12:00,348.97
2014-12-09 18:12:00,348.49
2014-12-09 19:12:00,356.83
2014-12-09 20:12:00,353.68
2014-12-09 21:12:00,357.34
2014-12-09 22:12:00,354.6
2014-12-09 23:12:00,358.77
2014-12-09 24:12:00,353.19
2014-12-10 01:12:00,352.6
2014-12-10 02:12:00,356.42
2014-12-10 03:12:00,354.87
2014-12-10 04:12:00,353.38
2014-12-10 05:12:00,354.65
2014-12-10 06:12:00,353.05
2014-12-10 07:12:00,351.37
2014-12-10 08:12:00,352.32
2014-12-10 09:12:00,350.43
2014-12-10 10:12:00,351.45
2014-12-10 11:12:00,351.38
2014-12-10 12:12:00,349.84
2014-12-10 13:12:00,349.65
2014-12-10 14:12:00,349.95
2014-12-10 15:12:00,349.06
2014-12-10 16:12:00,349.98
2014-12-10 17:12:00,350.84
2014-12-10 18:12:00,351.06
2014-12-10 19:12:00,352.72
2014-12-10 20:12:00,354.62
2014-12-10 21:12:00,348.98
2014-12-10 22:12:00,350.71
2014-12-10 23:12:00,349.57
2014-12-10 24:12:00,352.89
2014-12-11 01:12:00,351.37
2014-12-11 02:12:00,347.34
2014-12-11 03:12:00,346.69
2014-12-11 04:12:00,346.43
2014-12-11 05:12:00,342.14
2014-12-11 06:12:00,342.59
2014-12-11 07:12:00,355.33
2014-12-11 08:12:00,361.33
2014-12-11 09:12:00,359.35
2014-12-11 10:12:00,360.67
2014-12-11 11:12:00,358.97
2014-12-11 12:12:00,356.72
2014-12-11 13:12:00,354.86
2014-12-11 14:12:00,352.88
2014-12-11 15:12:00,354.44
2014-12-11 16:12:00,354.57
2014-12-11 17:12:00,356.96
2014-12-11 18:12:00,357.74
2014-12-11 19:12:00,353.67
2014-12-11 20:12:00,354.67
2014-12-11 21:12:00,354.79
2014-12-11 22:12:00,354.04
2014-12-11 23:12:00,349.41
2014-12-11 24:12:00,351.02
2014-12-12 01:12:00,351.07
2014-12-12 02:12:00,349.66
2014-12-12 03:12:00,349.97
2014-12-12 04:12:00,352.57
2014-12-12 05:12:00,350.7
2014-12-12 06:12:00,349.98
2014-12-12 07:12:00,353.28
2014-12-12 08:12:00,350.06
2014-12-12 09:12:00,351.19
2014-12-12 10:12:00,351.96
2014-12-12 11:12:00,353.2
2014-12-12 12:12:00,353.98
2014-12-12 13:12:00,353.35
2014-12-12 14:12:00,352.39
2014-12-12 15:12:00,351.69
2014-12-12 16:12:00,351.87
2014-12-12 17:12:00,352.75
2014-12-12 18:12:00,350.82
2014-12-12 19:12:00,353.81
2014-12-12 20:12:00,356.02
2014-12-12 21:12:00,357.57
2014-12-12 22:12:00,356.77
2014-12-12 23:12:00,358.52
2014-12-12 24:12:00,356.38
2014-12-13 01:12:00,353.6
2014-12-13 02:12:00,353.43
2014-12-13 03:12:00,352.86
2014-12-13 04:12:00,351.94
2014-12-13 05:12:00,349.67
2014-12-13 06:12:00,347.43
2014-12-13 07:12:00,348.81
2014-12-13 08:12:00,348.33
2014-12-13 09:12:00,348.31
2014-12-13 10:12:00,347.76
2014-12-13 11:12:00,347.17
2014-12-13 12:12:00,347.39
2014-12-13 13:12:00,347.21
2014-12-13 14:12:00,347.09
2014-12-13 15:12:00,347.66
2014-12-13 16:12:00,347.88
2014-12-13 17:12:00,350.79
2014-12-13 18:12:00,351.41
2014-12-13 19:12:00,348.37
2014-12-13 20:12:00,352.16
2014-12-13 21:12:00,347
2014-12-13 22:12:00,352.56
2014-12-13 23:12:00,351.97
2014-12-13 24:12:00,353.78
2014-12-14 01:12:00,350.92
2014-12-14 02:12:00,352.62
2014-12-14 03:12:00,349.78
2014-12-14 04:12:00,347.89
2014-12-14 05:12:00,349.93
2014-12-14 06:12:00,350.64
2014-12-14 07:12:00,349.33
2014-12-14 08:12:00,351.08
2014-12-14 09:12:00,350.24
2014-12-14 10:12:00,350.31
2014-12-14 11:12:00,348.94
2014-12-14 12:12:00,349.98
2014-12-14 13:12:00,349.7
2014-12-14 14:12:00,348.71
2014-12-14 15:12:00,349.06
2014-12-14 16:12:00,348.48
2014-12-14 17:12:00,348.94
2014-12-14 18:12:00,351
2014-12-14 19:12:00,352.91
2014-12-14 20:12:00,352.2
2014-12-14 21:12:00,350.23
2014-12-14 22:12:00,351.32
2014-12-14 23:12:00,351.41
2014-12-14 24:12:00,353.84
2014-12-15 01:12:00,352.05
2014-12-15 02:12:00,352.97
2014-12-15 03:12:00,350.69
2014-12-15 04:12:00,351.67
2014-12-15 05:12:00,352.34
2014-12-15 06:12:00,351.34
2014-12-15 07:12:00,352.6
2014-12-15 08:12:00,350.82
2014-12-15 09:12:00,347.54
2014-12-15 10:12:00,347.52
2014-12-15 11:12:00,348.33
2014-12-15 12:12:00,347.6
2014-12-15 13:12:00,347.89
2014-12-15 14:12:00,347.05
2014-12-15 15:12:00,347.29
2014-12-15 16:12:00,346.51
2014-12-15 17:12:00,348.68
2014-12-15 18:12:00,349.61
2014-12-15 19:12:00,350.87
2014-12-15 20:12:00,351.67
2014-12-15 21:12:00,347.33
2014-12-15 22:12:00,350.56
2014-12-15 23:12:00,350.91
2014-12-15 24:12:00,349.57
2014-12-16 01:12:00,351.02
2014-12-16 02:12:00,349.95
2014-12-16 03:12:00,347.35
2014-12-16 04:12:00,346.32
2014-12-16 05:12:00,342.66
2014-12-16 06:12:00,341.89
2014-12-16 07:12:00,340.03
2014-12-16 08:12:00,339.79
2014-12-16 09:12:00,339.33
2014-12-16 10:12:00,337.31
2014-12-16 11:12:00,334.77
2014-12-16 12:12:00,334.07
2014-12-16 13:12:00,332.04
2014-12-16 14:12:00,333.6
2014-12-16 15:12:00,332.97
2014-12-16 16:12:00,333.71
2014-12-16 17:12:00,336.61
2014-12-16 18:12:00,336.65
2014-12-16 19:12:00,337.64
2014-12-16 20:12:00,334.62
2014-12-16 21:12:00,336.2
2014-12-16 22:12:00,334.09
2014-12-16 23:12:00,333.93
2014-12-16 24:12:00,335.77
2014-12-17 01:12:00,334.95
2014-12-17 02:12:00,331.29
2014-12-17 03:12:00,335.65
2014-12-17 04:12:00,333.84
2014-12-17 05:12:00,333.31
2014-12-17 06:12:00,332.04
2014-12-17 07:12:00,331.79
2014-12-17 08:12:00,330.39
2014-12-17 09:12:00,328.21
2014-12-17 10:12:00,328.13
2014-12-17 11:12:00,326.51
2014-12-17 12:12:00,323.38
2014-12-17 13:12:00,321.83
2014-12-17 14:12:00,318.07
2014-12-17 15:12:00,318.92
2014-12-17 16:12:00,319.83
2014-12-17 17:12:00,320.53
2014-12-17 18:12:00,320.45
2014-12-17 19:12:00,318.84
2014-12-17 20:12:00,319.24
2014-12-17 21:12:00,318.98
2014-12-17 22:12:00,319.61
2014-12-17 23:12:00,323.75
2014-12-17 24:12:00,324.06
2014-12-18 01:12:00,320.89
2014-12-18 02:12:00,322.04
2014-12-18 03:12:00,320.95
2014-12-18 04:12:00,322.61
2014-12-18 05:12:00,322.92
2014-12-18 06:12:00,315.23
2014-12-18 07:12:00,311.21
2014-12-18 08:12:00,309.96
2014-12-18 09:12:00,307.37
2014-12-18 10:12:00,305.52
2014-12-18 11:12:00,308.11
2014-12-18 12:12:00,312.58
2014-12-18 13:12:00,313.49
2014-12-18 14:12:00,314.22
2014-12-18 15:12:00,310.9
2014-12-18 16:12:00,310.79
2014-12-18 17:12:00,312.5
2014-12-18 18:12:00,313.06
2014-12-18 19:12:00,313.38
2014-12-18 20:12:00,314.05
2014-12-18 21:12:00,316.24
2014-12-18 22:12:00,313.57
2014-12-18 23:12:00,313.05
2014-12-18 24:12:00,315.14
2014-12-19 01:12:00,311.58
2014-12-19 02:12:00,315.36
2014-12-19 03:12:00,314.38
2014-12-19 04:12:00,310.02
2014-12-19 05:12:00,312.63
2014-12-19 06:12:00,308.78
2014-12-19 07:12:00,310.02
2014-12-19 08:12:00,312.06
2014-12-19 09:12:00,312.93
2014-12-19 10:12:00,317.09
2014-12-19 11:12:00,315.35
2014-12-19 12:12:00,312.9
2014-12-19 13:12:00,311.91
2014-12-19 14:12:00,312.63
2014-12-19 15:12:00,312.32
2014-12-19 16:12:00,311.67
2014-12-19 17:12:00,313.09
2014-12-19 18:12:00,316.2
2014-12-19 19:12:00,314.74
2014-12-19 20:12:00,315.67
2014-12-19 21:12:00,316.44
2014-12-19 22:12:00,317.88
2014-12-19 23:12:00,321.77
2014-12-19 24:12:00,318.38
2014-12-20 01:12:00,319.55
2014-12-20 02:12:00,320.37
2014-12-20 03:12:00,318.74
2014-12-20 04:12:00,317.62
2014-12-20 05:12:00,321.55
2014-12-20 06:12:00,322.68
2014-12-20 07:12:00,325.5
2014-12-20 08:12:00,326.63
2014-12-20 09:12:00,323.43
2014-12-20 10:12:00,323.24
2014-12-20 11:12:00,327.03
2014-12-20 12:12:00,328.31
2014-12-20 13:12:00,329.47
2014-12-20 14:12:00,330.23
2014-12-20 15:12:00,329.58
2014-12-20 16:12:00,330.02
2014-12-20 17:12:00,330.39
2014-12-20 18:12:00,329.45
2014-12-20 19:12:00,327.95
2014-12-20 20:12:00,330.88
2014-12-20 21:12:00,328.96
2014-12-20 22:12:00,334.62
2014-12-20 23:12:00,331.46
2014-12-20 24:12:00,332.36
2014-12-21 01:12:00,331.47
2014-12-21 02:12:00,331.38
2014-12-21 03:12:00,331.19
2014-12-21 04:12:00,332.8
2014-12-21 05:12:00,328.77
2014-12-21 06:12:00,324.44
2014-12-21 07:12:00,322.71
2014-12-21 08:12:00,324.41
2014-12-21 09:12:00,324.53
2014-12-21 10:12:00,326.31
2014-12-21 11:12:00,323.82
2014-12-21 12:12:00,324.49
2014-12-21 13:12:00,325.23
2014-12-21 14:12:00,326.01
2014-12-21 15:12:00,325.66
2014-12-21 16:12:00,325.7
2014-12-21 17:12:00,338.46
2014-12-21 18:12:00,326.47
2014-12-21 19:12:00,326.79
2014-12-21 20:12:00,325.84
2014-12-21 21:12:00,329.36
2014-12-21 22:12:00,324.9
2014-12-21 23:12:00,325.92
2014-12-21 24:12:00,325.16
2014-12-22 01:12:00,324.92
2014-12-22 02:12:00,323.31
2014-12-22 03:12:00,326.41
2014-12-22 04:12:00,323.87
2014-12-22 05:12:00,323.95
2014-12-22 06:12:00,324.19
2014-12-22 07:12:00,320.58
2014-12-22 08:12:00,330.5
2014-12-22 09:12:00,332.14
2014-12-22 10:12:00,331.05
2014-12-22 11:12:00,331.61
2014-12-22 12:12:00,330.44
2014-12-22 13:12:00,330.47
2014-12-22 14:12:00,330.14
2014-12-22 15:12:00,326.33
2014-12-22 16:12:00,330.26
2014-12-22 17:12:00,333.28
2014-12-22 18:12:00,334.08
2014-12-22 19:12:00,333.61
2014-12-22 20:12:00,337.46
2014-12-22 21:12:00,336.36
2014-12-22 22:12:00,336.2
2014-12-22 23:12:00,334.37
2014-12-22 24:12:00,339.11
2014-12-23 01:12:00,335.23
2014-12-23 02:12:00,332.71
2014-12-23 03:12:00,332.95
2014-12-23 04:12:00,338.17
2014-12-23 05:12:00,332.37
2014-12-23 06:12:00,328.6
2014-12-23 07:12:00,334.56
2014-12-23 08:12:00,335.55
2014-12-23 09:12:00,334.89
2014-12-23 10:12:00,333.86
2014-12-23 11:12:00,330.99
2014-12-23 12:12:00,333.58
2014-12-23 13:12:00,332.22
2014-12-23 14:12:00,332.73
2014-12-23 15:12:00,332.82
2014-12-23 16:12:00,333.18
2014-12-23 17:12:00,335.17
2014-12-23 18:12:00,337.43
2014-12-23 19:12:00,334.2
2014-12-23 20:12:00,337.54
2014-12-23 21:12:00,336.99
2014-12-23 22:12:00,335.97
2014-12-23 23:12:00,339.85
2014-12-23 24:12:00,335.94
2014-12-24 01:12:00,339.99
2014-12-24 02:12:00,339.32
2014-12-24 03:12:00,337.97
2014-12-24 04:12:00,337.46
2014-12-24 05:12:00,336.82
2014-12-24 06:12:00,333.68
2014-12-24 07:12:00,339.4
2014-12-24 08:12:00,335.22
2014-12-24 09:12:00,335.6
2014-12-24 10:12:00,331.88
2014-12-24 11:12:00,331.32
2014-12-24 12:12:00,331.92
2014-12-24 13:12:00,331.67
2014-12-24 14:12:00,332.16
2014-12-24 15:12:00,331.2
2014-12-24 16:12:00,331.45
2014-12-24 17:12:00,331.46
2014-12-24 18:12:00,333.48
2014-12-24 19:12:00,328.12
2014-12-24 20:12:00,326.98
2014-12-24 21:12:00,325.61
2014-12-24 22:12:00,325.97
2014-12-24 23:12:00,326.1
2014-12-24 24:12:00,323.53
2014-12-25 01:12:00,324.62
2014-12-25 02:12:00,324.44
2014-12-25 03:12:00,319.41
2014-12-25 04:12:00,320.08
2014-12-25 05:12:00,321.93
2014-12-25 06:12:00,321.97
2014-12-25 07:12:00,325.26
2014-12-25 08:12:00,320.21
2014-12-25 09:12:00,319.62
2014-12-25 10:12:00,323.39
2014-12-25 11:12:00,318.04
2014-12-25 12:12:00,319.07
2014-12-25 13:12:00,319.08
2014-12-25 14:12:00,319.01
2014-12-25 15:12:00,317.41
2014-12-25 16:12:00,318.27
2014-12-25 17:12:00,318.36
2014-12-25 18:12:00,319.88
2014-12-25 19:12:00,320.62
2014-12-25 20:12:00,318.93
2014-12-25 21:12:00,317.76
2014-12-25 22:12:00,320.29
2014-12-25 23:12:00,320.97
2014-12-25 24:12:00,324.74
2014-12-26 01:12:00,318.85
2014-12-26 02:12:00,320.82
2014-12-26 03:12:00,320.23
2014-12-26 04:12:00,318.63
2014-12-26 05:12:00,318.65
2014-12-26 06:12:00,319.76
2014-12-26 07:12:00,321.75
2014-12-26 08:12:00,323.07
2014-12-26 09:12:00,321.21
2014-12-26 10:12:00,321.79
2014-12-26 11:12:00,324.2
2014-12-26 12:12:00,324.02
2014-12-26 13:12:00,322.89
2014-12-26 14:12:00,324.66
2014-12-26 15:12:00,323.55
2014-12-26 16:12:00,325.29
2014-12-26 17:12:00,331.77
2014-12-26 18:12:00,326.25
2014-12-26 19:12:00,326.16
2014-12-26 20:12:00,329.88
2014-12-26 21:12:00,331.97
2014-12-26 22:12:00,331.07
2014-12-26 23:12:00,330.29
2014-12-26 24:12:00,332.98
2014-12-27 01:12:00,334.43
2014-12-27 02:12:00,330.46
2014-12-27 03:12:00,326.55
2014-12-27 04:12:00,328.88
2014-12-27 05:12:00,323.35
2014-12-27 06:12:00,321.8
2014-12-27 07:12:00,321.6
2014-12-27 08:12:00,324.61
2014-12-27 09:12:00,323.98
2014-12-27 10:12:00,323.14
2014-12-27 11:12:00,321.81
2014-12-27 12:12:00,322.93
2014-12-27 13:12:00,323.8
2014-12-27 14:12:00,322.49
2014-12-27 15:12:00,320.01
2014-12-27 16:12:00,316.31
2014-12-27 17:12:00,315.51
2014-12-27 18:12:00,317.69
2014-12-27 19:12:00,317.9
2014-12-27 20:12:00,317.98
2014-12-27 21:12:00,317.85
2014-12-27 22:12:00,314.03
2014-12-27 23:12:00,315.71
2014-12-27 24:12:00,317.52
2014-12-28 01:12:00,319.8
2014-12-28 02:12:00,317.86
2014-12-28 03:12:00,319.5
2014-12-28 04:12:00,321.82
2014-12-28 05:12:00,319.82
2014-12-28 06:12:00,316.55
2014-12-28 07:12:00,315.93
2014-12-28 08:12:00,316.72
2014-12-28 09:12:00,318.51
2014-12-28 10:12:00,318.23
2014-12-28 11:12:00,317.15
2014-12-28 12:12:00,317.12
2014-12-28 13:12:00,314.44
2014-12-28 14:12:00,312.8
2014-12-28 15:12:00,313.35
2014-12-28 16:12:00,314.38
2014-12-28 17:12:00,315.48
2014-12-28 18:12:00,317.19
2014-12-28 19:12:00,317.79
2014-12-28 20:12:00,319.7
2014-12-28 21:12:00,319.28
2014-12-28 22:12:00,320.56
2014-12-28 23:12:00,316.43
2014-12-28 24:12:00,319.81
2014-12-29 01:12:00,316.46
2014-12-29 02:12:00,319.29
2014-12-29 03:12:00,323.33
2014-12-29 04:12:00,320.29
2014-12-29 05:12:00,322.78
2014-12-29 06:12:00,319.53
2014-12-29 07:12:00,318.26
2014-12-29 08:12:00,316.27
2014-12-29 09:12:00,318.68
2014-12-29 10:12:00,315.98
2014-12-29 11:12:00,313.63
2014-12-29 12:12:00,314.7
2014-12-29 13:12:00,312.12
2014-12-29 14:12:00,315.69
2014-12-29 15:12:00,316.59
2014-12-29 16:12:00,317.19
2014-12-29 17:12:00,320.23
2014-12-29 18:12:00,317.69
2014-12-29 19:12:00,318.66
2014-12-29 20:12:00,309.78
2014-12-29 21:12:00,320.04
2014-12-29 22:12:00,318.11
2014-12-29 23:12:00,319.88
2014-12-29 24:12:00,314.17
2014-12-30 01:12:00,322.14
2014-12-30 02:12:00,313.45
2014-12-30 03:12:00,317.33
2014-12-30 04:12:00,319.98
2014-12-30 05:12:00,322.15
2014-12-30 06:12:00,319.12
2014-12-30 07:12:00,320.29
2014-12-30 08:12:00,316.04
2014-12-30 09:12:00,315.12
2014-12-30 10:12:00,315.54
2014-12-30 11:12:00,313.58
2014-12-30 12:12:00,314.44
2014-12-30 13:12:00,311.75
2014-12-30 14:12:00,311.23
2014-12-30 15:12:00,312.98
2014-12-30 16:12:00,310.82
2014-12-30 17:12:00,312.69
2014-12-30 18:12:00,314
2014-12-30 19:12:00,315.38
2014-12-30 20:12:00,316.34
2014-12-30 21:12:00,324.01
2014-12-30 22:12:00,314.76
2014-12-30 23:12:00,312.61
2014-12-30 24:12:00,313.9
2014-12-31 01:12:00,316.23
2014-12-31 02:12:00,315.49
2014-12-31 03:12:00,314.54
2014-12-31 04:12:00,314.41
2014-12-31 05:12:00,313.41
2014-12-31 06:12:00,314.05
2014-12-31 07:12:00,312.26
2014-12-31 08:12:00,313.14
2014-12-31 09:12:00,317.41
2014-12-31 10:12:00,314.55
2014-12-31 11:12:00,314.84
2014-12-31 12:12:00,313.91
2014-12-31 13:12:00,313.76
2014-12-31 14:12:00,311.07
2014-12-31 15:12:00,309.39
2014-12-31 16:12:00,312.73
2014-12-31 17:12:00,313.07
2014-12-31 18:12:00,315.43
2014-12-31 19:12:00,318.73
2014-12-31 20:12:00,321.27
2014-12-31 21:12:00,319.57
2014-12-31 22:12:00,320.93
2014-12-31 23:12:00,320.16
2014-12-31 24:12:00,318.92
2015-01-01 01:01:00,319.77
2015-01-01 02:01:00,321.15
2015-01-01 03:01:00,319.35
2015-01-01 04:01:00,319.05
2015-01-01 05:01:00,319.38
2015-01-01 06:01:00,323.78
2015-01-01 07:01:00,316.58
2015-01-01 08:01:00,317
2015-01-01 09:01:00,318.11
2015-01-01 10:01:00,315.21
2015-01-01 11:01:00,317.03
2015-01-01 12:01:00,316.37
2015-01-01 13:01:00,316.92
2015-01-01 14:01:00,316.01
2015-01-01 15:01:00,316.44
2015-01-01 16:01:00,315.93
2015-01-01 17:01:00,316.57
2015-01-01 18:01:00,317.24
2015-01-01 19:01:00,320.01
2015-01-01 20:01:00,317.68
2015-01-01 21:01:00,319.67
2015-01-01 22:01:00,317.61
2015-01-01 23:01:00,315.08
2015-01-01 24:01:00,317.78
2015-01-02 01:01:00,317.68
2015-01-02 02:01:00,316.63
2015-01-02 03:01:00,313.6
2015-01-02 04:01:00,317.01
2015-01-02 05:01:00,316.8
2015-01-02 06:01:00,315.08
2015-01-02 07:01:00,316.63
2015-01-02 08:01:00,315.07
2015-01-02 09:01:00,316.07
2015-01-02 10:01:00,315.15
2015-01-02 11:01:00,314.79
2015-01-02 12:01:00,314.27
2015-01-02 13:01:00,315
2015-01-02 14:01:00,315.4
2015-01-02 15:01:00,315.98
2015-01-02 16:01:00,315.96
2015-01-02 17:01:00,317.46
2015-01-02 18:01:00,317.95
2015-01-02 19:01:00,315.3
2015-01-02 20:01:00,320
2015-01-02 21:01:00,324.43
2015-01-02 22:01:00,320.4
2015-01-02 23:01:00,319.98
2015-01-02 24:01:00,320.81
2015-01-03 01:01:00,322.92
2015-01-03 02:01:00,315.09
2015-01-03 03:01:00,316.45
2015-01-03 04:01:00,321.07
2015-01-03 05:01:00,312.37
2015-01-03 06:01:00,314.12
2015-01-03 07:01:00,314.29
2015-01-03 08:01:00,311.04
2015-01-03 09:01:00,307.76
2015-01-03 10:01:00,306.34
2015-01-03 11:01:00,306.06
2015-01-03 12:01:00,307.63
2015-01-03 13:01:00,306.33
2015-01-03 14:01:00,301.26
2015-01-03 15:01:00,300.86
2015-01-03 16:01:00,300
2015-01-03 17:01:00,302.45
2015-01-03 18:01:00,303.51
2015-01-03 19:01:00,302.38
2015-01-03 20:01:00,305.24
2015-01-03 21:01:00,303.24
2015-01-03 22:01:00,296.65
2015-01-03 23:01:00,294.55
2015-01-03 24:01:00,291.22
2015-01-04 01:01:00,287.14
2015-01-04 02:01:00,282.18
2015-01-04 03:01:00,283.33
2015-01-04 04:01:00,281.68
2015-01-04 05:01:00,281.76
2015-01-04 06:01:00,279.57
2015-01-04 07:01:00,282.92
2015-01-04 08:01:00,280.28
2015-01-04 09:01:00,280.67
2015-01-04 10:01:00,282.4
2015-01-04 11:01:00,285.52
2015-01-04 12:01:00,287.6
2015-01-04 13:01:00,284.68
2015-01-04 14:01:00,283.44
2015-01-04 15:01:00,277.62
2015-01-04 16:01:00,266.74
2015-01-04 17:01:00,263.22
2015-01-04 18:01:00,263.68
2015-01-04 19:01:00,269.08
2015-01-04 20:01:00,269.94
2015-01-04 21:01:00,266.85
2015-01-04 22:01:00,269.98
2015-01-04 23:01:00,268.56
2015-01-04 24:01:00,267.51
2015-01-05 01:01:00,262.34
2015-01-05 02:01:00,266.92
2015-01-05 03:01:00,268.02
2015-01-05 04:01:00,273
2015-01-05 05:01:00,275.14
2015-01-05 06:01:00,271.75
2015-01-05 07:01:00,272.44
2015-01-05 08:01:00,269.42
2015-01-05 09:01:00,270.75
2015-01-05 10:01:00,274.25
2015-01-05 11:01:00,276.54
2015-01-05 12:01:00,271.61
2015-01-05 13:01:00,271.03
2015-01-05 14:01:00,269.49
2015-01-05 15:01:00,269.73
2015-01-05 16:01:00,273.03
2015-01-05 17:01:00,273.69
2015-01-05 18:01:00,275.14
2015-01-05 19:01:00,276.58
2015-01-05 20:01:00,270.02
2015-01-05 21:01:00,273.33
2015-01-05 22:01:00,273.03
2015-01-05 23:01:00,272.19
2015-01-05 24:01:00,277.73
2015-01-06 01:01:00,276.7
2015-01-06 02:01:00,275.15
2015-01-06 03:01:00,276.69
2015-01-06 04:01:00,279.09
2015-01-06 05:01:00,277.6
2015-01-06 06:01:00,274.66
2015-01-06 07:01:00,274.96
2015-01-06 08:01:00,274.38
2015-01-06 09:01:00,273.94
2015-01-06 10:01:00,274.19
2015-01-06 11:01:00,274.5
2015-01-06 12:01:00,274.04
2015-01-06 13:01:00,274.11
2015-01-06 14:01:00,275.08
2015-01-06 15:01:00,273.74
2015-01-06 16:01:00,274.45
2015-01-06 17:01:00,275.48
2015-01-06 18:01:00,272.26
2015-01-06 19:01:00,278.15
2015-01-06 20:01:00,274.64
2015-01-06 21:01:00,284.64
2015-01-06 22:01:00,282.7
2015-01-06 23:01:00,286.27
2015-01-06 24:01:00,290.14
2015-01-07 01:01:00,284.3
2015-01-07 02:01:00,283.09
2015-01-07 03:01:00,283.66
2015-01-07 04:01:00,284.49
2015-01-07 05:01:00,285.7
2015-01-07 06:01:00,285.33
2015-01-07 07:01:00,287.55
2015-01-07 08:01:00,285.01
2015-01-07 09:01:00,286.03
2015-01-07 10:01:00,286.32
2015-01-07 11:01:00,285.43
2015-01-07 12:01:00,283.34
2015-01-07 13:01:00,284.49
2015-01-07 14:01:00,285.22
2015-01-07 15:01:00,283.95
2015-01-07 16:01:00,285.87
2015-01-07 17:01:00,285.7
2015-01-07 18:01:00,285.21
2015-01-07 19:01:00,288.33
2015-01-07 20:01:00,287.8
2015-01-07 21:01:00,292.56
2015-01-07 22:01:00,293.77
2015-01-07 23:01:00,294.92
2015-01-07 24:01:00,293.7
2015-01-08 01:01:00,294.74
2015-01-08 02:01:00,297.67
2015-01-08 03:01:00,302.08
2015-01-08 04:01:00,294.62
2015-01-08 05:01:00,295.26
2015-01-08 06:01:00,297.1
2015-01-08 07:01:00,290.77
2015-01-08 08:01:00,292.47
2015-01-08 09:01:00,291.49
2015-01-08 10:01:00,289.13
2015-01-08 11:01:00,289.21
2015-01-08 12:01:00,286.54
2015-01-08 13:01:00,286.34
2015-01-08 14:01:00,285.75
2015-01-08 15:01:00,282.28
2015-01-08 16:01:00,280.83
2015-01-08 17:01:00,281.73
2015-01-08 18:01:00,284.75
2015-01-08 19:01:00,287.99
2015-01-08 20:01:00,288.5
2015-01-08 21:01:00,288.43
2015-01-08 22:01:00,283.77
2015-01-08 23:01:00,285.15
2015-01-08 24:01:00,284.57
2015-01-09 01:01:00,285.76
2015-01-09 02:01:00,284.21
2015-01-09 03:01:00,284.8
2015-01-09 04:01:00,289.25
2015-01-09 05:01:00,279.41
2015-01-09 06:01:00,280.28
2015-01-09 07:01:00,280.59
2015-01-09 08:01:00,281.01
2015-01-09 09:01:00,283.98
2015-01-09 10:01:00,281.57
2015-01-09 11:01:00,281.96
2015-01-09 12:01:00,281.88
2015-01-09 13:01:00,284.57
2015-01-09 14:01:00,284.03
2015-01-09 15:01:00,282.6
2015-01-09 16:01:00,283.16
2015-01-09 17:01:00,282.57
2015-01-09 18:01:00,284.1
2015-01-09 19:01:00,284.84
2015-01-09 20:01:00,288.4
2015-01-09 21:01:00,284.86
2015-01-09 22:01:00,289.05
2015-01-09 23:01:00,291.99
2015-01-09 24:01:00,289.89
2015-01-10 01:01:00,289.9
2015-01-10 02:01:00,291.44
2015-01-10 03:01:00,285.88
2015-01-10 04:01:00,284.7
2015-01-10 05:01:00,289.02
2015-01-10 06:01:00,287.37
2015-01-10 07:01:00,287.4
2015-01-10 08:01:00,286.42
2015-01-10 09:01:00,284.84
2015-01-10 10:01:00,284.78
2015-01-10 11:01:00,280.57
2015-01-10 12:01:00,278.48
2015-01-10 13:01:00,279.87
2015-01-10 14:01:00,278.11
2015-01-10 15:01:00,276.38
2015-01-10 16:01:00,276.14
2015-01-10 17:01:00,275.69
2015-01-10 18:01:00,278.58
2015-01-10 19:01:00,285.29
2015-01-10 20:01:00,281.44
2015-01-10 21:01:00,281.91
2015-01-10 22:01:00,272.88
2015-01-10 23:01:00,272.71
2015-01-10 24:01:00,274.38
2015-01-11 01:01:00,275.47
2015-01-11 02:01:00,272.51
2015-01-11 03:01:00,273.59
2015-01-11 04:01:00,277.6
2015-01-11 05:01:00,278.3
2015-01-11 06:01:00,274.42
2015-01-11 07:01:00,274.51
2015-01-11 08:01:00,273.76
2015-01-11 09:01:00,274.97
2015-01-11 10:01:00,277.62
2015-01-11 11:01:00,273.72
2015-01-11 12:01:00,273.92
2015-01-11 13:01:00,274.5
2015-01-11 14:01:00,275.66
2015-01-11 15:01:00,276.19
2015-01-11 16:01:00,275.27
2015-01-11 17:01:00,274.18
2015-01-11 18:01:00,269.01
2015-01-11 19:01:00,268.75
2015-01-11 20:01:00,274.92
2015-01-11 21:01:00,269.63
2015-01-11 22:01:00,267.08
2015-01-11 23:01:00,272.16
2015-01-11 24:01:00,265.27
2015-01-12 01:01:00,270.57
2015-01-12 02:01:00,269.11
2015-01-12 03:01:00,268.89
2015-01-12 04:01:00,268.19
2015-01-12 05:01:00,268.66
2015-01-12 06:01:00,265.66
2015-01-12 07:01:00,268.44
2015-01-12 08:01:00,270.66
2015-01-12 09:01:00,272.07
2015-01-12 10:01:00,271.26
2015-01-12 11:01:00,269.95
2015-01-12 12:01:00,267.89
2015-01-12 13:01:00,267.29
2015-01-12 14:01:00,269.16
2015-01-12 15:01:00,270.66
2015-01-12 16:01:00,269.95
2015-01-12 17:01:00,271.77
2015-01-12 18:01:00,276.85
2015-01-12 19:01:00,274.48
2015-01-12 20:01:00,275.96
2015-01-12 21:01:00,274.45
2015-01-12 22:01:00,275.39
2015-01-12 23:01:00,274.29
2015-01-12 24:01:00,276.95
2015-01-13 01:01:00,275.67
2015-01-13 02:01:00,271.21
2015-01-13 03:01:00,257.61
2015-01-13 04:01:00,252.37
2015-01-13 05:01:00,250.61
2015-01-13 06:01:00,244
2015-01-13 07:01:00,245.76
2015-01-13 08:01:00,247.61
2015-01-13 09:01:00,247.25
2015-01-13 10:01:00,244.37
2015-01-13 11:01:00,244.63
2015-01-13 12:01:00,236
2015-01-13 13:01:00,229.29
2015-01-13 14:01:00,225.59
2015-01-13 15:01:00,227.78
2015-01-13 16:01:00,231.52
2015-01-13 17:01:00,229.44
2015-01-13 18:01:00,233.69
2015-01-13 19:01:00,230.42
2015-01-13 20:01:00,233.38
2015-01-13 21:01:00,234.97
2015-01-13 22:01:00,236.17
2015-01-13 23:01:00,232.73
2015-01-13 24:01:00,233.31
2015-01-14 01:01:00,223.87
2015-01-14 02:01:00,223.48
2015-01-14 03:01:00,218.77
2015-01-14 04:01:00,220.57
2015-01-14 05:01:00,222.95
2015-01-14 06:01:00,219.7
2015-01-14 07:01:00,216.34
2015-01-14 08:01:00,209.15
2015-01-14 09:01:00,190.76
2015-01-14 10:01:00,177.23
2015-01-14 11:01:00,194.77
2015-01-14 12:01:00,207.05
2015-01-14 13:01:00,196.04
2015-01-14 14:01:00,191.4
2015-01-14 15:01:00,190.92
2015-01-14 16:01:00,197
2015-01-14 17:01:00,196.39
2015-01-14 18:01:00,191.32
2015-01-14 19:01:00,187.99
2015-01-14 20:01:00,181.65
2015-01-14 21:01:00,182.66
2015-01-14 22:01:00,183.57
2015-01-14 23:01:00,184.73
2015-01-14 24:01:00,181.13
2015-01-15 01:01:00,172.09
2015-01-15 02:01:00,175.53
2015-01-15 03:01:00,188.19
2015-01-15 04:01:00,195.81
2015-01-15 05:01:00,199.49
2015-01-15 06:01:00,194.54
2015-01-15 07:01:00,195.09
2015-01-15 08:01:00,196.52
2015-01-15 09:01:00,196.26
2015-01-15 10:01:00,195.72
2015-01-15 11:01:00,197.06
2015-01-15 12:01:00,204.49
2015-01-15 13:01:00,211.54
2015-01-15 14:01:00,214.89
2015-01-15 15:01:00,217.64
2015-01-15 16:01:00,225.01
2015-01-15 17:01:00,215.15
2015-01-15 18:01:00,215.86
2015-01-15 19:01:00,214.8
2015-01-15 20:01:00,218.24
2015-01-15 21:01:00,219.06
2015-01-15 22:01:00,212.25
2015-01-15 23:01:00,202.71
2015-01-15 24:01:00,205.96
2015-01-16 01:01:00,211.98
2015-01-16 02:01:00,212.34
2015-01-16 03:01:00,214.05
2015-01-16 04:01:00,211.12
2015-01-16 05:01:00,216.75
2015-01-16 06:01:00,219.12
2015-01-16 07:01:00,219.29
2015-01-16 08:01:00,215.67
2015-01-16 09:01:00,216.32
2015-01-16 10:01:00,216.5
2015-01-16 11:01:00,215.32
2015-01-16 12:01:00,219.12
2015-01-16 13:01:00,220.88
2015-01-16 14:01:00,209.8
2015-01-16 15:01:00,207.74
2015-01-16 16:01:00,209.42
2015-01-16 17:01:00,207.85
2015-01-16 18:01:00,207.61
2015-01-16 19:01:00,206.09
2015-01-16 20:01:00,204.07
2015-01-16 21:01:00,209.01
2015-01-16 22:01:00,211.81
2015-01-16 23:01:00,210.53
2015-01-16 24:01:00,211.07
2015-01-17 01:01:00,208.94
2015-01-17 02:01:00,209.51
2015-01-17 03:01:00,209.18
2015-01-17 04:01:00,211.37
2015-01-17 05:01:00,210.99
2015-01-17 06:01:00,208.11
2015-01-17 07:01:00,203.75
2015-01-17 08:01:00,200.11
2015-01-17 09:01:00,201.83
2015-01-17 10:01:00,199.51
2015-01-17 11:01:00,196.03
2015-01-17 12:01:00,197.1
2015-01-17 13:01:00,199.47
2015-01-17 14:01:00,197.91
2015-01-17 15:01:00,199.85
2015-01-17 16:01:00,199.3
2015-01-17 17:01:00,197.87
2015-01-17 18:01:00,199.7
2015-01-17 19:01:00,197.8
2015-01-17 20:01:00,200.14
2015-01-17 21:01:00,200.7
2015-01-17 22:01:00,200.77
2015-01-17 23:01:00,201.47
2015-01-17 24:01:00,202.71
2015-01-18 01:01:00,203.23
2015-01-18 02:01:00,201.92
2015-01-18 03:01:00,197.73
2015-01-18 04:01:00,197.92
2015-01-18 05:01:00,195.67
2015-01-18 06:01:00,195.95
2015-01-18 07:01:00,197.73
2015-01-18 08:01:00,197.1
2015-01-18 09:01:00,196.18
2015-01-18 10:01:00,196.74
2015-01-18 11:01:00,207.67
2015-01-18 12:01:00,210.06
2015-01-18 13:01:00,212
2015-01-18 14:01:00,211.18
2015-01-18 15:01:00,217.74
2015-01-18 16:01:00,215.64
2015-01-18 17:01:00,214.22
2015-01-18 18:01:00,211.74
2015-01-18 19:01:00,210.45
2015-01-18 20:01:00,209.88
2015-01-18 21:01:00,213.27
2015-01-18 22:01:00,213.28
2015-01-18 23:01:00,211.34
2015-01-18 24:01:00,211.18
2015-01-19 01:01:00,212.8
2015-01-19 02:01:00,214
2015-01-19 03:01:00,217.11
2015-01-19 04:01:00,216.02
2015-01-19 05:01:00,215.81
2015-01-19 06:01:00,215.73
2015-01-19 07:01:00,215.79
2015-01-19 08:01:00,215.16
2015-01-19 09:01:00,208.99
2015-01-19 10:01:00,208.24
2015-01-19 11:01:00,209.33
2015-01-19 12:01:00,209.32
2015-01-19 13:01:00,209.8
2015-01-19 14:01:00,211.22
2015-01-19 15:01:00,212.6
2015-01-19 16:01:00,211.3
2015-01-19 17:01:00,211.72
2015-01-19 18:01:00,211.03
2015-01-19 19:01:00,215.2
2015-01-19 20:01:00,213.88
2015-01-19 21:01:00,215.92
2015-01-19 22:01:00,214.71
2015-01-19 23:01:00,215.65
2015-01-19 24:01:00,217.2
2015-01-20 01:01:00,218.1
2015-01-20 02:01:00,213.46
2015-01-20 03:01:00,212.41
2015-01-20 04:01:00,214.48
2015-01-20 05:01:00,215.26
2015-01-20 06:01:00,213.24
2015-01-20 07:01:00,210.47
2015-01-20 08:01:00,208.58
2015-01-20 09:01:00,208.21
2015-01-20 10:01:00,208.62
2015-01-20 11:01:00,209.81
2015-01-20 12:01:00,210.09
2015-01-20 13:01:00,208.43
2015-01-20 14:01:00,209.2
2015-01-20 15:01:00,208.86
2015-01-20 16:01:00,206.26
2015-01-20 17:01:00,211.51
2015-01-20 18:01:00,214.05
2015-01-20 19:01:00,211.8
2015-01-20 20:01:00,212.46
2015-01-20 21:01:00,216.51
2015-01-20 22:01:00,212.82
2015-01-20 23:01:00,217.4
2015-01-20 24:01:00,210.46
2015-01-21 01:01:00,214.79
2015-01-21 02:01:00,213.26
2015-01-21 03:01:00,215.53
2015-01-21 04:01:00,215.14
2015-01-21 05:01:00,220.66
2015-01-21 06:01:00,223.42
2015-01-21 07:01:00,216.51
2015-01-21 08:01:00,216.6
2015-01-21 09:01:00,214.95
2015-01-21 10:01:00,215.06
2015-01-21 11:01:00,214.12
2015-01-21 12:01:00,214.62
2015-01-21 13:01:00,213.63
2015-01-21 14:01:00,208.99
2015-01-21 15:01:00,212.04
2015-01-21 16:01:00,214.5
2015-01-21 17:01:00,213.27
2015-01-21 18:01:00,212.89
2015-01-21 19:01:00,215.69
2015-01-21 20:01:00,216.39
2015-01-21 21:01:00,214.74
2015-01-21 22:01:00,218.36
2015-01-21 23:01:00,220.33
2015-01-21 24:01:00,225.24
2015-01-22 01:01:00,227.85
2015-01-22 02:01:00,228.71
2015-01-22 03:01:00,229.21
2015-01-22 04:01:00,233.22
2015-01-22 05:01:00,233.92
2015-01-22 06:01:00,232.08
2015-01-22 07:01:00,233.9
2015-01-22 08:01:00,233.26
2015-01-22 09:01:00,230.72
2015-01-22 10:01:00,229.98
2015-01-22 11:01:00,230.96
2015-01-22 12:01:00,232.88
2015-01-22 13:01:00,234.27
2015-01-22 14:01:00,232.38
2015-01-22 15:01:00,233.31
2015-01-22 16:01:00,232.73
2015-01-22 17:01:00,231.75
2015-01-22 18:01:00,233.24
2015-01-22 19:01:00,235.51
2015-01-22 20:01:00,234.86
2015-01-22 21:01:00,234.27
2015-01-22 22:01:00,236.06
2015-01-22 23:01:00,233.95
2015-01-22 24:01:00,233.71
2015-01-23 01:01:00,237.26
2015-01-23 02:01:00,235.72
2015-01-23 03:01:00,232.79
2015-01-23 04:01:00,227.86
2015-01-23 05:01:00,228.05
2015-01-23 06:01:00,228.99
2015-01-23 07:01:00,227.93
2015-01-23 08:01:00,229.86
2015-01-23 09:01:00,230.86
2015-01-23 10:01:00,227.82
2015-01-23 11:01:00,226.48
2015-01-23 12:01:00,227.44
2015-01-23 13:01:00,227.42
2015-01-23 14:01:00,227.95
2015-01-23 15:01:00,233.66
2015-01-23 16:01:00,233.97
2015-01-23 17:01:00,232.4
2015-01-23 18:01:00,231.66
2015-01-23 19:01:00,232.04
2015-01-23 20:01:00,235.13
2015-01-23 21:01:00,238.31
2015-01-23 22:01:00,236.44
2015-01-23 23:01:00,236.46
2015-01-23 24:01:00,236.03
2015-01-24 01:01:00,233.58
2015-01-24 02:01:00,235.46
2015-01-24 03:01:00,233.13
2015-01-24 04:01:00,233.06
2015-01-24 05:01:00,235.38
2015-01-24 06:01:00,233.52
2015-01-24 07:01:00,233
2015-01-24 08:01:00,230.55
2015-01-24 09:01:00,232.57
2015-01-24 10:01:00,234.14
2015-01-24 11:01:00,233.18
2015-01-24 12:01:00,233.55
2015-01-24 13:01:00,235.48
2015-01-24 14:01:00,235.74
2015-01-24 15:01:00,235.89
2015-01-24 16:01:00,236.21
2015-01-24 17:01:00,240.23
2015-01-24 18:01:00,241.44
2015-01-24 19:01:00,244.56
2015-01-24 20:01:00,245.59
2015-01-24 21:01:00,246.98
2015-01-24 22:01:00,244.9
2015-01-24 23:01:00,246.99
2015-01-24 24:01:00,247.22
2015-01-25 01:01:00,248.46
2015-01-25 02:01:00,248.77
2015-01-25 03:01:00,247.3
2015-01-25 04:01:00,251.63
2015-01-25 05:01:00,252.81
2015-01-25 06:01:00,251.33
2015-01-25 07:01:00,251.6
2015-01-25 08:01:00,251.47
2015-01-25 09:01:00,249.57
2015-01-25 10:01:00,247.04
2015-01-25 11:01:00,245.92
2015-01-25 12:01:00,246.28
2015-01-25 13:01:00,246.49
2015-01-25 14:01:00,246.39
2015-01-25 15:01:00,244.36
2015-01-25 16:01:00,245.78
2015-01-25 17:01:00,249.04
2015-01-25 18:01:00,247.52
2015-01-25 19:01:00,247.82
2015-01-25 20:01:00,248.55
2015-01-25 21:01:00,249.23
2015-01-25 22:01:00,247.73
2015-01-25 23:01:00,250.29
2015-01-25 24:01:00,252.35
2015-01-26 01:01:00,252.59
2015-01-26 02:01:00,257.04
2015-01-26 03:01:00,266.34
2015-01-26 04:01:00,267.27
2015-01-26 05:01:00,280.94
2015-01-26 06:01:00,280.37
2015-01-26 07:01:00,280.56
2015-01-26 08:01:00,282.31
2015-01-26 09:01:00,287.29
2015-01-26 10:01:00,301.2
2015-01-26 11:01:00,302.11
2015-01-26 12:01:00,302.03
2015-01-26 13:01:00,301.47
2015-01-26 14:01:00,298.97
2015-01-26 15:01:00,302.51
2015-01-26 16:01:00,290.54
2015-01-26 17:01:00,280.74
2015-01-26 18:01:00,271.69
2015-01-26 19:01:00,274.73
2015-01-26 20:01:00,272.44
2015-01-26 21:01:00,265.27
2015-01-26 22:01:00,268.87
2015-01-26 23:01:00,270.3
2015-01-26 24:01:00,272.99
2015-01-27 01:01:00,273.79
2015-01-27 02:01:00,274.35
2015-01-27 03:01:00,264.45
2015-01-27 04:01:00,260.54
2015-01-27 05:01:00,258.82
2015-01-27 06:01:00,259.18
2015-01-27 07:01:00,261.53
2015-01-27 08:01:00,260.6
2015-01-27 09:01:00,260.85
2015-01-27 10:01:00,260.97
2015-01-27 11:01:00,259.71
2015-01-27 12:01:00,251.56
2015-01-27 13:01:00,251.06
2015-01-27 14:01:00,255.41
2015-01-27 15:01:00,259.84
2015-01-27 16:01:00,266.01
2015-01-27 17:01:00,264.7
2015-01-27 18:01:00,264.09
2015-01-27 19:01:00,264.68
2015-01-27 20:01:00,267.65
2015-01-27 21:01:00,268.13
2015-01-27 22:01:00,264.88
2015-01-27 23:01:00,264.32
2015-01-27 24:01:00,261.54
2015-01-28 01:01:00,263.61
2015-01-28 02:01:00,265.92
2015-01-28 03:01:00,266.56
2015-01-28 04:01:00,261.56
2015-01-28 05:01:00,260.23
2015-01-28 06:01:00,260.87
2015-01-28 07:01:00,256.38
2015-01-28 08:01:00,258.94
2015-01-28 09:01:00,257.27
2015-01-28 10:01:00,258.4
2015-01-28 11:01:00,260.19
2015-01-28 12:01:00,259.9
2015-01-28 13:01:00,259.75
2015-01-28 14:01:00,260.4
2015-01-28 15:01:00,251.01
2015-01-28 16:01:00,253.24
2015-01-28 17:01:00,255.94
2015-01-28 18:01:00,257.75
2015-01-28 19:01:00,257.04
2015-01-28 20:01:00,254.69
2015-01-28 21:01:00,240.76
2015-01-28 22:01:00,239.61
2015-01-28 23:01:00,241.44
2015-01-28 24:01:00,233.9
2015-01-29 01:01:00,235.98
2015-01-29 02:01:00,237.73
2015-01-29 03:01:00,237.1
2015-01-29 04:01:00,239.53
2015-01-29 05:01:00,242.5
2015-01-29 06:01:00,239.96
2015-01-29 07:01:00,237.56
2015-01-29 08:01:00,234.09
2015-01-29 09:01:00,235.78
2015-01-29 10:01:00,233.55
2015-01-29 11:01:00,234.39
2015-01-29 12:01:00,231.82
2015-01-29 13:01:00,232.65
2015-01-29 14:01:00,224.96
2015-01-29 15:01:00,225.82
2015-01-29 16:01:00,224.3
2015-01-29 17:01:00,227.81
2015-01-29 18:01:00,232.32
2015-01-29 19:01:00,232.26
2015-01-29 20:01:00,232.32
2015-01-29 21:01:00,237.16
2015-01-29 22:01:00,239.93
2015-01-29 23:01:00,238.37
2015-01-29 24:01:00,236.26
2015-01-30 01:01:00,236.64
2015-01-30 02:01:00,236.59
2015-01-30 03:01:00,237.7
2015-01-30 04:01:00,237.96
2015-01-30 05:01:00,235.01
2015-01-30 06:01:00,235.68
2015-01-30 07:01:00,240.33
2015-01-30 08:01:00,243.25
2015-01-30 09:01:00,242.54
2015-01-30 10:01:00,238.29
2015-01-30 11:01:00,236.75
2015-01-30 12:01:00,232.84
2015-01-30 13:01:00,234.05
2015-01-30 14:01:00,232.61
2015-01-30 15:01:00,234.24
2015-01-30 16:01:00,231.18
2015-01-30 17:01:00,229
2015-01-30 18:01:00,231.62
2015-01-30 19:01:00,233.79
2015-01-30 20:01:00,231.93
2015-01-30 21:01:00,233.88
2015-01-30 22:01:00,233.83
2015-01-30 23:01:00,233.89
2015-01-30 24:01:00,229.59
2015-01-31 01:01:00,232.8
2015-01-31 02:01:00,229.72
2015-01-31 03:01:00,231.54
2015-01-31 04:01:00,230.17
2015-01-31 05:01:00,228.55
2015-01-31 06:01:00,228.39
2015-01-31 07:01:00,228.06
2015-01-31 08:01:00,229.56
2015-01-31 09:01:00,229.64
2015-01-31 10:01:00,232.81
2015-01-31 11:01:00,235.35
2015-01-31 12:01:00,233.32
2015-01-31 13:01:00,231.96
2015-01-31 14:01:00,229.72
2015-01-31 15:01:00,229.87
2015-01-31 16:01:00,232.21
2015-01-31 17:01:00,234.59
2015-01-31 18:01:00,235.63
2015-01-31 19:01:00,233.24
2015-01-31 20:01:00,231.49
2015-01-31 21:01:00,229.85
2015-01-31 22:01:00,232.71
2015-01-31 23:01:00,226.47
2015-01-31 24:01:00,224.33
2015-02-01 01:02:00,220.53
2015-02-01 02:02:00,218.77
2015-02-01 03:02:00,218.52
2015-02-01 04:02:00,219.77
2015-02-01 05:02:00,217.44
2015-02-01 06:02:00,218.91
2015-02-01 07:02:00,217.45
2015-02-01 08:02:00,217.42
2015-02-01 09:02:00,218.99
2015-02-01 10:02:00,218.44
2015-02-01 11:02:00,217.38
2015-02-01 12:02:00,213.72
2015-02-01 13:02:00,212.77
2015-02-01 14:02:00,213.45
2015-02-01 15:02:00,214.28
2015-02-01 16:02:00,213.12
2015-02-01 17:02:00,214.16
2015-02-01 18:02:00,218.26
2015-02-01 19:02:00,219.54
2015-02-01 20:02:00,221.02
2015-02-01 21:02:00,224.12
2015-02-01 22:02:00,227.93
2015-02-01 23:02:00,229.37
2015-02-01 24:02:00,232.85
2015-02-02 01:02:00,229.34
2015-02-02 02:02:00,228.58
2015-02-02 03:02:00,230.3
2015-02-02 04:02:00,228.08
2015-02-02 05:02:00,230.99
2015-02-02 06:02:00,230.55
2015-02-02 07:02:00,229.51
2015-02-02 08:02:00,225.63
2015-02-02 09:02:00,224.21
2015-02-02 10:02:00,226.06
2015-02-02 11:02:00,225.56
2015-02-02 12:02:00,225.71
2015-02-02 13:02:00,225.78
2015-02-02 14:02:00,227.56
2015-02-02 15:02:00,227.94
2015-02-02 16:02:00,227.36
2015-02-02 17:02:00,228.9
2015-02-02 18:02:00,226.63
2015-02-02 19:02:00,228.65
2015-02-02 20:02:00,225.27
2015-02-02 21:02:00,228.76
2015-02-02 22:02:00,229.98
2015-02-02 23:02:00,229.85
2015-02-02 24:02:00,233.1
2015-02-03 01:02:00,236.43
2015-02-03 02:02:00,239.51
2015-02-03 03:02:00,240.83
2015-02-03 04:02:00,238.64
2015-02-03 05:02:00,239.85
2015-02-03 06:02:00,238.85
2015-02-03 07:02:00,241.52
2015-02-03 08:02:00,239.96
2015-02-03 09:02:00,238.98
2015-02-03 10:02:00,239.75
2015-02-03 11:02:00,242.57
2015-02-03 12:02:00,239.24
2015-02-03 13:02:00,244.47
2015-02-03 14:02:00,242.06
2015-02-03 15:02:00,242.69
2015-02-03 16:02:00,243.17
2015-02-03 17:02:00,239.82
2015-02-03 18:02:00,238.83
2015-02-03 19:02:00,241.93
2015-02-03 20:02:00,239.15
2015-02-03 21:02:00,231.84
2015-02-03 22:02:00,230.6
2015-02-03 23:02:00,229.26
2015-02-03 24:02:00,229.19
2015-02-04 01:02:00,229.92
2015-02-04 02:02:00,229.47
2015-02-04 03:02:00,230.26
2015-02-04 04:02:00,228.99
2015-02-04 05:02:00,229.13
2015-02-04 06:02:00,226.57
2015-02-04 07:02:00,227.97
2015-02-04 08:02:00,227.52
2015-02-04 09:02:00,223.21
2015-02-04 10:02:00,222.98
2015-02-04 11:02:00,224.94
2015-02-04 12:02:00,222.82
2015-02-04 13:02:00,225.98
2015-02-04 14:02:00,227.59
2015-02-04 15:02:00,227.72
2015-02-04 16:02:00,224.42
2015-02-04 17:02:00,224.58
2015-02-04 18:02:00,224.77
2015-02-04 19:02:00,226.17
2015-02-04 20:02:00,224.1
2015-02-04 21:02:00,226.29
2015-02-04 22:02:00,228.4
2015-02-04 23:02:00,228.54
2015-02-04 24:02:00,231.04
2015-02-05 01:02:00,225.4
2015-02-05 02:02:00,227.09
2015-02-05 03:02:00,229.7
2015-02-05 04:02:00,229.69
2015-02-05 05:02:00,230.04
2015-02-05 06:02:00,228.82
2015-02-05 07:02:00,226.27
2015-02-05 08:02:00,225.76
2015-02-05 09:02:00,225.86
2015-02-05 10:02:00,227.96
2015-02-05 11:02:00,225.81
2015-02-05 12:02:00,225.08
2015-02-05 13:02:00,226.82
2015-02-05 14:02:00,227.11
2015-02-05 15:02:00,224.83
2015-02-05 16:02:00,225.54
2015-02-05 17:02:00,226.5
2015-02-05 18:02:00,218.17
2015-02-05 19:02:00,219.25
2015-02-05 20:02:00,217.45
2015-02-05 21:02:00,219.99
2015-02-05 22:02:00,221.41
2015-02-05 23:02:00,217.83
2015-02-05 24:02:00,223.22
2015-02-06 01:02:00,216.77
2015-02-06 02:02:00,218.97
2015-02-06 03:02:00,218.77
2015-02-06 04:02:00,218.91
2015-02-06 05:02:00,218.57
2015-02-06 06:02:00,220.57
2015-02-06 07:02:00,218.6
2015-02-06 08:02:00,219.45
2015-02-06 09:02:00,219.18
2015-02-06 10:02:00,217.3
2015-02-06 11:02:00,218.46
2015-02-06 12:02:00,218.44
2015-02-06 13:02:00,216.83
2015-02-06 14:02:00,217.48
2015-02-06 15:02:00,217.69
2015-02-06 16:02:00,221.09
2015-02-06 17:02:00,222.83
2015-02-06 18:02:00,225.27
2015-02-06 19:02:00,224.77
2015-02-06 20:02:00,224.07
2015-02-06 21:02:00,226.09
2015-02-06 22:02:00,225.92
2015-02-06 23:02:00,229.01
2015-02-06 24:02:00,229.19
2015-02-07 01:02:00,225.72
2015-02-07 02:02:00,223.54
2015-02-07 03:02:00,227.2
2015-02-07 04:02:00,225.95
2015-02-07 05:02:00,226.1
2015-02-07 06:02:00,226.58
2015-02-07 07:02:00,224.84
2015-02-07 08:02:00,225.84
2015-02-07 09:02:00,225.29
2015-02-07 10:02:00,224.34
2015-02-07 11:02:00,225
2015-02-07 12:02:00,228.51
2015-02-07 13:02:00,229.88
2015-02-07 14:02:00,229.89
2015-02-07 15:02:00,230.2
2015-02-07 16:02:00,230.64
2015-02-07 17:02:00,227.61
2015-02-07 18:02:00,225.74
2015-02-07 19:02:00,227.35
2015-02-07 20:02:00,226.83
2015-02-07 21:02:00,227.47
2015-02-07 22:02:00,230.74
2015-02-07 23:02:00,230.05
2015-02-07 24:02:00,230.41
2015-02-08 01:02:00,230.29
2015-02-08 02:02:00,231.56
2015-02-08 03:02:00,229.38
2015-02-08 04:02:00,228.66
2015-02-08 05:02:00,227.2
2015-02-08 06:02:00,227.03
2015-02-08 07:02:00,225.84
2015-02-08 08:02:00,225.01
2015-02-08 09:02:00,224.96
2015-02-08 10:02:00,225.68
2015-02-08 11:02:00,227.19
2015-02-08 12:02:00,226.99
2015-02-08 13:02:00,229.67
2015-02-08 14:02:00,227.28
2015-02-08 15:02:00,224.47
2015-02-08 16:02:00,225.71
2015-02-08 17:02:00,226.14
2015-02-08 18:02:00,222.25
2015-02-08 19:02:00,222.75
2015-02-08 20:02:00,224.27
2015-02-08 21:02:00,224.67
2015-02-08 22:02:00,226.78
2015-02-08 23:02:00,225.46
2015-02-08 24:02:00,225.85
2015-02-09 01:02:00,225.3
2015-02-09 02:02:00,226.23
2015-02-09 03:02:00,223.62
2015-02-09 04:02:00,223.03
2015-02-09 05:02:00,224.42
2015-02-09 06:02:00,225.6
2015-02-09 07:02:00,223.6
2015-02-09 08:02:00,221.66
2015-02-09 09:02:00,222.69
2015-02-09 10:02:00,222.48
2015-02-09 11:02:00,223.48
2015-02-09 12:02:00,223
2015-02-09 13:02:00,222.39
2015-02-09 14:02:00,218.43
2015-02-09 15:02:00,218.85
2015-02-09 16:02:00,217.93
2015-02-09 17:02:00,219.34
2015-02-09 18:02:00,219.52
2015-02-09 19:02:00,219.22
2015-02-09 20:02:00,221.43
2015-02-09 21:02:00,219.45
2015-02-09 22:02:00,219.85
2015-02-09 23:02:00,221.65
2015-02-09 24:02:00,222.45
2015-02-10 01:02:00,221.62
2015-02-10 02:02:00,222.24
2015-02-10 03:02:00,220.14
2015-02-10 04:02:00,223.23
2015-02-10 05:02:00,224.34
2015-02-10 06:02:00,219.99
2015-02-10 07:02:00,218.77
2015-02-10 08:02:00,217.09
2015-02-10 09:02:00,216.02
2015-02-10 10:02:00,216.43
2015-02-10 11:02:00,216.45
2015-02-10 12:02:00,216.57
2015-02-10 13:02:00,216.03
2015-02-10 14:02:00,215.87
2015-02-10 15:02:00,215.67
2015-02-10 16:02:00,216.42
2015-02-10 17:02:00,217.77
2015-02-10 18:02:00,218.14
2015-02-10 19:02:00,219.48
2015-02-10 20:02:00,219.72
2015-02-10 21:02:00,221.3
2015-02-10 22:02:00,222.04
2015-02-10 23:02:00,221.27
2015-02-10 24:02:00,221.49
2015-02-11 01:02:00,223.12
2015-02-11 02:02:00,222.34
2015-02-11 03:02:00,220.69
2015-02-11 04:02:00,223.1
2015-02-11 05:02:00,223.91
2015-02-11 06:02:00,223.49
2015-02-11 07:02:00,222.83
2015-02-11 08:02:00,221.23
2015-02-11 09:02:00,221.62
2015-02-11 10:02:00,220.97
2015-02-11 11:02:00,220.42
2015-02-11 12:02:00,220.27
2015-02-11 13:02:00,219.9
2015-02-11 14:02:00,220.47
2015-02-11 15:02:00,221.54
2015-02-11 16:02:00,222.48
2015-02-11 17:02:00,223.36
2015-02-11 18:02:00,223.01
2015-02-11 19:02:00,222.78
2015-02-11 20:02:00,223.75
2015-02-11 21:02:00,223.92
2015-02-11 22:02:00,220.54
2015-02-11 23:02:00,220.69
2015-02-11 24:02:00,221.03
2015-02-12 01:02:00,220.88
2015-02-12 02:02:00,219.86
2015-02-12 03:02:00,220.12
2015-02-12 04:02:00,221.28
2015-02-12 05:02:00,218.48
2015-02-12 06:02:00,220.14
2015-02-12 07:02:00,218.75
2015-02-12 08:02:00,219.82
2015-02-12 09:02:00,218.18
2015-02-12 10:02:00,218.15
2015-02-12 11:02:00,219.5
2015-02-12 12:02:00,218.92
2015-02-12 13:02:00,219.34
2015-02-12 14:02:00,219.02
2015-02-12 15:02:00,220.56
2015-02-12 16:02:00,221.08
2015-02-12 17:02:00,221.4
2015-02-12 18:02:00,220.51
2015-02-12 19:02:00,220.79
2015-02-12 20:02:00,223.14
2015-02-12 21:02:00,221.77
2015-02-12 22:02:00,223.34
2015-02-12 23:02:00,223.81
2015-02-12 24:02:00,223.59
2015-02-13 01:02:00,223.91
2015-02-13 02:02:00,224.26
2015-02-13 03:02:00,223.44
2015-02-13 04:02:00,223.97
2015-02-13 05:02:00,222.18
2015-02-13 06:02:00,224.08
2015-02-13 07:02:00,224.55
2015-02-13 08:02:00,225.67
2015-02-13 09:02:00,230.09
2015-02-13 10:02:00,229.86
2015-02-13 11:02:00,233.78
2015-02-13 12:02:00,235.14
2015-02-13 13:02:00,235.48
2015-02-13 14:02:00,235.37
2015-02-13 15:02:00,235.55
2015-02-13 16:02:00,235.44
2015-02-13 17:02:00,237.27
2015-02-13 18:02:00,239.55
2015-02-13 19:02:00,239.09
2015-02-13 20:02:00,239.58
2015-02-13 21:02:00,237.46
2015-02-13 22:02:00,237.91
2015-02-13 23:02:00,238.25
2015-02-13 24:02:00,236.6
2015-02-14 01:02:00,238.37
2015-02-14 02:02:00,237.15
2015-02-14 03:02:00,239.21
2015-02-14 04:02:00,239.56
2015-02-14 05:02:00,236.17
2015-02-14 06:02:00,238.91
2015-02-14 07:02:00,240.35
2015-02-14 08:02:00,245.41
2015-02-14 09:02:00,249.46
2015-02-14 10:02:00,248.85
2015-02-14 11:02:00,249.18
2015-02-14 12:02:00,248.67
2015-02-14 13:02:00,248.66
2015-02-14 14:02:00,245.21
2015-02-14 15:02:00,244.73
2015-02-14 16:02:00,246.74
2015-02-14 17:02:00,247.63
2015-02-14 18:02:00,248.95
2015-02-14 19:02:00,246.23
2015-02-14 20:02:00,245.73
2015-02-14 21:02:00,246.33
2015-02-14 22:02:00,249.64
2015-02-14 23:02:00,255.71
2015-02-14 24:02:00,258
2015-02-15 01:02:00,259.56
2015-02-15 02:02:00,257.44
2015-02-15 03:02:00,258.21
2015-02-15 04:02:00,259.86
2015-02-15 05:02:00,260.63
2015-02-15 06:02:00,256.68
2015-02-15 07:02:00,254.04
2015-02-15 08:02:00,258.3
2015-02-15 09:02:00,259.97
2015-02-15 10:02:00,258.79
2015-02-15 11:02:00,263.51
2015-02-15 12:02:00,264.03
2015-02-15 13:02:00,256.63
2015-02-15 14:02:00,253.6
2015-02-15 15:02:00,251.88
2015-02-15 16:02:00,249.31
2015-02-15 17:02:00,244.46
2015-02-15 18:02:00,244.57
2015-02-15 19:02:00,242.85
2015-02-15 20:02:00,244.99
2015-02-15 21:02:00,239.4
2015-02-15 22:02:00,231.8
2015-02-15 23:02:00,231.22
2015-02-15 24:02:00,232.97
2015-02-16 01:02:00,232.73
2015-02-16 02:02:00,234.16
2015-02-16 03:02:00,233.31
2015-02-16 04:02:00,230.41
2015-02-16 05:02:00,231.67
2015-02-16 06:02:00,231.57
2015-02-16 07:02:00,231.98
2015-02-16 08:02:00,233.43
2015-02-16 09:02:00,234.7
2015-02-16 10:02:00,233.07
2015-02-16 11:02:00,237.31
2015-02-16 12:02:00,238.95
2015-02-16 13:02:00,235.98
2015-02-16 14:02:00,232.94
2015-02-16 15:02:00,233.62
2015-02-16 16:02:00,234.67
2015-02-16 17:02:00,236.2
2015-02-16 18:02:00,235.2
2015-02-16 19:02:00,236.82
2015-02-16 20:02:00,236.05
2015-02-16 21:02:00,237.23
2015-02-16 22:02:00,237.32
2015-02-16 23:02:00,237.6
2015-02-16 24:02:00,236.23
2015-02-17 01:02:00,235.9
2015-02-17 02:02:00,234.18
2015-02-17 03:02:00,234.34
2015-02-17 04:02:00,236.27
2015-02-17 05:02:00,237.17
2015-02-17 06:02:00,236.88
2015-02-17 07:02:00,235.26
2015-02-17 08:02:00,236.18
2015-02-17 09:02:00,237.09
2015-02-17 10:02:00,237.88
2015-02-17 11:02:00,238.5
2015-02-17 12:02:00,239.2
2015-02-17 13:02:00,238.55
2015-02-17 14:02:00,239.47
2015-02-17 15:02:00,238.91
2015-02-17 16:02:00,237.28
2015-02-17 17:02:00,239.13
2015-02-17 18:02:00,240.1
2015-02-17 19:02:00,243.61
2015-02-17 20:02:00,244.81
2015-02-17 21:02:00,243.78
2015-02-17 22:02:00,241.69
2015-02-17 23:02:00,241.65
2015-02-17 24:02:00,241.75
2015-02-18 01:02:00,242.7
2015-02-18 02:02:00,244.56
2015-02-18 03:02:00,244.18
2015-02-18 04:02:00,245.13
2015-02-18 05:02:00,243.85
2015-02-18 06:02:00,243.72
2015-02-18 07:02:00,244.27
2015-02-18 08:02:00,244.53
2015-02-18 09:02:00,243.22
2015-02-18 10:02:00,241.69
2015-02-18 11:02:00,240.56
2015-02-18 12:02:00,240.81
2015-02-18 13:02:00,242.35
2015-02-18 14:02:00,242.47
2015-02-18 15:02:00,241.82
2015-02-18 16:02:00,241.86
2015-02-18 17:02:00,237.7
2015-02-18 18:02:00,237.74
2015-02-18 19:02:00,239.67
2015-02-18 20:02:00,235.6
2015-02-18 21:02:00,234.28
2015-02-18 22:02:00,233.8
2015-02-18 23:02:00,233.2
2015-02-18 24:02:00,234.26
2015-02-19 01:02:00,235.15
2015-02-19 02:02:00,237.04
2015-02-19 03:02:00,239.17
2015-02-19 04:02:00,237.55
2015-02-19 05:02:00,238.55
2015-02-19 06:02:00,238.22
2015-02-19 07:02:00,238.17
2015-02-19 08:02:00,237.31
2015-02-19 09:02:00,237
2015-02-19 10:02:00,236.25
2015-02-19 11:02:00,236.56
2015-02-19 12:02:00,237.6
2015-02-19 13:02:00,238.31
2015-02-19 14:02:00,238.4
2015-02-19 15:02:00,237.71
2015-02-19 16:02:00,238.34
2015-02-19 17:02:00,239.7
2015-02-19 18:02:00,240.34
2015-02-19 19:02:00,240.42
2015-02-19 20:02:00,242.3
2015-02-19 21:02:00,241.92
2015-02-19 22:02:00,242.08
2015-02-19 23:02:00,242.22
2015-02-19 24:02:00,243.81
2015-02-20 01:02:00,243.61
2015-02-20 02:02:00,241.91
2015-02-20 03:02:00,245.42
2015-02-20 04:02:00,241.46
2015-02-20 05:02:00,243.9
2015-02-20 06:02:00,242.76
2015-02-20 07:02:00,244.28
2015-02-20 08:02:00,243.11
2015-02-20 09:02:00,243.78
2015-02-20 10:02:00,244.58
2015-02-20 11:02:00,246.88
2015-02-20 12:02:00,245.87
2015-02-20 13:02:00,246.1
2015-02-20 14:02:00,243.26
2015-02-20 15:02:00,242.82
2015-02-20 16:02:00,244.62
2015-02-20 17:02:00,246.29
2015-02-20 18:02:00,245.94
2015-02-20 19:02:00,242.96
2015-02-20 20:02:00,245.13
2015-02-20 21:02:00,244.32
2015-02-20 22:02:00,245.92
2015-02-20 23:02:00,246.25
2015-02-20 24:02:00,246.56
2015-02-21 01:02:00,247.27
2015-02-21 02:02:00,246.83
2015-02-21 03:02:00,247.94
2015-02-21 04:02:00,246.12
2015-02-21 05:02:00,247.3
2015-02-21 06:02:00,247.32
2015-02-21 07:02:00,246.16
2015-02-21 08:02:00,246.68
2015-02-21 09:02:00,245.73
2015-02-21 10:02:00,244.79
2015-02-21 11:02:00,246.12
2015-02-21 12:02:00,245.23
2015-02-21 13:02:00,244.94
2015-02-21 14:02:00,245.18
2015-02-21 15:02:00,243.29
2015-02-21 16:02:00,244.52
2015-02-21 17:02:00,245.51
2015-02-21 18:02:00,246.81
2015-02-21 19:02:00,248.46
2015-02-21 20:02:00,246.59
2015-02-21 21:02:00,246.73
2015-02-21 22:02:00,248.61
2015-02-21 23:02:00,244.38
2015-02-21 24:02:00,246.48
2015-02-22 01:02:00,245.13
2015-02-22 02:02:00,246.4
2015-02-22 03:02:00,247.33
2015-02-22 04:02:00,247.05
2015-02-22 05:02:00,247.47
2015-02-22 06:02:00,245.99
2015-02-22 07:02:00,248.72
2015-02-22 08:02:00,248.99
2015-02-22 09:02:00,246.9
2015-02-22 10:02:00,245.26
2015-02-22 11:02:00,246.27
2015-02-22 12:02:00,246.04
2015-02-22 13:02:00,244.96
2015-02-22 14:02:00,244.35
2015-02-22 15:02:00,244.39
2015-02-22 16:02:00,239.03
2015-02-22 17:02:00,235.97
2015-02-22 18:02:00,237.42
2015-02-22 19:02:00,237.03
2015-02-22 20:02:00,235.51
2015-02-22 21:02:00,235.3
2015-02-22 22:02:00,236.8
2015-02-22 23:02:00,236.81
2015-02-22 24:02:00,235.98
2015-02-23 01:02:00,236.78
2015-02-23 02:02:00,237.32
2015-02-23 03:02:00,238.23
2015-02-23 04:02:00,236.98
2015-02-23 05:02:00,237.02
2015-02-23 06:02:00,236.04
2015-02-23 07:02:00,237.3
2015-02-23 08:02:00,237.25
2015-02-23 09:02:00,235.97
2015-02-23 10:02:00,235.75
2015-02-23 11:02:00,235.09
2015-02-23 12:02:00,233.71
2015-02-23 13:02:00,234.66
2015-02-23 14:02:00,232.55
2015-02-23 15:02:00,233.52
2015-02-23 16:02:00,235.64
2015-02-23 17:02:00,235.68
2015-02-23 18:02:00,238.44
2015-02-23 19:02:00,236.45
2015-02-23 20:02:00,239.2
2015-02-23 21:02:00,239.9
2015-02-23 22:02:00,237.69
2015-02-23 23:02:00,239.28
2015-02-23 24:02:00,241.53
2015-02-24 01:02:00,240.79
2015-02-24 02:02:00,243
2015-02-24 03:02:00,239.82
2015-02-24 04:02:00,239.68
2015-02-24 05:02:00,240.02
2015-02-24 06:02:00,239.67
2015-02-24 07:02:00,239.11
2015-02-24 08:02:00,238.75
2015-02-24 09:02:00,236.71
2015-02-24 10:02:00,236.66
2015-02-24 11:02:00,236.91
2015-02-24 12:02:00,236.62
2015-02-24 13:02:00,237.38
2015-02-24 14:02:00,238.15
2015-02-24 15:02:00,239.24
2015-02-24 16:02:00,239.2
2015-02-24 17:02:00,239.29
2015-02-24 18:02:00,240.69
2015-02-24 19:02:00,240.39
2015-02-24 20:02:00,240.98
2015-02-24 21:02:00,239.67
2015-02-24 22:02:00,238.06
2015-02-24 23:02:00,243.73
2015-02-24 24:02:00,243.34
2015-02-25 01:02:00,242.67
2015-02-25 02:02:00,240.04
2015-02-25 03:02:00,243.95
2015-02-25 04:02:00,240.33
2015-02-25 05:02:00,243.24
2015-02-25 06:02:00,239.62
2015-02-25 07:02:00,239.15
2015-02-25 08:02:00,238.57
2015-02-25 09:02:00,237.56
2015-02-25 10:02:00,236.2
2015-02-25 11:02:00,235.71
2015-02-25 12:02:00,236.14
2015-02-25 13:02:00,237.33
2015-02-25 14:02:00,237.81
2015-02-25 15:02:00,237.63
2015-02-25 16:02:00,237.52
2015-02-25 17:02:00,237.61
2015-02-25 18:02:00,238.99
2015-02-25 19:02:00,240.21
2015-02-25 20:02:00,238.67
2015-02-25 21:02:00,237.45
2015-02-25 22:02:00,241.74
2015-02-25 23:02:00,240.83
2015-02-25 24:02:00,241.44
2015-02-26 01:02:00,238.13
2015-02-26 02:02:00,239.37
2015-02-26 03:02:00,240.5
2015-02-26 04:02:00,237.09
2015-02-26 05:02:00,235.48
2015-02-26 06:02:00,237.05
2015-02-26 07:02:00,238.03
2015-02-26 08:02:00,237.12
2015-02-26 09:02:00,236.7
2015-02-26 10:02:00,234.69
2015-02-26 11:02:00,235.45
2015-02-26 12:02:00,235.65
2015-02-26 13:02:00,236.94
2015-02-26 14:02:00,236.29
2015-02-26 15:02:00,236.93
2015-02-26 16:02:00,236.99
2015-02-26 17:02:00,238.53
2015-02-26 18:02:00,238.08
2015-02-26 19:02:00,236.82
2015-02-26 20:02:00,236.84
2015-02-26 21:02:00,238.83
2015-02-26 22:02:00,239.68
2015-02-26 23:02:00,239.81
2015-02-26 24:02:00,239.67
2015-02-27 01:02:00,240.21
2015-02-27 02:02:00,239.63
2015-02-27 03:02:00,236.15
2015-02-27 04:02:00,236.83
2015-02-27 05:02:00,239.68
2015-02-27 06:02:00,247.96
2015-02-27 07:02:00,255.61
2015-02-27 08:02:00,251.82
2015-02-27 09:02:00,249.82
2015-02-27 10:02:00,251.82
2015-02-27 11:02:00,250.94
2015-02-27 12:02:00,249.69
2015-02-27 13:02:00,252.54
2015-02-27 14:02:00,252.56
2015-02-27 15:02:00,254.81
2015-02-27 16:02:00,251.94
2015-02-27 17:02:00,253.63
2015-02-27 18:02:00,252.12
2015-02-27 19:02:00,253.08
2015-02-27 20:02:00,255.16
2015-02-27 21:02:00,256.47
2015-02-27 22:02:00,256.52
2015-02-27 23:02:00,257.53
2015-02-27 24:02:00,255.9
2015-02-28 01:02:00,255.65
2015-02-28 02:02:00,254.08
2015-02-28 03:02:00,254.38
2015-02-28 04:02:00,251.74
2015-02-28 05:02:00,253.1
2015-02-28 06:02:00,251.99
2015-02-28 07:02:00,252.55
2015-02-28 08:02:00,252.72
2015-02-28 09:02:00,253.46
2015-02-28 10:02:00,252.97
2015-02-28 11:02:00,252.69
2015-02-28 12:02:00,254.03
2015-02-28 13:02:00,253.64
2015-02-28 14:02:00,253.42
2015-02-28 15:02:00,254.14
2015-02-28 16:02:00,252.43
2015-02-28 17:02:00,254.41
2015-02-28 18:02:00,253.41
2015-02-28 19:02:00,252.69
2015-02-28 20:02:00,254.1
2015-02-28 21:02:00,257.85
2015-02-28 22:02:00,253.52
2015-02-28 23:02:00,255.58
2015-02-28 24:02:00,256.26
2015-03-01 01:03:00,255.78
2015-03-01 02:03:00,256.61
2015-03-01 03:03:00,257.52
2015-03-01 04:03:00,256.91
2015-03-01 05:03:00,256.7
2015-03-01 06:03:00,256.73
2015-03-01 07:03:00,256.17
2015-03-01 08:03:00,254.72
2015-03-01 09:03:00,254.46
2015-03-01 10:03:00,254.82
2015-03-01 11:03:00,254.23
2015-03-01 12:03:00,253.03
2015-03-01 13:03:00,254.79
2015-03-01 14:03:00,248.23
2015-03-01 15:03:00,246.16
2015-03-01 16:03:00,248.18
2015-03-01 17:03:00,248.86
2015-03-01 18:03:00,247.59
2015-03-01 19:03:00,250.27
2015-03-01 20:03:00,249.74
2015-03-01 21:03:00,250.61
2015-03-01 22:03:00,248.12
2015-03-01 23:03:00,251.55
2015-03-01 24:03:00,259.82
2015-03-02 01:03:00,259.08
2015-03-02 02:03:00,259.85
2015-03-02 03:03:00,260.31
2015-03-02 04:03:00,261.47
2015-03-02 05:03:00,260.22
2015-03-02 06:03:00,260.74
2015-03-02 07:03:00,261.37
2015-03-02 08:03:00,260.32
2015-03-02 09:03:00,261.75
2015-03-02 10:03:00,261.34
2015-03-02 11:03:00,259.94
2015-03-02 12:03:00,259.86
2015-03-02 13:03:00,259.95
2015-03-02 14:03:00,260.53
2015-03-02 15:03:00,260.21
2015-03-02 16:03:00,259.67
2015-03-02 17:03:00,261.08
2015-03-02 18:03:00,264.2
2015-03-02 19:03:00,262.37
2015-03-02 20:03:00,265.15
2015-03-02 21:03:00,268.45
2015-03-02 22:03:00,269.74
2015-03-02 23:03:00,273.85
2015-03-02 24:03:00,272.82
2015-03-03 01:03:00,273.58
2015-03-03 02:03:00,276.08
2015-03-03 03:03:00,274.84
2015-03-03 04:03:00,274.23
2015-03-03 05:03:00,274.31
2015-03-03 06:03:00,275.87
2015-03-03 07:03:00,276.85
2015-03-03 08:03:00,275.25
2015-03-03 09:03:00,275.15
2015-03-03 10:03:00,274.7
2015-03-03 11:03:00,273.66
2015-03-03 12:03:00,275
2015-03-03 13:03:00,277.14
2015-03-03 14:03:00,272.57
2015-03-03 15:03:00,270.27
2015-03-03 16:03:00,271.52
2015-03-03 17:03:00,269
2015-03-03 18:03:00,268.82
2015-03-03 19:03:00,271.22
2015-03-03 20:03:00,277.91
2015-03-03 21:03:00,281.69
2015-03-03 22:03:00,282.94
2015-03-03 23:03:00,284.54
2015-03-03 24:03:00,286.59
2015-03-04 01:03:00,283.09
2015-03-04 02:03:00,282.46
2015-03-04 03:03:00,284.2
2015-03-04 04:03:00,283.78
2015-03-04 05:03:00,280.49
2015-03-04 06:03:00,279.67
2015-03-04 07:03:00,281.15
2015-03-04 08:03:00,281.47
2015-03-04 09:03:00,278.21
2015-03-04 10:03:00,278.98
2015-03-04 11:03:00,277.91
2015-03-04 12:03:00,276.31
2015-03-04 13:03:00,278.09
2015-03-04 14:03:00,279.74
2015-03-04 15:03:00,279.32
2015-03-04 16:03:00,280.06
2015-03-04 17:03:00,282.88
2015-03-04 18:03:00,281.53
2015-03-04 19:03:00,284.16
2015-03-04 20:03:00,284.18
2015-03-04 21:03:00,281.41
2015-03-04 22:03:00,279.36
2015-03-04 23:03:00,271.99
2015-03-04 24:03:00,271.59
2015-03-05 01:03:00,272.95
2015-03-05 02:03:00,274.01
2015-03-05 03:03:00,274.78
2015-03-05 04:03:00,272.15
2015-03-05 05:03:00,273.24
2015-03-05 06:03:00,271.29
2015-03-05 07:03:00,271.17
2015-03-05 08:03:00,270.42
2015-03-05 09:03:00,270.89
2015-03-05 10:03:00,272.31
2015-03-05 11:03:00,271.22
2015-03-05 12:03:00,269.22
2015-03-05 13:03:00,268.95
2015-03-05 14:03:00,269.15
2015-03-05 15:03:00,269.64
2015-03-05 16:03:00,270.9
2015-03-05 17:03:00,272.11
2015-03-05 18:03:00,269.74
2015-03-05 19:03:00,265.16
2015-03-05 20:03:00,268.21
2015-03-05 21:03:00,268.36
2015-03-05 22:03:00,267.77
2015-03-05 23:03:00,271.66
2015-03-05 24:03:00,279.38
2015-03-06 01:03:00,276.9
2015-03-06 02:03:00,276.96
2015-03-06 03:03:00,278.24
2015-03-06 04:03:00,278.96
2015-03-06 05:03:00,277.73
2015-03-06 06:03:00,275.43
2015-03-06 07:03:00,275.52
2015-03-06 08:03:00,272.69
2015-03-06 09:03:00,271.78
2015-03-06 10:03:00,270.79
2015-03-06 11:03:00,271.84
2015-03-06 12:03:00,271.8
2015-03-06 13:03:00,271.92
2015-03-06 14:03:00,271.26
2015-03-06 15:03:00,270.93
2015-03-06 16:03:00,271.98
2015-03-06 17:03:00,273.29
2015-03-06 18:03:00,273.74
2015-03-06 19:03:00,274.51
2015-03-06 20:03:00,273.09
2015-03-06 21:03:00,272.12
2015-03-06 22:03:00,274.65
2015-03-06 23:03:00,274.16
2015-03-06 24:03:00,273.62
2015-03-07 01:03:00,275.24
2015-03-07 02:03:00,275.06
2015-03-07 03:03:00,272.92
2015-03-07 04:03:00,272.59
2015-03-07 05:03:00,271.31
2015-03-07 06:03:00,273.11
2015-03-07 07:03:00,273.14
2015-03-07 08:03:00,272.28
2015-03-07 09:03:00,272.16
2015-03-07 10:03:00,272.27
2015-03-07 11:03:00,272.39
2015-03-07 12:03:00,272.58
2015-03-07 13:03:00,272.39
2015-03-07 14:03:00,272.77
2015-03-07 15:03:00,273.47
2015-03-07 16:03:00,274.04
2015-03-07 17:03:00,273.46
2015-03-07 18:03:00,275.94
2015-03-07 19:03:00,273.94
2015-03-07 20:03:00,276.03
2015-03-07 21:03:00,277.71
2015-03-07 22:03:00,278.45
2015-03-07 23:03:00,277.37
2015-03-07 24:03:00,276.26
2015-03-08 01:03:00,275.45
2015-03-08 02:03:00,277.59
2015-03-08 03:03:00,279.54
2015-03-08 04:03:00,278.77
2015-03-08 05:03:00,277.96
2015-03-08 06:03:00,277.49
2015-03-08 07:03:00,277.52
2015-03-08 08:03:00,277.59
2015-03-08 09:03:00,277.06
2015-03-08 10:03:00,277.04
2015-03-08 11:03:00,276.18
2015-03-08 12:03:00,274.87
2015-03-08 13:03:00,273.41
2015-03-08 14:03:00,273.46
2015-03-08 15:03:00,272.95
2015-03-08 16:03:00,275.07
2015-03-08 17:03:00,273.8
2015-03-08 18:03:00,276.2
2015-03-08 19:03:00,275.84
2015-03-08 20:03:00,275.4
2015-03-08 21:03:00,275.96
2015-03-08 22:03:00,277.04
2015-03-08 23:03:00,276.42
2015-03-08 24:03:00,274.29
2015-03-09 01:03:00,275.79
2015-03-09 02:03:00,277.22
2015-03-09 03:03:00,275.76
2015-03-09 04:03:00,276.25
2015-03-09 05:03:00,276.75
2015-03-09 06:03:00,279.09
2015-03-09 07:03:00,279.11
2015-03-09 08:03:00,279.94
2015-03-09 09:03:00,279.52
2015-03-09 10:03:00,280.35
2015-03-09 11:03:00,279.83
2015-03-09 12:03:00,281.6
2015-03-09 13:03:00,279.81
2015-03-09 14:03:00,279.5
2015-03-09 15:03:00,278.95
2015-03-09 16:03:00,281.02
2015-03-09 17:03:00,282.4
2015-03-09 18:03:00,285.26
2015-03-09 19:03:00,285.18
2015-03-09 20:03:00,287.34
2015-03-09 21:03:00,289.99
2015-03-09 22:03:00,291.49
2015-03-09 23:03:00,291.48
2015-03-09 24:03:00,292.05
2015-03-10 01:03:00,289.15
2015-03-10 02:03:00,291.52
2015-03-10 03:03:00,293.58
2015-03-10 04:03:00,293.69
2015-03-10 05:03:00,296.21
2015-03-10 06:03:00,295.39
2015-03-10 07:03:00,295.22
2015-03-10 08:03:00,295.59
2015-03-10 09:03:00,294.24
2015-03-10 10:03:00,292.44
2015-03-10 11:03:00,292.45
2015-03-10 12:03:00,292.11
2015-03-10 13:03:00,294.32
2015-03-10 14:03:00,293.64
2015-03-10 15:03:00,291.05
2015-03-10 16:03:00,292.39
2015-03-10 17:03:00,298.42
2015-03-10 18:03:00,294.43
2015-03-10 19:03:00,295.86
2015-03-10 20:03:00,297.02
2015-03-10 21:03:00,296.56
2015-03-10 22:03:00,296.61
2015-03-10 23:03:00,293.41
2015-03-10 24:03:00,294.67
2015-03-11 01:03:00,292.36
2015-03-11 02:03:00,291.67
2015-03-11 03:03:00,292.54
2015-03-11 04:03:00,293.37
2015-03-11 05:03:00,293
2015-03-11 06:03:00,290.96
2015-03-11 07:03:00,293.43
2015-03-11 08:03:00,292.79
2015-03-11 09:03:00,292.15
2015-03-11 10:03:00,292.18
2015-03-11 11:03:00,294.05
2015-03-11 12:03:00,293.11
2015-03-11 13:03:00,293.68
2015-03-11 14:03:00,293.2
2015-03-11 15:03:00,294.08
2015-03-11 16:03:00,293.82
2015-03-11 17:03:00,294.64
2015-03-11 18:03:00,295.68
2015-03-11 19:03:00,297.34
2015-03-11 20:03:00,297.13
2015-03-11 21:03:00,295.72
2015-03-11 22:03:00,295.73
2015-03-11 23:03:00,297.02
2015-03-11 24:03:00,295.97
2015-03-12 01:03:00,295.88
2015-03-12 02:03:00,297.52
2015-03-12 03:03:00,295.38
2015-03-12 04:03:00,297.05
2015-03-12 05:03:00,293.58
2015-03-12 06:03:00,293.96
2015-03-12 07:03:00,293.44
2015-03-12 08:03:00,294.43
2015-03-12 09:03:00,293.39
2015-03-12 10:03:00,293.15
2015-03-12 11:03:00,293.09
2015-03-12 12:03:00,294.52
2015-03-12 13:03:00,293.53
2015-03-12 14:03:00,292.4
2015-03-12 15:03:00,293.97
2015-03-12 16:03:00,294.92
2015-03-12 17:03:00,294.84
2015-03-12 18:03:00,295.59
2015-03-12 19:03:00,293.7
2015-03-12 20:03:00,297.41
2015-03-12 21:03:00,299.59
2015-03-12 22:03:00,298.59
2015-03-12 23:03:00,296.02
2015-03-12 24:03:00,294.51
2015-03-13 01:03:00,295
2015-03-13 02:03:00,294.82
2015-03-13 03:03:00,297.07
2015-03-13 04:03:00,296.91
2015-03-13 05:03:00,294.24
2015-03-13 06:03:00,294.12
2015-03-13 07:03:00,294.07
2015-03-13 08:03:00,291.37
2015-03-13 09:03:00,288.89
2015-03-13 10:03:00,289.74
2015-03-13 11:03:00,290.47
2015-03-13 12:03:00,291.26
2015-03-13 13:03:00,288.59
2015-03-13 14:03:00,290.62
2015-03-13 15:03:00,292.19
2015-03-13 16:03:00,292.37
2015-03-13 17:03:00,292.35
2015-03-13 18:03:00,293.54
2015-03-13 19:03:00,293.48
2015-03-13 20:03:00,290.63
2015-03-13 21:03:00,287.47
2015-03-13 22:03:00,288.71
2015-03-13 23:03:00,288.78
2015-03-13 24:03:00,288.16
2015-03-14 01:03:00,287.9
2015-03-14 02:03:00,284.14
2015-03-14 03:03:00,284.31
2015-03-14 04:03:00,283.34
2015-03-14 05:03:00,282.68
2015-03-14 06:03:00,284.91
2015-03-14 07:03:00,283.92
2015-03-14 08:03:00,280.7
2015-03-14 09:03:00,282.52
2015-03-14 10:03:00,281.51
2015-03-14 11:03:00,282.84
2015-03-14 12:03:00,281.93
2015-03-14 13:03:00,283.57
2015-03-14 14:03:00,283.57
2015-03-14 15:03:00,282.91
2015-03-14 16:03:00,283.56
2015-03-14 17:03:00,285.57
2015-03-14 18:03:00,287.09
2015-03-14 19:03:00,286.52
2015-03-14 20:03:00,286.1
2015-03-14 21:03:00,283.33
2015-03-14 22:03:00,284.5
2015-03-14 23:03:00,282.87
2015-03-14 24:03:00,283.69
2015-03-15 01:03:00,282.68
2015-03-15 02:03:00,282.23
2015-03-15 03:03:00,282.33
2015-03-15 04:03:00,282.53
2015-03-15 05:03:00,283.37
2015-03-15 06:03:00,285.19
2015-03-15 07:03:00,283.39
2015-03-15 08:03:00,284.27
2015-03-15 09:03:00,283.72
2015-03-15 10:03:00,283.94
2015-03-15 11:03:00,284.2
2015-03-15 12:03:00,283.22
2015-03-15 13:03:00,281.89
2015-03-15 14:03:00,285.27
2015-03-15 15:03:00,285.43
2015-03-15 16:03:00,286.32
2015-03-15 17:03:00,286.23
2015-03-15 18:03:00,286.81
2015-03-15 19:03:00,286.42
2015-03-15 20:03:00,285.64
2015-03-15 21:03:00,284.69
2015-03-15 22:03:00,285.01
2015-03-15 23:03:00,286.33
2015-03-15 24:03:00,286.41
2015-03-16 01:03:00,286.49
2015-03-16 02:03:00,285.94
2015-03-16 03:03:00,288.73
2015-03-16 04:03:00,290.13
2015-03-16 05:03:00,292.05
2015-03-16 06:03:00,291.81
2015-03-16 07:03:00,291.24
2015-03-16 08:03:00,291.56
2015-03-16 09:03:00,291.66
2015-03-16 10:03:00,291.72
2015-03-16 11:03:00,292.15
2015-03-16 12:03:00,292.39
2015-03-16 13:03:00,291.71
2015-03-16 14:03:00,291.42
2015-03-16 15:03:00,292.52
2015-03-16 16:03:00,293.27
2015-03-16 17:03:00,293.75
2015-03-16 18:03:00,292.89
2015-03-16 19:03:00,290.45
2015-03-16 20:03:00,290.57
2015-03-16 21:03:00,294.87
2015-03-16 22:03:00,293.59
2015-03-16 23:03:00,294.17
2015-03-16 24:03:00,294.18
2015-03-17 01:03:00,293.54
2015-03-17 02:03:00,292.25
2015-03-17 03:03:00,291.5
2015-03-17 04:03:00,290.87
2015-03-17 05:03:00,291.9
2015-03-17 06:03:00,292.18
2015-03-17 07:03:00,291.58
2015-03-17 08:03:00,291.52
2015-03-17 09:03:00,291.58
2015-03-17 10:03:00,291.37
2015-03-17 11:03:00,291.15
2015-03-17 12:03:00,290.79
2015-03-17 13:03:00,290.53
2015-03-17 14:03:00,290.48
2015-03-17 15:03:00,290.55
2015-03-17 16:03:00,288.5
2015-03-17 17:03:00,288.81
2015-03-17 18:03:00,287.85
2015-03-17 19:03:00,286.97
2015-03-17 20:03:00,287.26
2015-03-17 21:03:00,287.62
2015-03-17 22:03:00,290.29
2015-03-17 23:03:00,286.92
2015-03-17 24:03:00,284.06
2015-03-18 01:03:00,284.94
2015-03-18 02:03:00,286.53
2015-03-18 03:03:00,284.45
2015-03-18 04:03:00,283.58
2015-03-18 05:03:00,284.48
2015-03-18 06:03:00,284.11
2015-03-18 07:03:00,284.61
2015-03-18 08:03:00,284.9
2015-03-18 09:03:00,284.25
2015-03-18 10:03:00,281.81
2015-03-18 11:03:00,279.54
2015-03-18 12:03:00,277.87
2015-03-18 13:03:00,272.75
2015-03-18 14:03:00,270.07
2015-03-18 15:03:00,271.71
2015-03-18 16:03:00,271.46
2015-03-18 17:03:00,273.83
2015-03-18 18:03:00,272.32
2015-03-18 19:03:00,269.77
2015-03-18 20:03:00,266.01
2015-03-18 21:03:00,267.75
2015-03-18 22:03:00,264.63
2015-03-18 23:03:00,259.57
2015-03-18 24:03:00,253.1
2015-03-19 01:03:00,255.62
2015-03-19 02:03:00,255.66
2015-03-19 03:03:00,250.92
2015-03-19 04:03:00,252.53
2015-03-19 05:03:00,253.01
2015-03-19 06:03:00,254.24
2015-03-19 07:03:00,253.63
2015-03-19 08:03:00,252.94
2015-03-19 09:03:00,258.91
2015-03-19 10:03:00,259.87
2015-03-19 11:03:00,258.87
2015-03-19 12:03:00,256.51
2015-03-19 13:03:00,255.85
2015-03-19 14:03:00,257.63
2015-03-19 15:03:00,258.44
2015-03-19 16:03:00,258.37
2015-03-19 17:03:00,260.69
2015-03-19 18:03:00,262.03
2015-03-19 19:03:00,263.67
2015-03-19 20:03:00,260.57
2015-03-19 21:03:00,259.14
2015-03-19 22:03:00,254.24
2015-03-19 23:03:00,261.99
2015-03-19 24:03:00,263.1
2015-03-20 01:03:00,263.93
2015-03-20 02:03:00,262.31
2015-03-20 03:03:00,264.15
2015-03-20 04:03:00,265.07
2015-03-20 05:03:00,265.16
2015-03-20 06:03:00,264.74
2015-03-20 07:03:00,263.21
2015-03-20 08:03:00,262.31
2015-03-20 09:03:00,262.55
2015-03-20 10:03:00,260.82
2015-03-20 11:03:00,259.91
2015-03-20 12:03:00,260.52
2015-03-20 13:03:00,259.62
2015-03-20 14:03:00,260.48
2015-03-20 15:03:00,260.81
2015-03-20 16:03:00,262.29
2015-03-20 17:03:00,261.39
2015-03-20 18:03:00,261.09
2015-03-20 19:03:00,261.39
2015-03-20 20:03:00,260.1
2015-03-20 21:03:00,261.11
2015-03-20 22:03:00,263.82
2015-03-20 23:03:00,261.91
2015-03-20 24:03:00,266.54
2015-03-21 01:03:00,265.51
2015-03-21 02:03:00,261.61
2015-03-21 03:03:00,262.66
2015-03-21 04:03:00,262.68
2015-03-21 05:03:00,261.17
2015-03-21 06:03:00,261.61
2015-03-21 07:03:00,261.64
2015-03-21 08:03:00,257.47
2015-03-21 09:03:00,256.76
2015-03-21 10:03:00,256.4
2015-03-21 11:03:00,256.3
2015-03-21 12:03:00,257.11
2015-03-21 13:03:00,258.08
2015-03-21 14:03:00,259.37
2015-03-21 15:03:00,260.57
2015-03-21 16:03:00,262.53
2015-03-21 17:03:00,262.78
2015-03-21 18:03:00,260.48
2015-03-21 19:03:00,261.69
2015-03-21 20:03:00,261.26
2015-03-21 21:03:00,262.12
2015-03-21 22:03:00,261.56
2015-03-21 23:03:00,259.47
2015-03-21 24:03:00,259.79
2015-03-22 01:03:00,261.26
2015-03-22 02:03:00,263.93
2015-03-22 03:03:00,262.13
2015-03-22 04:03:00,260.03
2015-03-22 05:03:00,260.47
2015-03-22 06:03:00,260.9
2015-03-22 07:03:00,260.82
2015-03-22 08:03:00,261.21
2015-03-22 09:03:00,261.59
2015-03-22 10:03:00,260.65
2015-03-22 11:03:00,260.81
2015-03-22 12:03:00,261.47
2015-03-22 13:03:00,260.26
2015-03-22 14:03:00,260.48
2015-03-22 15:03:00,260.57
2015-03-22 16:03:00,261.73
2015-03-22 17:03:00,261.64
2015-03-22 18:03:00,262.65
2015-03-22 19:03:00,260.87
2015-03-22 20:03:00,262.83
2015-03-22 21:03:00,264.24
2015-03-22 22:03:00,267.43
2015-03-22 23:03:00,267.16
2015-03-22 24:03:00,267.64
2015-03-23 01:03:00,269.43
2015-03-23 02:03:00,266.47
2015-03-23 03:03:00,269.57
2015-03-23 04:03:00,268.38
2015-03-23 05:03:00,269.35
2015-03-23 06:03:00,268.13
2015-03-23 07:03:00,267.38
2015-03-23 08:03:00,268.41
2015-03-23 09:03:00,268.85
2015-03-23 10:03:00,268.72
2015-03-23 11:03:00,267.53
2015-03-23 12:03:00,269.47
2015-03-23 13:03:00,269.71
2015-03-23 14:03:00,268.17
2015-03-23 15:03:00,268.96
2015-03-23 16:03:00,268.35
2015-03-23 17:03:00,269.13
2015-03-23 18:03:00,267.64
2015-03-23 19:03:00,266.91
2015-03-23 20:03:00,266.62
2015-03-23 21:03:00,264.72
2015-03-23 22:03:00,263.36
2015-03-23 23:03:00,267
2015-03-23 24:03:00,267.52
2015-03-24 01:03:00,266.65
2015-03-24 02:03:00,266.99
2015-03-24 03:03:00,266.75
2015-03-24 04:03:00,266.6
2015-03-24 05:03:00,267.08
2015-03-24 06:03:00,266.54
2015-03-24 07:03:00,265.95
2015-03-24 08:03:00,266.36
2015-03-24 09:03:00,267.87
2015-03-24 10:03:00,264.03
2015-03-24 11:03:00,263.46
2015-03-24 12:03:00,259.98
2015-03-24 13:03:00,259.1
2015-03-24 14:03:00,254.45
2015-03-24 15:03:00,256.78
2015-03-24 16:03:00,248.02
2015-03-24 17:03:00,245.9
2015-03-24 18:03:00,245.2
2015-03-24 19:03:00,246.26
2015-03-24 20:03:00,246.93
2015-03-24 21:03:00,248.14
2015-03-24 22:03:00,249.78
2015-03-24 23:03:00,248.42
2015-03-24 24:03:00,249.99
2015-03-25 01:03:00,247.89
2015-03-25 02:03:00,246.83
2015-03-25 03:03:00,247.26
2015-03-25 04:03:00,248.34
2015-03-25 05:03:00,250.42
2015-03-25 06:03:00,246.78
2015-03-25 07:03:00,246.05
2015-03-25 08:03:00,244.14
2015-03-25 09:03:00,239.95
2015-03-25 10:03:00,236.95
2015-03-25 11:03:00,239.7
2015-03-25 12:03:00,244.88
2015-03-25 13:03:00,244.63
2015-03-25 14:03:00,245.44
2015-03-25 15:03:00,247.75
2015-03-25 16:03:00,246.14
2015-03-25 17:03:00,246.38
2015-03-25 18:03:00,248.23
2015-03-25 19:03:00,245.15
2015-03-25 20:03:00,244.86
2015-03-25 21:03:00,247.56
2015-03-25 22:03:00,245.83
2015-03-25 23:03:00,246.34
2015-03-25 24:03:00,246
2015-03-26 01:03:00,248.3
2015-03-26 02:03:00,247.52
2015-03-26 03:03:00,246.28
2015-03-26 04:03:00,246.37
2015-03-26 05:03:00,247.5
2015-03-26 06:03:00,247.76
2015-03-26 07:03:00,245.93
2015-03-26 08:03:00,245.81
2015-03-26 09:03:00,248.09
2015-03-26 10:03:00,249.97
2015-03-26 11:03:00,251.06
2015-03-26 12:03:00,250.42
2015-03-26 13:03:00,250.61
2015-03-26 14:03:00,250.86
2015-03-26 15:03:00,253.29
2015-03-26 16:03:00,252.26
2015-03-26 17:03:00,252.54
2015-03-26 18:03:00,251.55
2015-03-26 19:03:00,252.7
2015-03-26 20:03:00,252.56
2015-03-26 21:03:00,253.61
2015-03-26 22:03:00,253.02
2015-03-26 23:03:00,249.25
2015-03-26 24:03:00,247.6
2015-03-27 01:03:00,249
2015-03-27 02:03:00,251.13
2015-03-27 03:03:00,247.64
2015-03-27 04:03:00,246.95
2015-03-27 05:03:00,247.15
2015-03-27 06:03:00,248.2
2015-03-27 07:03:00,247.93
2015-03-27 08:03:00,247.86
2015-03-27 09:03:00,249.34
2015-03-27 10:03:00,247.09
2015-03-27 11:03:00,247.03
2015-03-27 12:03:00,247.52
2015-03-27 13:03:00,246.98
2015-03-27 14:03:00,247.02
2015-03-27 15:03:00,246.94
2015-03-27 16:03:00,248.07
2015-03-27 17:03:00,248.51
2015-03-27 18:03:00,250.72
2015-03-27 19:03:00,248.18
2015-03-27 20:03:00,250.85
2015-03-27 21:03:00,251.98
2015-03-27 22:03:00,249.79
2015-03-27 23:03:00,251.56
2015-03-27 24:03:00,252.54
2015-03-28 01:03:00,250.42
2015-03-28 02:03:00,248.44
2015-03-28 03:03:00,249.14
2015-03-28 04:03:00,250.89
2015-03-28 05:03:00,248.55
2015-03-28 06:03:00,248.34
2015-03-28 07:03:00,251.63
2015-03-28 08:03:00,253.1
2015-03-28 09:03:00,252.65
2015-03-28 10:03:00,251.63
2015-03-28 11:03:00,252.53
2015-03-28 12:03:00,252.2
2015-03-28 13:03:00,253.76
2015-03-28 14:03:00,252.31
2015-03-28 15:03:00,252.1
2015-03-28 16:03:00,252.14
2015-03-28 17:03:00,253.27
2015-03-28 18:03:00,253.35
2015-03-28 19:03:00,255.1
2015-03-28 20:03:00,255.05
2015-03-28 21:03:00,253.68
2015-03-28 22:03:00,252.5
2015-03-28 23:03:00,254.36
2015-03-28 24:03:00,254
2015-03-29 01:03:00,255.13
2015-03-29 02:03:00,253.93
2015-03-29 04:03:00,253.25
2015-03-29 05:03:00,249.81
2015-03-29 06:03:00,247.85
2015-03-29 07:03:00,248.46
2015-03-29 08:03:00,248.6
2015-03-29 09:03:00,248.14
2015-03-29 10:03:00,248.8
2015-03-29 11:03:00,247.3
2015-03-29 12:03:00,242.41
2015-03-29 13:03:00,241.17
2015-03-29 14:03:00,244.56
2015-03-29 15:03:00,244.97
2015-03-29 16:03:00,244.36
2015-03-29 17:03:00,243.14
2015-03-29 18:03:00,245.45
2015-03-29 19:03:00,244.77
2015-03-29 20:03:00,243.46
2015-03-29 21:03:00,245.04
2015-03-29 22:03:00,246.22
2015-03-29 23:03:00,243.31
2015-03-29 24:03:00,242.67
2015-03-30 01:03:00,241.35
2015-03-30 02:03:00,243
2015-03-30 03:03:00,243.93
2015-03-30 04:03:00,241.59
2015-03-30 05:03:00,239.58
2015-03-30 06:03:00,245.34
2015-03-30 07:03:00,246.13
2015-03-30 08:03:00,246.08
2015-03-30 09:03:00,245.43
2015-03-30 10:03:00,245.18
2015-03-30 11:03:00,245.9
2015-03-30 12:03:00,244.76
2015-03-30 13:03:00,245.58
2015-03-30 14:03:00,244.07
2015-03-30 15:03:00,243.4
2015-03-30 16:03:00,243.22
2015-03-30 17:03:00,245.99
2015-03-30 18:03:00,246.86
2015-03-30 19:03:00,247.9
2015-03-30 20:03:00,248.06
2015-03-30 21:03:00,249.22
2015-03-30 22:03:00,248.44
2015-03-30 23:03:00,249.95
2015-03-30 24:03:00,249.8
2015-03-31 01:03:00,249.33
2015-03-31 02:03:00,249.47
2015-03-31 03:03:00,249.2
2015-03-31 04:03:00,249.56
2015-03-31 05:03:00,249.3
2015-03-31 06:03:00,249.78
2015-03-31 07:03:00,248.7
2015-03-31 08:03:00,247.7
2015-03-31 09:03:00,247.89
2015-03-31 10:03:00,248.18
2015-03-31 11:03:00,248.23
2015-03-31 12:03:00,247.75
2015-03-31 13:03:00,245.02
2015-03-31 14:03:00,244.29
2015-03-31 15:03:00,243.29
2015-03-31 16:03:00,242.37
2015-03-31 17:03:00,242.91
2015-03-31 18:03:00,244.91
2015-03-31 19:03:00,244.66
2015-03-31 20:03:00,244.15
2015-03-31 21:03:00,246.5
2015-03-31 22:03:00,246.02
2015-03-31 23:03:00,245.42
2015-03-31 24:03:00,245.83
2015-04-01 01:04:00,245.67
2015-04-01 02:04:00,246.19
2015-04-01 03:04:00,246.13
2015-04-01 04:04:00,245.99
2015-04-01 05:04:00,248.39
2015-04-01 06:04:00,245.32
2015-04-01 07:04:00,243.88
2015-04-01 08:04:00,244.21
2015-04-01 09:04:00,243.85
2015-04-01 10:04:00,242.35
2015-04-01 11:04:00,243.46
2015-04-01 12:04:00,242.36
2015-04-01 13:04:00,240.66
2015-04-01 14:04:00,241.57
2015-04-01 15:04:00,242.89
2015-04-01 16:04:00,243.02
2015-04-01 17:04:00,243.85
2015-04-01 18:04:00,243.82
2015-04-01 19:04:00,244.39
2015-04-01 20:04:00,245.64
2015-04-01 21:04:00,244.67
2015-04-01 22:04:00,246.48
2015-04-01 23:04:00,246.13
2015-04-01 24:04:00,246.05
2015-04-02 01:04:00,248.66
2015-04-02 02:04:00,248.68
2015-04-02 03:04:00,247.98
2015-04-02 04:04:00,248.39
2015-04-02 05:04:00,248.43
2015-04-02 06:04:00,247.81
2015-04-02 07:04:00,248.37
2015-04-02 08:04:00,247.47
2015-04-02 09:04:00,246.18
2015-04-02 10:04:00,245.46
2015-04-02 11:04:00,244.47
2015-04-02 12:04:00,245.23
2015-04-02 13:04:00,244.83
2015-04-02 14:04:00,245.53
2015-04-02 15:04:00,246.12
2015-04-02 16:04:00,247.36
2015-04-02 17:04:00,247.96
2015-04-02 18:04:00,249.8
2015-04-02 19:04:00,248.95
2015-04-02 20:04:00,251.16
2015-04-02 21:04:00,253.04
2015-04-02 22:04:00,254.62
2015-04-02 23:04:00,254.53
2015-04-02 24:04:00,253.6
2015-04-03 01:04:00,253.46
2015-04-03 02:04:00,253.48
2015-04-03 03:04:00,255.5
2015-04-03 04:04:00,255.85
2015-04-03 05:04:00,254.27
2015-04-03 06:04:00,253.2
2015-04-03 07:04:00,253.46
2015-04-03 08:04:00,251.82
2015-04-03 09:04:00,253.04
2015-04-03 10:04:00,251.92
2015-04-03 11:04:00,254.43
2015-04-03 12:04:00,255.58
2015-04-03 13:04:00,255
2015-04-03 14:04:00,253.81
2015-04-03 15:04:00,253.64
2015-04-03 16:04:00,254.46
2015-04-03 17:04:00,255.63
2015-04-03 18:04:00,256.41
2015-04-03 19:04:00,254.43
2015-04-03 20:04:00,255.91
2015-04-03 21:04:00,255.31
2015-04-03 22:04:00,256.33
2015-04-03 23:04:00,257.61
2015-04-03 24:04:00,259.84
2015-04-04 01:04:00,259.45
2015-04-04 02:04:00,256.26
2015-04-04 03:04:00,257.36
2015-04-04 04:04:00,258.24
2015-04-04 05:04:00,256.17
2015-04-04 06:04:00,255.66
2015-04-04 07:04:00,255.63
2015-04-04 08:04:00,254.56
2015-04-04 09:04:00,255.86
2015-04-04 10:04:00,251.86
2015-04-04 11:04:00,251.45
2015-04-04 12:04:00,251.71
2015-04-04 13:04:00,250.52
2015-04-04 14:04:00,252.12
2015-04-04 15:04:00,251.19
2015-04-04 16:04:00,252.23
2015-04-04 17:04:00,254.18
2015-04-04 18:04:00,256.11
2015-04-04 19:04:00,251.79
2015-04-04 20:04:00,255.72
2015-04-04 21:04:00,257.75
2015-04-04 22:04:00,257.76
2015-04-04 23:04:00,255.92
2015-04-04 24:04:00,257.51
2015-04-05 01:04:00,256.39
2015-04-05 02:04:00,254.73
2015-04-05 03:04:00,263.74
2015-04-05 04:04:00,256.18
2015-04-05 05:04:00,252.82
2015-04-05 06:04:00,252.48
2015-04-05 07:04:00,254.28
2015-04-05 08:04:00,253.39
2015-04-05 09:04:00,254.06
2015-04-05 10:04:00,252.04
2015-04-05 11:04:00,253.28
2015-04-05 12:04:00,250.77
2015-04-05 13:04:00,251.23
2015-04-05 14:04:00,254.27
2015-04-05 15:04:00,257.5
2015-04-05 16:04:00,256.99
2015-04-05 17:04:00,256.74
2015-04-05 18:04:00,257.28
2015-04-05 19:04:00,257.37
2015-04-05 20:04:00,258.76
2015-04-05 21:04:00,257.11
2015-04-05 22:04:00,256.45
2015-04-05 23:04:00,257.69
2015-04-05 24:04:00,257.71
2015-04-06 01:04:00,258.61
2015-04-06 02:04:00,259.95
2015-04-06 03:04:00,261.03
2015-04-06 04:04:00,261.75
2015-04-06 05:04:00,262.04
2015-04-06 06:04:00,262.56
2015-04-06 07:04:00,259.93
2015-04-06 08:04:00,259.82
2015-04-06 09:04:00,258.86
2015-04-06 10:04:00,257.51
2015-04-06 11:04:00,257.16
2015-04-06 12:04:00,258.19
2015-04-06 13:04:00,256.53
2015-04-06 14:04:00,257.13
2015-04-06 15:04:00,256.03
2015-04-06 16:04:00,260.9
2015-04-06 17:04:00,259.6
2015-04-06 18:04:00,259.9
2015-04-06 19:04:00,260.72
2015-04-06 20:04:00,257.12
2015-04-06 21:04:00,255.22
2015-04-06 22:04:00,254.87
2015-04-06 23:04:00,256.19
2015-04-06 24:04:00,256.57
2015-04-07 01:04:00,257.99
2015-04-07 02:04:00,261.91
2015-04-07 03:04:00,255.04
2015-04-07 04:04:00,256.57
2015-04-07 05:04:00,250.28
2015-04-07 06:04:00,251.71
2015-04-07 07:04:00,251.56
2015-04-07 08:04:00,252.37
2015-04-07 09:04:00,253.26
2015-04-07 10:04:00,253.09
2015-04-07 11:04:00,253.54
2015-04-07 12:04:00,251.11
2015-04-07 13:04:00,250.17
2015-04-07 14:04:00,253.2
2015-04-07 15:04:00,253.08
2015-04-07 16:04:00,256.36
2015-04-07 17:04:00,254.01
2015-04-07 18:04:00,254.76
2015-04-07 19:04:00,257.87
2015-04-07 20:04:00,255.22
2015-04-07 21:04:00,255.49
2015-04-07 22:04:00,258.76
2015-04-07 23:04:00,258.8
2015-04-07 24:04:00,254.76
2015-04-08 01:04:00,257.7
2015-04-08 02:04:00,254.54
2015-04-08 03:04:00,255.48
2015-04-08 04:04:00,257.34
2015-04-08 05:04:00,253.92
2015-04-08 06:04:00,253.47
2015-04-08 07:04:00,254.26
2015-04-08 08:04:00,254.13
2015-04-08 09:04:00,254.24
2015-04-08 10:04:00,253.72
2015-04-08 11:04:00,254.17
2015-04-08 12:04:00,253.06
2015-04-08 13:04:00,248.93
2015-04-08 14:04:00,245.08
2015-04-08 15:04:00,244.99
2015-04-08 16:04:00,245.14
2015-04-08 17:04:00,245.86
2015-04-08 18:04:00,247.83
2015-04-08 19:04:00,245.56
2015-04-08 20:04:00,244.95
2015-04-08 21:04:00,247.49
2015-04-08 22:04:00,245.69
2015-04-08 23:04:00,245.46
2015-04-08 24:04:00,245.73
2015-04-09 01:04:00,248.69
2015-04-09 02:04:00,246.17
2015-04-09 03:04:00,247.08
2015-04-09 04:04:00,247.66
2015-04-09 05:04:00,246.9
2015-04-09 06:04:00,245.14
2015-04-09 07:04:00,245.17
2015-04-09 08:04:00,244.46
2015-04-09 09:04:00,243.86
2015-04-09 10:04:00,242.66
2015-04-09 11:04:00,240.08
2015-04-09 12:04:00,241.27
2015-04-09 13:04:00,241.63
2015-04-09 14:04:00,241.95
2015-04-09 15:04:00,242.38
2015-04-09 16:04:00,244.26
2015-04-09 17:04:00,245.13
2015-04-09 18:04:00,246.21
2015-04-09 19:04:00,246.37
2015-04-09 20:04:00,244.73
2015-04-09 21:04:00,245.13
2015-04-09 22:04:00,248.09
2015-04-09 23:04:00,244.47
2015-04-09 24:04:00,242.08
2015-04-10 01:04:00,243.25
2015-04-10 02:04:00,246.36
2015-04-10 03:04:00,245.97
2015-04-10 04:04:00,243.47
2015-04-10 05:04:00,244.33
2015-04-10 06:04:00,242.64
2015-04-10 07:04:00,242.95
2015-04-10 08:04:00,242.42
2015-04-10 09:04:00,239.24
2015-04-10 10:04:00,239.44
2015-04-10 11:04:00,239.91
2015-04-10 12:04:00,239.33
2015-04-10 13:04:00,238.13
2015-04-10 14:04:00,238.66
2015-04-10 15:04:00,235.7
2015-04-10 16:04:00,234.32
2015-04-10 17:04:00,235.81
2015-04-10 18:04:00,234.98
2015-04-10 19:04:00,233.64
2015-04-10 20:04:00,236.75
2015-04-10 21:04:00,236.94
2015-04-10 22:04:00,235.75
2015-04-10 23:04:00,235.88
2015-04-10 24:04:00,235.98
2015-04-11 01:04:00,236.21
2015-04-11 02:04:00,234.73
2015-04-11 03:04:00,235.72
2015-04-11 04:04:00,235.93
2015-04-11 05:04:00,236.82
2015-04-11 06:04:00,238.52
2015-04-11 07:04:00,236.96
2015-04-11 08:04:00,236.85
2015-04-11 09:04:00,233.85
2015-04-11 10:04:00,234.84
2015-04-11 11:04:00,233.71
2015-04-11 12:04:00,235.15
2015-04-11 13:04:00,234.35
2015-04-11 14:04:00,234.64
2015-04-11 15:04:00,234.64
2015-04-11 16:04:00,235.29
2015-04-11 17:04:00,237.99
2015-04-11 18:04:00,238.8
2015-04-11 19:04:00,238.41
2015-04-11 20:04:00,239.45
2015-04-11 21:04:00,237.29
2015-04-11 22:04:00,240.57
2015-04-11 23:04:00,236.62
2015-04-11 24:04:00,237.69
2015-04-12 01:04:00,235.67
2015-04-12 02:04:00,236.6
2015-04-12 03:04:00,237.73
2015-04-12 04:04:00,239.23
2015-04-12 05:04:00,238.51
2015-04-12 06:04:00,237.9
2015-04-12 07:04:00,237.59
2015-04-12 08:04:00,236.81
2015-04-12 09:04:00,238.08
2015-04-12 10:04:00,234.28
2015-04-12 11:04:00,235.48
2015-04-12 12:04:00,234.21
2015-04-12 13:04:00,236.11
2015-04-12 14:04:00,235.39
2015-04-12 15:04:00,235.32
2015-04-12 16:04:00,236.68
2015-04-12 17:04:00,237.02
2015-04-12 18:04:00,239.96
2015-04-12 19:04:00,239.01
2015-04-12 20:04:00,236.65
2015-04-12 21:04:00,236.75
2015-04-12 22:04:00,241.2
2015-04-12 23:04:00,235.83
2015-04-12 24:04:00,237.32
2015-04-13 01:04:00,236.45
2015-04-13 02:04:00,236.45
2015-04-13 03:04:00,237.19
2015-04-13 04:04:00,236.83
2015-04-13 05:04:00,237
2015-04-13 06:04:00,236.13
2015-04-13 07:04:00,235.32
2015-04-13 08:04:00,236.61
2015-04-13 09:04:00,236.66
2015-04-13 10:04:00,236.17
2015-04-13 11:04:00,235.6
2015-04-13 12:04:00,235.18
2015-04-13 13:04:00,234.69
2015-04-13 14:04:00,235.52
2015-04-13 15:04:00,233.51
2015-04-13 16:04:00,234.21
2015-04-13 17:04:00,237.4
2015-04-13 18:04:00,234.17
2015-04-13 19:04:00,235.83
2015-04-13 20:04:00,234.39
2015-04-13 21:04:00,227.41
2015-04-13 22:04:00,225.13
2015-04-13 23:04:00,224.43
2015-04-13 24:04:00,222.66
2015-04-14 01:04:00,223.69
2015-04-14 02:04:00,226.04
2015-04-14 03:04:00,225.9
2015-04-14 04:04:00,226.24
2015-04-14 05:04:00,227.85
2015-04-14 06:04:00,223.35
2015-04-14 07:04:00,222.43
2015-04-14 08:04:00,221.52
2015-04-14 09:04:00,220.84
2015-04-14 10:04:00,219.1
2015-04-14 11:04:00,219.58
2015-04-14 12:04:00,222.15
2015-04-14 13:04:00,221.13
2015-04-14 14:04:00,220.42
2015-04-14 15:04:00,220.83
2015-04-14 16:04:00,221.13
2015-04-14 17:04:00,219.99
2015-04-14 18:04:00,219.57
2015-04-14 19:04:00,218.89
2015-04-14 20:04:00,217.96
2015-04-14 21:04:00,217.27
2015-04-14 22:04:00,216.75
2015-04-14 23:04:00,217.91
2015-04-14 24:04:00,217.45
2015-04-15 01:04:00,217.23
2015-04-15 02:04:00,218.71
2015-04-15 03:04:00,219.98
2015-04-15 04:04:00,221.25
2015-04-15 05:04:00,221.87
2015-04-15 06:04:00,221.86
2015-04-15 07:04:00,222.97
2015-04-15 08:04:00,221.57
2015-04-15 09:04:00,222.47
2015-04-15 10:04:00,220.33
2015-04-15 11:04:00,221.05
2015-04-15 12:04:00,221.05
2015-04-15 13:04:00,221.13
2015-04-15 14:04:00,221.82
2015-04-15 15:04:00,221.9
2015-04-15 16:04:00,221.93
2015-04-15 17:04:00,221.33
2015-04-15 18:04:00,220.01
2015-04-15 19:04:00,221.89
2015-04-15 20:04:00,222.87
2015-04-15 21:04:00,220.39
2015-04-15 22:04:00,219.95
2015-04-15 23:04:00,220.22
2015-04-15 24:04:00,220.4
2015-04-16 01:04:00,221.02
2015-04-16 02:04:00,223.4
2015-04-16 03:04:00,223.84
2015-04-16 04:04:00,226.42
2015-04-16 05:04:00,226.65
2015-04-16 06:04:00,227.81
2015-04-16 07:04:00,229.32
2015-04-16 08:04:00,225.99
2015-04-16 09:04:00,230.83
2015-04-16 10:04:00,225.35
2015-04-16 11:04:00,228.58
2015-04-16 12:04:00,225.85
2015-04-16 13:04:00,226.92
2015-04-16 14:04:00,226.24
2015-04-16 15:04:00,225.76
2015-04-16 16:04:00,226.27
2015-04-16 17:04:00,226.24
2015-04-16 18:04:00,226.63
2015-04-16 19:04:00,228.62
2015-04-16 20:04:00,228.88
2015-04-16 21:04:00,229.44
2015-04-16 22:04:00,231.31
2015-04-16 23:04:00,228.75
2015-04-16 24:04:00,229
2015-04-17 01:04:00,230.93
2015-04-17 02:04:00,231.24
2015-04-17 03:04:00,228.54
2015-04-17 04:04:00,228.37
2015-04-17 05:04:00,227.49
2015-04-17 06:04:00,229.36
2015-04-17 07:04:00,230.89
2015-04-17 08:04:00,227.9
2015-04-17 09:04:00,225.78
2015-04-17 10:04:00,226.34
2015-04-17 11:04:00,224.54
2015-04-17 12:04:00,223.12
2015-04-17 13:04:00,221.07
2015-04-17 14:04:00,223.24
2015-04-17 15:04:00,223.64
2015-04-17 16:04:00,222.82
2015-04-17 17:04:00,221.98
2015-04-17 18:04:00,221.97
2015-04-17 19:04:00,221.88
2015-04-17 20:04:00,222.21
2015-04-17 21:04:00,222.86
2015-04-17 22:04:00,224.79
2015-04-17 23:04:00,225.11
2015-04-17 24:04:00,222.51
2015-04-18 01:04:00,222.77
2015-04-18 02:04:00,222.73
2015-04-18 03:04:00,225.54
2015-04-18 04:04:00,223.31
2015-04-18 05:04:00,223.82
2015-04-18 06:04:00,223.16
2015-04-18 07:04:00,223.66
2015-04-18 08:04:00,224.67
2015-04-18 09:04:00,223.85
2015-04-18 10:04:00,224.08
2015-04-18 11:04:00,224.02
2015-04-18 12:04:00,224.16
2015-04-18 13:04:00,223.22
2015-04-18 14:04:00,220.94
2015-04-18 15:04:00,221.58
2015-04-18 16:04:00,221.08
2015-04-18 17:04:00,221.91
2015-04-18 18:04:00,222.3
2015-04-18 19:04:00,224.41
2015-04-18 20:04:00,222.14
2015-04-18 21:04:00,222.77
2015-04-18 22:04:00,222.64
2015-04-18 23:04:00,223.53
2015-04-18 24:04:00,225.01
2015-04-19 01:04:00,223.53
2015-04-19 02:04:00,223.43
2015-04-19 03:04:00,225.07
2015-04-19 04:04:00,225.56
2015-04-19 05:04:00,225.62
2015-04-19 06:04:00,223.57
2015-04-19 07:04:00,224.32
2015-04-19 08:04:00,224.72
2015-04-19 09:04:00,223.79
2015-04-19 10:04:00,223.63
2015-04-19 11:04:00,225.45
2015-04-19 12:04:00,226.64
2015-04-19 13:04:00,226.24
2015-04-19 14:04:00,226.56
2015-04-19 15:04:00,226.64
2015-04-19 16:04:00,226.97
2015-04-19 17:04:00,225.32
2015-04-19 18:04:00,225.38
2015-04-19 19:04:00,225.24
2015-04-19 20:04:00,225.5
2015-04-19 21:04:00,227.44
2015-04-19 22:04:00,224.55
2015-04-19 23:04:00,223.84
2015-04-19 24:04:00,222.56
2015-04-20 01:04:00,222.88
2015-04-20 02:04:00,223.28
2015-04-20 03:04:00,222.44
2015-04-20 04:04:00,226.1
2015-04-20 05:04:00,223.08
2015-04-20 06:04:00,225.67
2015-04-20 07:04:00,224.72
2015-04-20 08:04:00,223.85
2015-04-20 09:04:00,222.98
2015-04-20 10:04:00,222.54
2015-04-20 11:04:00,224.67
2015-04-20 12:04:00,223.93
2015-04-20 13:04:00,224.37
2015-04-20 14:04:00,224.9
2015-04-20 15:04:00,226.47
2015-04-20 16:04:00,225.92
2015-04-20 17:04:00,224.95
2015-04-20 18:04:00,224.15
2015-04-20 19:04:00,227.55
2015-04-20 20:04:00,224.73
2015-04-20 21:04:00,224.89
2015-04-20 22:04:00,224.75
2015-04-20 23:04:00,224.38
2015-04-20 24:04:00,224.35
2015-04-21 01:04:00,223.58
2015-04-21 02:04:00,224.65
2015-04-21 03:04:00,224.91
2015-04-21 04:04:00,227.32
2015-04-21 05:04:00,225.91
2015-04-21 06:04:00,224.31
2015-04-21 07:04:00,225.87
2015-04-21 08:04:00,225.93
2015-04-21 09:04:00,226.04
2015-04-21 10:04:00,225.94
2015-04-21 11:04:00,225.03
2015-04-21 12:04:00,224.17
2015-04-21 13:04:00,225.26
2015-04-21 14:04:00,224.82
2015-04-21 15:04:00,224.65
2015-04-21 16:04:00,224.8
2015-04-21 17:04:00,226.79
2015-04-21 18:04:00,225.64
2015-04-21 19:04:00,224.04
2015-04-21 20:04:00,224.24
2015-04-21 21:04:00,224.96
2015-04-21 22:04:00,225.08
2015-04-21 23:04:00,230.61
2015-04-21 24:04:00,234.1
2015-04-22 01:04:00,233.38
2015-04-22 02:04:00,235.51
2015-04-22 03:04:00,235.85
2015-04-22 04:04:00,234.01
2015-04-22 05:04:00,234.32
2015-04-22 06:04:00,235.69
2015-04-22 07:04:00,235.86
2015-04-22 08:04:00,234.8
2015-04-22 09:04:00,234.91
2015-04-22 10:04:00,234.1
2015-04-22 11:04:00,235.94
2015-04-22 12:04:00,235.17
2015-04-22 13:04:00,235.39
2015-04-22 14:04:00,235.17
2015-04-22 15:04:00,235.01
2015-04-22 16:04:00,235.59
2015-04-22 17:04:00,236.05
2015-04-22 18:04:00,237.26
2015-04-22 19:04:00,236.97
2015-04-22 20:04:00,237.19
2015-04-22 21:04:00,237.61
2015-04-22 22:04:00,237.34
2015-04-22 23:04:00,236.78
2015-04-22 24:04:00,234.4
2015-04-23 01:04:00,233.96
2015-04-23 02:04:00,235.96
2015-04-23 03:04:00,234.43
2015-04-23 04:04:00,235.33
2015-04-23 05:04:00,236.07
2015-04-23 06:04:00,234.56
2015-04-23 07:04:00,235.1
2015-04-23 08:04:00,233.49
2015-04-23 09:04:00,233.8
2015-04-23 10:04:00,234.32
2015-04-23 11:04:00,234.84
2015-04-23 12:04:00,234.34
2015-04-23 13:04:00,235.34
2015-04-23 14:04:00,234.82
2015-04-23 15:04:00,235.43
2015-04-23 16:04:00,235.16
2015-04-23 17:04:00,236.58
2015-04-23 18:04:00,235.36
2015-04-23 19:04:00,234.78
2015-04-23 20:04:00,235.28
2015-04-23 21:04:00,235.48
2015-04-23 22:04:00,236.59
2015-04-23 23:04:00,234.94
2015-04-23 24:04:00,235.06
2015-04-24 01:04:00,234.47
2015-04-24 02:04:00,237.98
2015-04-24 03:04:00,236.15
2015-04-24 04:04:00,235.03
2015-04-24 05:04:00,232.79
2015-04-24 06:04:00,234.17
2015-04-24 07:04:00,233.96
2015-04-24 08:04:00,233.52
2015-04-24 09:04:00,231.05
2015-04-24 10:04:00,231.28
2015-04-24 11:04:00,230.88
2015-04-24 12:04:00,231.13
2015-04-24 13:04:00,231.23
2015-04-24 14:04:00,231.1
2015-04-24 15:04:00,231.73
2015-04-24 16:04:00,231.98
2015-04-24 17:04:00,231.66
2015-04-24 18:04:00,230.6
2015-04-24 19:04:00,231.46
2015-04-24 20:04:00,231.11
2015-04-24 21:04:00,236.27
2015-04-24 22:04:00,231.13
2015-04-24 23:04:00,231.72
2015-04-24 24:04:00,231.34
2015-04-25 01:04:00,230.89
2015-04-25 02:04:00,233.82
2015-04-25 03:04:00,231.38
2015-04-25 04:04:00,231.75
2015-04-25 05:04:00,232.06
2015-04-25 06:04:00,230.01
2015-04-25 07:04:00,229.7
2015-04-25 08:04:00,229.92
2015-04-25 09:04:00,229.51
2015-04-25 10:04:00,228.33
2015-04-25 11:04:00,227.66
2015-04-25 12:04:00,227.41
2015-04-25 13:04:00,227.79
2015-04-25 14:04:00,227.74
2015-04-25 15:04:00,227.63
2015-04-25 16:04:00,227.61
2015-04-25 17:04:00,227.4
2015-04-25 18:04:00,228.18
2015-04-25 19:04:00,228.4
2015-04-25 20:04:00,228.01
2015-04-25 21:04:00,228.68
2015-04-25 22:04:00,228.68
2015-04-25 23:04:00,230.58
2015-04-25 24:04:00,228.26
2015-04-26 01:04:00,226.9
2015-04-26 02:04:00,226.32
2015-04-26 03:04:00,226.48
2015-04-26 04:04:00,225.41
2015-04-26 05:04:00,220.98
2015-04-26 06:04:00,219.89
2015-04-26 07:04:00,220.09
2015-04-26 08:04:00,218.63
2015-04-26 09:04:00,218.75
2015-04-26 10:04:00,218.83
2015-04-26 11:04:00,218.95
2015-04-26 12:04:00,219.21
2015-04-26 13:04:00,218.26
2015-04-26 14:04:00,218.13
2015-04-26 15:04:00,218.64
2015-04-26 16:04:00,218.34
2015-04-26 17:04:00,216.02
2015-04-26 18:04:00,215.31
2015-04-26 19:04:00,215.74
2015-04-26 20:04:00,217.99
2015-04-26 21:04:00,218.96
2015-04-26 22:04:00,219.08
2015-04-26 23:04:00,217.88
2015-04-26 24:04:00,219.8
2015-04-27 01:04:00,220.08
2015-04-27 02:04:00,219.37
2015-04-27 03:04:00,219.32
2015-04-27 04:04:00,219.03
2015-04-27 05:04:00,220.14
2015-04-27 06:04:00,219.65
2015-04-27 07:04:00,219.59
2015-04-27 08:04:00,219.08
2015-04-27 09:04:00,220.2
2015-04-27 10:04:00,220.55
2015-04-27 11:04:00,220.03
2015-04-27 12:04:00,218.89
2015-04-27 13:04:00,218.48
2015-04-27 14:04:00,218.43
2015-04-27 15:04:00,218.2
2015-04-27 16:04:00,219.93
2015-04-27 17:04:00,223.12
2015-04-27 18:04:00,225.32
2015-04-27 19:04:00,224.64
2015-04-27 20:04:00,222.18
2015-04-27 21:04:00,223.49
2015-04-27 22:04:00,223.03
2015-04-27 23:04:00,221.83
2015-04-27 24:04:00,226.63
2015-04-28 01:04:00,231.41
2015-04-28 02:04:00,228.1
2015-04-28 03:04:00,228.3
2015-04-28 04:04:00,227.5
2015-04-28 05:04:00,227.93
2015-04-28 06:04:00,228.53
2015-04-28 07:04:00,228.55
2015-04-28 08:04:00,226.06
2015-04-28 09:04:00,225.63
2015-04-28 10:04:00,224.91
2015-04-28 11:04:00,226.02
2015-04-28 12:04:00,226.59
2015-04-28 13:04:00,226.35
2015-04-28 14:04:00,225.44
2015-04-28 15:04:00,224.45
2015-04-28 16:04:00,225.27
2015-04-28 17:04:00,223.32
2015-04-28 18:04:00,225.72
2015-04-28 19:04:00,226.24
2015-04-28 20:04:00,226.23
2015-04-28 21:04:00,223.71
2015-04-28 22:04:00,224.22
2015-04-28 23:04:00,228.06
2015-04-28 24:04:00,224.64
2015-04-29 01:04:00,225.29
2015-04-29 02:04:00,225.41
2015-04-29 03:04:00,229.93
2015-04-29 04:04:00,226.09
2015-04-29 05:04:00,225.16
2015-04-29 06:04:00,226.04
2015-04-29 07:04:00,225.56
2015-04-29 08:04:00,224.44
2015-04-29 09:04:00,224.23
2015-04-29 10:04:00,224.72
2015-04-29 11:04:00,224.56
2015-04-29 12:04:00,223.73
2015-04-29 13:04:00,223.79
2015-04-29 14:04:00,223.93
2015-04-29 15:04:00,224.76
2015-04-29 16:04:00,224.71
2015-04-29 17:04:00,225.54
2015-04-29 18:04:00,226.32
2015-04-29 19:04:00,225.18
2015-04-29 20:04:00,226.57
2015-04-29 21:04:00,226.04
2015-04-29 22:04:00,227.61
2015-04-29 23:04:00,226.48
2015-04-29 24:04:00,226.25
2015-04-30 01:04:00,225.53
2015-04-30 02:04:00,228.15
2015-04-30 03:04:00,227.54
2015-04-30 04:04:00,225.58
2015-04-30 05:04:00,226.81
2015-04-30 06:04:00,225.86
2015-04-30 07:04:00,225.59
2015-04-30 08:04:00,226.78
2015-04-30 09:04:00,226.81
2015-04-30 10:04:00,226.37
2015-04-30 11:04:00,231.53
2015-04-30 12:04:00,233.38
2015-04-30 13:04:00,233.55
2015-04-30 14:04:00,232.84
2015-04-30 15:04:00,233.01
2015-04-30 16:04:00,233.34
2015-04-30 17:04:00,233.88
2015-04-30 18:04:00,235.46
2015-04-30 19:04:00,235.36
2015-04-30 20:04:00,236.51
2015-04-30 21:04:00,234.87
2015-04-30 22:04:00,236.77
2015-04-30 23:04:00,238.46
2015-04-30 24:04:00,237.23
2015-05-01 01:05:00,237.7
2015-05-01 02:05:00,237.55
2015-05-01 03:05:00,235.93
2015-05-01 04:05:00,237.2
2015-05-01 05:05:00,237.2
2015-05-01 06:05:00,236.79
2015-05-01 07:05:00,237.23
2015-05-01 08:05:00,236.2
2015-05-01 09:05:00,236.42
2015-05-01 10:05:00,238.31
2015-05-01 11:05:00,236.26
2015-05-01 12:05:00,235.12
2015-05-01 13:05:00,234.43
2015-05-01 14:05:00,236.14
2015-05-01 15:05:00,233.82
2015-05-01 16:05:00,235.87
2015-05-01 17:05:00,235.03
2015-05-01 18:05:00,234.4
2015-05-01 19:05:00,236.49
2015-05-01 20:05:00,234.65
2015-05-01 21:05:00,234.32
2015-05-01 22:05:00,234.89
2015-05-01 23:05:00,235.01
2015-05-01 24:05:00,237.09
2015-05-02 01:05:00,234.96
2015-05-02 02:05:00,234.55
2015-05-02 03:05:00,232.61
2015-05-02 04:05:00,233.02
2015-05-02 05:05:00,233.8
2015-05-02 06:05:00,233.11
2015-05-02 07:05:00,234.15
2015-05-02 08:05:00,235.65
2015-05-02 09:05:00,235.33
2015-05-02 10:05:00,232.42
2015-05-02 11:05:00,232.99
2015-05-02 12:05:00,233.59
2015-05-02 13:05:00,234.21
2015-05-02 14:05:00,234.66
2015-05-02 15:05:00,234.85
2015-05-02 16:05:00,236.67
2015-05-02 17:05:00,236.93
2015-05-02 18:05:00,235.02
2015-05-02 19:05:00,235.45
2015-05-02 20:05:00,239.12
2015-05-02 21:05:00,239.07
2015-05-02 22:05:00,235.31
2015-05-02 23:05:00,237.72
2015-05-02 24:05:00,235.94
2015-05-03 01:05:00,235.82
2015-05-03 02:05:00,235.81
2015-05-03 03:05:00,235.68
2015-05-03 04:05:00,234.31
2015-05-03 05:05:00,234.61
2015-05-03 06:05:00,236.75
2015-05-03 07:05:00,237.32
2015-05-03 08:05:00,237.82
2015-05-03 09:05:00,237.54
2015-05-03 10:05:00,239.54
2015-05-03 11:05:00,241.18
2015-05-03 12:05:00,241.29
2015-05-03 13:05:00,240.24
2015-05-03 14:05:00,241.26
2015-05-03 15:05:00,242.51
2015-05-03 16:05:00,242.49
2015-05-03 17:05:00,241.87
2015-05-03 18:05:00,242.16
2015-05-03 19:05:00,240.98
2015-05-03 20:05:00,243.16
2015-05-03 21:05:00,241.17
2015-05-03 22:05:00,242.97
2015-05-03 23:05:00,241.74
2015-05-03 24:05:00,241.33
2015-05-04 01:05:00,240.04
2015-05-04 02:05:00,241.48
2015-05-04 03:05:00,240.54
2015-05-04 04:05:00,239.46
2015-05-04 05:05:00,239.92
2015-05-04 06:05:00,239.75
2015-05-04 07:05:00,240.78
2015-05-04 08:05:00,241.03
2015-05-04 09:05:00,241.45
2015-05-04 10:05:00,242.03
2015-05-04 11:05:00,240.61
2015-05-04 12:05:00,240.48
2015-05-04 13:05:00,240.47
2015-05-04 14:05:00,241.01
2015-05-04 15:05:00,241.88
2015-05-04 16:05:00,242.74
2015-05-04 17:05:00,242.91
2015-05-04 18:05:00,239.92
2015-05-04 19:05:00,239.62
2015-05-04 20:05:00,239.5
2015-05-04 21:05:00,239.14
2015-05-04 22:05:00,238.79
2015-05-04 23:05:00,238.15
2015-05-04 24:05:00,238.51
2015-05-05 01:05:00,238.62
2015-05-05 02:05:00,238.39
2015-05-05 03:05:00,238.99
2015-05-05 04:05:00,238.78
2015-05-05 05:05:00,238.75
2015-05-05 06:05:00,239.24
2015-05-05 07:05:00,236.35
2015-05-05 08:05:00,234.95
2015-05-05 09:05:00,235.07
2015-05-05 10:05:00,235.17
2015-05-05 11:05:00,235.31
2015-05-05 12:05:00,233.32
2015-05-05 13:05:00,232.79
2015-05-05 14:05:00,233.76
2015-05-05 15:05:00,234.02
2015-05-05 16:05:00,235.05
2015-05-05 17:05:00,235.18
2015-05-05 18:05:00,235.9
2015-05-05 19:05:00,235.23
2015-05-05 20:05:00,235.07
2015-05-05 21:05:00,235.47
2015-05-05 22:05:00,236.51
2015-05-05 23:05:00,235.17
2015-05-05 24:05:00,237.56
2015-05-06 01:05:00,236.09
2015-05-06 02:05:00,236.35
2015-05-06 03:05:00,236.58
2015-05-06 04:05:00,236.46
2015-05-06 05:05:00,236.88
2015-05-06 06:05:00,235.7
2015-05-06 07:05:00,237.83
2015-05-06 08:05:00,234.68
2015-05-06 09:05:00,234.71
2015-05-06 10:05:00,235.42
2015-05-06 11:05:00,235.16
2015-05-06 12:05:00,235.45
2015-05-06 13:05:00,235.8
2015-05-06 14:05:00,234.67
2015-05-06 15:05:00,235.03
2015-05-06 16:05:00,235.01
2015-05-06 17:05:00,234.76
2015-05-06 18:05:00,234.75
2015-05-06 19:05:00,236.44
2015-05-06 20:05:00,236.7
2015-05-06 21:05:00,235.42
2015-05-06 22:05:00,234.93
2015-05-06 23:05:00,234.85
2015-05-06 24:05:00,233.25
2015-05-07 01:05:00,230.37
2015-05-07 02:05:00,230.28
2015-05-07 03:05:00,230.47
2015-05-07 04:05:00,229.96
2015-05-07 05:05:00,230.16
2015-05-07 06:05:00,230.06
2015-05-07 07:05:00,230.65
2015-05-07 08:05:00,229.95
2015-05-07 09:05:00,229.85
2015-05-07 10:05:00,228.65
2015-05-07 11:05:00,229.73
2015-05-07 12:05:00,230.01
2015-05-07 13:05:00,229.31
2015-05-07 14:05:00,230.74
2015-05-07 15:05:00,231.12
2015-05-07 16:05:00,231.79
2015-05-07 17:05:00,232.64
2015-05-07 18:05:00,232.23
2015-05-07 19:05:00,232.84
2015-05-07 20:05:00,234.25
2015-05-07 21:05:00,237.13
2015-05-07 22:05:00,238.59
2015-05-07 23:05:00,238
2015-05-07 24:05:00,238.05
2015-05-08 01:05:00,238.22
2015-05-08 02:05:00,238.47
2015-05-08 03:05:00,237.11
2015-05-08 04:05:00,238.1
2015-05-08 05:05:00,237.95
2015-05-08 06:05:00,237.36
2015-05-08 07:05:00,238.24
2015-05-08 08:05:00,237.46
2015-05-08 09:05:00,237.46
2015-05-08 10:05:00,237.46
2015-05-08 11:05:00,237.8
2015-05-08 12:05:00,237.61
2015-05-08 13:05:00,237.74
2015-05-08 14:05:00,237.91
2015-05-08 15:05:00,238.42
2015-05-08 16:05:00,237.64
2015-05-08 17:05:00,237.25
2015-05-08 18:05:00,237.56
2015-05-08 19:05:00,243.84
2015-05-08 20:05:00,245.85
2015-05-08 21:05:00,245.9
2015-05-08 22:05:00,245.35
2015-05-08 23:05:00,246.38
2015-05-08 24:05:00,245.08
2015-05-09 01:05:00,247.1
2015-05-09 02:05:00,244.66
2015-05-09 03:05:00,244.95
2015-05-09 04:05:00,245.51
2015-05-09 05:05:00,244.59
2015-05-09 06:05:00,244.34
2015-05-09 07:05:00,246.28
2015-05-09 08:05:00,246.2
2015-05-09 09:05:00,246.42
2015-05-09 10:05:00,246.39
2015-05-09 11:05:00,245.4
2015-05-09 12:05:00,241.88
2015-05-09 13:05:00,240.44
2015-05-09 14:05:00,240.21
2015-05-09 15:05:00,240.22
2015-05-09 16:05:00,240.55
2015-05-09 17:05:00,240.94
2015-05-09 18:05:00,242.72
2015-05-09 19:05:00,244.05
2015-05-09 20:05:00,241.34
2015-05-09 21:05:00,243.88
2015-05-09 22:05:00,241.51
2015-05-09 23:05:00,242.72
2015-05-09 24:05:00,241.31
2015-05-10 01:05:00,243.29
2015-05-10 02:05:00,242.79
2015-05-10 03:05:00,242.15
2015-05-10 04:05:00,241.5
2015-05-10 05:05:00,242.3
2015-05-10 06:05:00,242.17
2015-05-10 07:05:00,244.46
2015-05-10 08:05:00,241.13
2015-05-10 09:05:00,239.95
2015-05-10 10:05:00,239.18
2015-05-10 11:05:00,242.83
2015-05-10 12:05:00,243.5
2015-05-10 13:05:00,242.61
2015-05-10 14:05:00,242.58
2015-05-10 15:05:00,242.84
2015-05-10 16:05:00,243
2015-05-10 17:05:00,242.96
2015-05-10 18:05:00,240.11
2015-05-10 19:05:00,240.63
2015-05-10 20:05:00,240.08
2015-05-10 21:05:00,239.96
2015-05-10 22:05:00,240.33
2015-05-10 23:05:00,241.97
2015-05-10 24:05:00,240.18
2015-05-11 01:05:00,241.19
2015-05-11 02:05:00,241.2
2015-05-11 03:05:00,240.62
2015-05-11 04:05:00,242.28
2015-05-11 05:05:00,240.8
2015-05-11 06:05:00,240.78
2015-05-11 07:05:00,240.06
2015-05-11 08:05:00,239.66
2015-05-11 09:05:00,239.47
2015-05-11 10:05:00,239.87
2015-05-11 11:05:00,239.7
2015-05-11 12:05:00,240.02
2015-05-11 13:05:00,240.03
2015-05-11 14:05:00,240.49
2015-05-11 15:05:00,240.59
2015-05-11 16:05:00,241.74
2015-05-11 17:05:00,242.45
2015-05-11 18:05:00,242.95
2015-05-11 19:05:00,242.88
2015-05-11 20:05:00,245.35
2015-05-11 21:05:00,244.06
2015-05-11 22:05:00,243.19
2015-05-11 23:05:00,243.49
2015-05-11 24:05:00,243.29
2015-05-12 01:05:00,242.95
2015-05-12 02:05:00,242.38
2015-05-12 03:05:00,245.42
2015-05-12 04:05:00,243.09
2015-05-12 05:05:00,241.49
2015-05-12 06:05:00,240.72
2015-05-12 07:05:00,240.7
2015-05-12 08:05:00,241.15
2015-05-12 09:05:00,241.71
2015-05-12 10:05:00,241.2
2015-05-12 11:05:00,242.67
2015-05-12 12:05:00,242.35
2015-05-12 13:05:00,240.98
2015-05-12 14:05:00,241.09
2015-05-12 15:05:00,240.39
2015-05-12 16:05:00,241.67
2015-05-12 17:05:00,243.42
2015-05-12 18:05:00,241.94
2015-05-12 19:05:00,244.1
2015-05-12 20:05:00,241.87
2015-05-12 21:05:00,241.81
2015-05-12 22:05:00,244.54
2015-05-12 23:05:00,244.71
2015-05-12 24:05:00,241.73
2015-05-13 01:05:00,241.5
2015-05-13 02:05:00,245.79
2015-05-13 03:05:00,241.55
2015-05-13 04:05:00,241.87
2015-05-13 05:05:00,243.98
2015-05-13 06:05:00,242.01
2015-05-13 07:05:00,241.92
2015-05-13 08:05:00,243.03
2015-05-13 09:05:00,242.94
2015-05-13 10:05:00,243.6
2015-05-13 11:05:00,243.25
2015-05-13 12:05:00,242.41
2015-05-13 13:05:00,242.74
2015-05-13 14:05:00,242.28
2015-05-13 15:05:00,242.9
2015-05-13 16:05:00,243.75
2015-05-13 17:05:00,243.57
2015-05-13 18:05:00,244.01
2015-05-13 19:05:00,242.91
2015-05-13 20:05:00,245.57
2015-05-13 21:05:00,243.21
2015-05-13 22:05:00,243.61
2015-05-13 23:05:00,243.37
2015-05-13 24:05:00,243.12
2015-05-14 01:05:00,237.21
2015-05-14 02:05:00,236.38
2015-05-14 03:05:00,236.44
2015-05-14 04:05:00,237.86
2015-05-14 05:05:00,239.29
2015-05-14 06:05:00,235.97
2015-05-14 07:05:00,237.23
2015-05-14 08:05:00,236.69
2015-05-14 09:05:00,236.2
2015-05-14 10:05:00,235.81
2015-05-14 11:05:00,235.89
2015-05-14 12:05:00,235.94
2015-05-14 13:05:00,236.13
2015-05-14 14:05:00,236.21
2015-05-14 15:05:00,237.16
2015-05-14 16:05:00,236.68
2015-05-14 17:05:00,238.08
2015-05-14 18:05:00,237.48
2015-05-14 19:05:00,239.41
2015-05-14 20:05:00,236.54
2015-05-14 21:05:00,237.51
2015-05-14 22:05:00,239.29
2015-05-14 23:05:00,239.7
2015-05-14 24:05:00,235.41
2015-05-15 01:05:00,237.1
2015-05-15 02:05:00,236.77
2015-05-15 03:05:00,238.43
2015-05-15 04:05:00,238.55
2015-05-15 05:05:00,238.02
2015-05-15 06:05:00,237.01
2015-05-15 07:05:00,239.18
2015-05-15 08:05:00,237.33
2015-05-15 09:05:00,236.86
2015-05-15 10:05:00,236.98
2015-05-15 11:05:00,237.11
2015-05-15 12:05:00,236.86
2015-05-15 13:05:00,237.35
2015-05-15 14:05:00,237.35
2015-05-15 15:05:00,237.29
2015-05-15 16:05:00,237.34
2015-05-15 17:05:00,238.06
2015-05-15 18:05:00,237.95
2015-05-15 19:05:00,237.82
2015-05-15 20:05:00,237.4
2015-05-15 21:05:00,237.63
2015-05-15 22:05:00,238.12
2015-05-15 23:05:00,237.61
2015-05-15 24:05:00,237.38
2015-05-16 01:05:00,237.61
2015-05-16 02:05:00,236.54
2015-05-16 03:05:00,237.69
2015-05-16 04:05:00,237.59
2015-05-16 05:05:00,239.01
2015-05-16 06:05:00,236.78
2015-05-16 07:05:00,237.47
2015-05-16 08:05:00,237.61
2015-05-16 09:05:00,237.78
2015-05-16 10:05:00,236.96
2015-05-16 11:05:00,236.97
2015-05-16 12:05:00,237.41
2015-05-16 13:05:00,237.46
2015-05-16 14:05:00,237.52
2015-05-16 15:05:00,238.35
2015-05-16 16:05:00,236.38
2015-05-16 17:05:00,237.03
2015-05-16 18:05:00,237.37
2015-05-16 19:05:00,241.41
2015-05-16 20:05:00,236.89
2015-05-16 21:05:00,238.26
2015-05-16 22:05:00,236.29
2015-05-16 23:05:00,235.9
2015-05-16 24:05:00,235.19
2015-05-17 01:05:00,235.89
2015-05-17 02:05:00,235.97
2015-05-17 03:05:00,236.68
2015-05-17 04:05:00,238.02
2015-05-17 05:05:00,237.34
2015-05-17 06:05:00,236.25
2015-05-17 07:05:00,237.98
2015-05-17 08:05:00,236.62
2015-05-17 09:05:00,236.58
2015-05-17 10:05:00,237.62
2015-05-17 11:05:00,237.39
2015-05-17 12:05:00,236.55
2015-05-17 13:05:00,237.32
2015-05-17 14:05:00,236.42
2015-05-17 15:05:00,236.3
2015-05-17 16:05:00,236.58
2015-05-17 17:05:00,237.23
2015-05-17 18:05:00,237.02
2015-05-17 19:05:00,237.09
2015-05-17 20:05:00,237.79
2015-05-17 21:05:00,236.87
2015-05-17 22:05:00,236.45
2015-05-17 23:05:00,236.86
2015-05-17 24:05:00,237.56
2015-05-18 01:05:00,236.59
2015-05-18 02:05:00,236.83
2015-05-18 03:05:00,236.15
2015-05-18 04:05:00,235.66
2015-05-18 05:05:00,238.61
2015-05-18 06:05:00,238.5
2015-05-18 07:05:00,237.31
2015-05-18 08:05:00,237.25
2015-05-18 09:05:00,236.45
2015-05-18 10:05:00,236.35
2015-05-18 11:05:00,236.19
2015-05-18 12:05:00,235.67
2015-05-18 13:05:00,236.17
2015-05-18 14:05:00,235.93
2015-05-18 15:05:00,236.47
2015-05-18 16:05:00,236.78
2015-05-18 17:05:00,236.62
2015-05-18 18:05:00,237.85
2015-05-18 19:05:00,236.52
2015-05-18 20:05:00,236.48
2015-05-18 21:05:00,236.57
2015-05-18 22:05:00,238.01
2015-05-18 23:05:00,235.49
2015-05-18 24:05:00,232.97
2015-05-19 01:05:00,232.74
2015-05-19 02:05:00,234.32
2015-05-19 03:05:00,234.83
2015-05-19 04:05:00,233.47
2015-05-19 05:05:00,233.52
2015-05-19 06:05:00,233.94
2015-05-19 07:05:00,235
2015-05-19 08:05:00,234.31
2015-05-19 09:05:00,234.32
2015-05-19 10:05:00,233.66
2015-05-19 11:05:00,234.04
2015-05-19 12:05:00,233.32
2015-05-19 13:05:00,233.28
2015-05-19 14:05:00,232.24
2015-05-19 15:05:00,232.86
2015-05-19 16:05:00,232.9
2015-05-19 17:05:00,232.67
2015-05-19 18:05:00,233.1
2015-05-19 19:05:00,233.01
2015-05-19 20:05:00,233.09
2015-05-19 21:05:00,233.03
2015-05-19 22:05:00,232.96
2015-05-19 23:05:00,232.71
2015-05-19 24:05:00,232.3
2015-05-20 01:05:00,235.69
2015-05-20 02:05:00,232.14
2015-05-20 03:05:00,232.21
2015-05-20 04:05:00,232.92
2015-05-20 05:05:00,232.57
2015-05-20 06:05:00,234.11
2015-05-20 07:05:00,233.24
2015-05-20 08:05:00,232.87
2015-05-20 09:05:00,232.66
2015-05-20 10:05:00,232.34
2015-05-20 11:05:00,232.31
2015-05-20 12:05:00,233.74
2015-05-20 13:05:00,233.53
2015-05-20 14:05:00,233.72
2015-05-20 15:05:00,233.74
2015-05-20 16:05:00,234.59
2015-05-20 17:05:00,234.01
2015-05-20 18:05:00,234.03
2015-05-20 19:05:00,235.69
2015-05-20 20:05:00,234.83
2015-05-20 21:05:00,237.85
2015-05-20 22:05:00,234.28
2015-05-20 23:05:00,234.31
2015-05-20 24:05:00,234.02
2015-05-21 01:05:00,234.76
2015-05-21 02:05:00,233.61
2015-05-21 03:05:00,234.23
2015-05-21 04:05:00,234.1
2015-05-21 05:05:00,234.24
2015-05-21 06:05:00,236.74
2015-05-21 07:05:00,235.33
2015-05-21 08:05:00,234.42
2015-05-21 09:05:00,235.3
2015-05-21 10:05:00,234.42
2015-05-21 11:05:00,235.4
2015-05-21 12:05:00,235.62
2015-05-21 13:05:00,235.26
2015-05-21 14:05:00,235.56
2015-05-21 15:05:00,235.65
2015-05-21 16:05:00,236.01
2015-05-21 17:05:00,235.61
2015-05-21 18:05:00,236.04
2015-05-21 19:05:00,237.23
2015-05-21 20:05:00,236.28
2015-05-21 21:05:00,236.11
2015-05-21 22:05:00,235.91
2015-05-21 23:05:00,235.84
2015-05-21 24:05:00,235.78
2015-05-22 01:05:00,235.68
2015-05-22 02:05:00,235.52
2015-05-22 03:05:00,235.98
2015-05-22 04:05:00,235.7
2015-05-22 05:05:00,235.98
2015-05-22 06:05:00,236.42
2015-05-22 07:05:00,236.83
2015-05-22 08:05:00,236.88
2015-05-22 09:05:00,236.81
2015-05-22 10:05:00,237.25
2015-05-22 11:05:00,236.68
2015-05-22 12:05:00,237.28
2015-05-22 13:05:00,235.62
2015-05-22 14:05:00,235.37
2015-05-22 15:05:00,236.3
2015-05-22 16:05:00,236.32
2015-05-22 17:05:00,235.84
2015-05-22 18:05:00,236.42
2015-05-22 19:05:00,236.72
2015-05-22 20:05:00,238.21
2015-05-22 21:05:00,240.44
2015-05-22 22:05:00,240.48
2015-05-22 23:05:00,240.89
2015-05-22 24:05:00,241.31
2015-05-23 01:05:00,239.51
2015-05-23 02:05:00,240.84
2015-05-23 03:05:00,240.65
2015-05-23 04:05:00,240.1
2015-05-23 05:05:00,239.65
2015-05-23 06:05:00,239.91
2015-05-23 07:05:00,240.48
2015-05-23 08:05:00,240.76
2015-05-23 09:05:00,240.61
2015-05-23 10:05:00,241.41
2015-05-23 11:05:00,240.63
2015-05-23 12:05:00,240.64
2015-05-23 13:05:00,241.3
2015-05-23 14:05:00,241.2
2015-05-23 15:05:00,241.14
2015-05-23 16:05:00,240.87
2015-05-23 17:05:00,241.96
2015-05-23 18:05:00,240.13
2015-05-23 19:05:00,240.35
2015-05-23 20:05:00,241.89
2015-05-23 21:05:00,239.93
2015-05-23 22:05:00,239.67
2015-05-23 23:05:00,239.6
2015-05-23 24:05:00,239.5
2015-05-24 01:05:00,239.38
2015-05-24 02:05:00,238.63
2015-05-24 03:05:00,239.48
2015-05-24 04:05:00,239.47
2015-05-24 05:05:00,239.67
2015-05-24 06:05:00,240.5
2015-05-24 07:05:00,239.55
2015-05-24 08:05:00,238.83
2015-05-24 09:05:00,239.19
2015-05-24 10:05:00,239.14
2015-05-24 11:05:00,239.61
2015-05-24 12:05:00,241.89
2015-05-24 13:05:00,239.59
2015-05-24 14:05:00,239.55
2015-05-24 15:05:00,240.22
2015-05-24 16:05:00,240.06
2015-05-24 17:05:00,239.36
2015-05-24 18:05:00,239.66
2015-05-24 19:05:00,240.91
2015-05-24 20:05:00,241.85
2015-05-24 21:05:00,242.04
2015-05-24 22:05:00,243.35
2015-05-24 23:05:00,241.48
2015-05-24 24:05:00,241.41
2015-05-25 01:05:00,241.09
2015-05-25 02:05:00,241.22
2015-05-25 03:05:00,240.95
2015-05-25 04:05:00,241.15
2015-05-25 05:05:00,240.84
2015-05-25 06:05:00,240.78
2015-05-25 07:05:00,242.71
2015-05-25 08:05:00,240.93
2015-05-25 09:05:00,241.34
2015-05-25 10:05:00,241.43
2015-05-25 11:05:00,240.75
2015-05-25 12:05:00,240.37
2015-05-25 13:05:00,237.41
2015-05-25 14:05:00,237.89
2015-05-25 15:05:00,237.84
2015-05-25 16:05:00,238.49
2015-05-25 17:05:00,237.8
2015-05-25 18:05:00,242.38
2015-05-25 19:05:00,238.32
2015-05-25 20:05:00,237.66
2015-05-25 21:05:00,237.26
2015-05-25 22:05:00,241.55
2015-05-25 23:05:00,236.94
2015-05-25 24:05:00,238.41
2015-05-26 01:05:00,238
2015-05-26 02:05:00,237.54
2015-05-26 03:05:00,237.61
2015-05-26 04:05:00,238.05
2015-05-26 05:05:00,238.06
2015-05-26 06:05:00,238.69
2015-05-26 07:05:00,237.67
2015-05-26 08:05:00,238.82
2015-05-26 09:05:00,237.69
2015-05-26 10:05:00,237.72
2015-05-26 11:05:00,236.67
2015-05-26 12:05:00,238.03
2015-05-26 13:05:00,237.97
2015-05-26 14:05:00,238.6
2015-05-26 15:05:00,238.68
2015-05-26 16:05:00,238.61
2015-05-26 17:05:00,238.36
2015-05-26 18:05:00,238.1
2015-05-26 19:05:00,240.11
2015-05-26 20:05:00,237.87
2015-05-26 21:05:00,238.12
2015-05-26 22:05:00,239.99
2015-05-26 23:05:00,242.15
2015-05-26 24:05:00,238.32
2015-05-27 01:05:00,238.05
2015-05-27 02:05:00,240.27
2015-05-27 03:05:00,240.08
2015-05-27 04:05:00,239.21
2015-05-27 05:05:00,237.46
2015-05-27 06:05:00,243.04
2015-05-27 07:05:00,238.26
2015-05-27 08:05:00,238.47
2015-05-27 09:05:00,239.28
2015-05-27 10:05:00,238.67
2015-05-27 11:05:00,239.04
2015-05-27 12:05:00,240.03
2015-05-27 13:05:00,237.48
2015-05-27 14:05:00,238.08
2015-05-27 15:05:00,238.09
2015-05-27 16:05:00,237.8
2015-05-27 17:05:00,237.91
2015-05-27 18:05:00,238.58
2015-05-27 19:05:00,237.58
2015-05-27 20:05:00,237.46
2015-05-27 21:05:00,236.96
2015-05-27 22:05:00,237.04
2015-05-27 23:05:00,236.6
2015-05-27 24:05:00,241.02
2015-05-28 01:05:00,239.46
2015-05-28 02:05:00,239.53
2015-05-28 03:05:00,237.15
2015-05-28 04:05:00,238.62
2015-05-28 05:05:00,241.01
2015-05-28 06:05:00,237.63
2015-05-28 07:05:00,238.77
2015-05-28 08:05:00,238.21
2015-05-28 09:05:00,237.68
2015-05-28 10:05:00,237.57
2015-05-28 11:05:00,237.36
2015-05-28 12:05:00,236.79
2015-05-28 13:05:00,237.14
2015-05-28 14:05:00,237.23
2015-05-28 15:05:00,237.1
2015-05-28 16:05:00,237.73
2015-05-28 17:05:00,239.06
2015-05-28 18:05:00,237.46
2015-05-28 19:05:00,238.47
2015-05-28 20:05:00,240.42
2015-05-28 21:05:00,237.67
2015-05-28 22:05:00,239.56
2015-05-28 23:05:00,237.24
2015-05-28 24:05:00,237.21
2015-05-29 01:05:00,237.39
2015-05-29 02:05:00,237
2015-05-29 03:05:00,237.62
2015-05-29 04:05:00,239.38
2015-05-29 05:05:00,237.68
2015-05-29 06:05:00,240.34
2015-05-29 07:05:00,237.7
2015-05-29 08:05:00,237.27
2015-05-29 09:05:00,237.33
2015-05-29 10:05:00,236.08
2015-05-29 11:05:00,236.06
2015-05-29 12:05:00,236.26
2015-05-29 13:05:00,236.96
2015-05-29 14:05:00,237.17
2015-05-29 15:05:00,236.53
2015-05-29 16:05:00,237.35
2015-05-29 17:05:00,236.8
2015-05-29 18:05:00,239.32
2015-05-29 19:05:00,236.79
2015-05-29 20:05:00,237.02
2015-05-29 21:05:00,237.21
2015-05-29 22:05:00,240.1
2015-05-29 23:05:00,237.25
2015-05-29 24:05:00,237.4
2015-05-30 01:05:00,236.9
2015-05-30 02:05:00,239.27
2015-05-30 03:05:00,237.16
2015-05-30 04:05:00,236.87
2015-05-30 05:05:00,237.91
2015-05-30 06:05:00,236.07
2015-05-30 07:05:00,235.96
2015-05-30 08:05:00,237.12
2015-05-30 09:05:00,236.35
2015-05-30 10:05:00,236.53
2015-05-30 11:05:00,236.21
2015-05-30 12:05:00,235.61
2015-05-30 13:05:00,232.82
2015-05-30 14:05:00,232.43
2015-05-30 15:05:00,232.98
2015-05-30 16:05:00,232.88
2015-05-30 17:05:00,233.6
2015-05-30 18:05:00,235.2
2015-05-30 19:05:00,235.99
2015-05-30 20:05:00,232.13
2015-05-30 21:05:00,232.55
2015-05-30 22:05:00,232.74
2015-05-30 23:05:00,232.64
2015-05-30 24:05:00,232.55
2015-06-01 01:06:00,229.97
2015-06-01 02:06:00,229.53
2015-06-01 03:06:00,229.36
2015-06-01 04:06:00,230.94
2015-06-01 05:06:00,231.76
2015-06-01 06:06:00,230.4
2015-06-01 07:06:00,231.5
2015-06-01 08:06:00,233.04
2015-06-01 09:06:00,231.97
2015-06-01 10:06:00,230.98
2015-06-01 11:06:00,231.2
2015-06-01 12:06:00,231.41
2015-06-01 13:06:00,227.74
2015-06-01 14:06:00,227.12
2015-06-01 15:06:00,228.22
2015-06-01 16:06:00,228.23
2015-06-01 17:06:00,229.39
2015-06-01 18:06:00,227.75
2015-06-01 19:06:00,223.31
2015-06-01 20:06:00,223.97
2015-06-01 21:06:00,222.62
2015-06-01 22:06:00,222.4
2015-06-01 23:06:00,223.08
2015-06-01 24:06:00,222.38
2015-06-02 01:06:00,221.22
2015-06-02 02:06:00,222.73
2015-06-02 03:06:00,225.92
2015-06-02 04:06:00,223.47
2015-06-02 05:06:00,223.98
2015-06-02 06:06:00,223.22
2015-06-02 07:06:00,223.57
2015-06-02 08:06:00,222.91
2015-06-02 09:06:00,222.86
2015-06-02 10:06:00,223.67
2015-06-02 11:06:00,223.1
2015-06-02 12:06:00,224.14
2015-06-02 13:06:00,222.88
2015-06-02 14:06:00,223.69
2015-06-02 15:06:00,223.44
2015-06-02 16:06:00,224.71
2015-06-02 17:06:00,225.95
2015-06-02 18:06:00,225.45
2015-06-02 19:06:00,225.94
2015-06-02 20:06:00,225.69
2015-06-02 21:06:00,225.35
2015-06-02 22:06:00,226.5
2015-06-02 23:06:00,225.91
2015-06-02 24:06:00,225.72
2015-06-03 01:06:00,225.5
2015-06-03 02:06:00,225.68
2015-06-03 03:06:00,225.88
2015-06-03 04:06:00,228.44
2015-06-03 05:06:00,226.59
2015-06-03 06:06:00,225.98
2015-06-03 07:06:00,226.99
2015-06-03 08:06:00,226.17
2015-06-03 09:06:00,225.82
2015-06-03 10:06:00,226.13
2015-06-03 11:06:00,223.95
2015-06-03 12:06:00,224.17
2015-06-03 13:06:00,226.53
2015-06-03 14:06:00,225.86
2015-06-03 15:06:00,225.62
2015-06-03 16:06:00,226.96
2015-06-03 17:06:00,226
2015-06-03 18:06:00,226.28
2015-06-03 19:06:00,225.64
2015-06-03 20:06:00,225.4
2015-06-03 21:06:00,226.36
2015-06-03 22:06:00,226.95
2015-06-03 23:06:00,227.01
2015-06-03 24:06:00,225.92
2015-06-04 01:06:00,226.04
2015-06-04 02:06:00,225.82
2015-06-04 03:06:00,225.38
2015-06-04 04:06:00,228.54
2015-06-04 05:06:00,225.73
2015-06-04 06:06:00,225.26
2015-06-04 07:06:00,224.93
2015-06-04 08:06:00,224.57
2015-06-04 09:06:00,225.37
2015-06-04 10:06:00,225.61
2015-06-04 11:06:00,225.86
2015-06-04 12:06:00,226.33
2015-06-04 13:06:00,225.69
2015-06-04 14:06:00,225.72
2015-06-04 15:06:00,225.32
2015-06-04 16:06:00,225.22
2015-06-04 17:06:00,225.29
2015-06-04 18:06:00,225.85
2015-06-04 19:06:00,225.96
2015-06-04 20:06:00,226.14
2015-06-04 21:06:00,225.95
2015-06-04 22:06:00,225.34
2015-06-04 23:06:00,226.07
2015-06-04 24:06:00,224.86
2015-06-05 01:06:00,224.88
2015-06-05 02:06:00,223.99
2015-06-05 03:06:00,223.8
2015-06-05 04:06:00,224.33
2015-06-05 05:06:00,224.42
2015-06-05 06:06:00,224.56
2015-06-05 07:06:00,223.8
2015-06-05 08:06:00,223.37
2015-06-05 09:06:00,224.18
2015-06-05 10:06:00,223.43
2015-06-05 11:06:00,224.92
2015-06-05 12:06:00,223.15
2015-06-05 13:06:00,224.22
2015-06-05 14:06:00,224.74
2015-06-05 15:06:00,225.46
2015-06-05 16:06:00,224.89
2015-06-05 17:06:00,225.29
2015-06-05 18:06:00,225.64
2015-06-05 19:06:00,226.12
2015-06-05 20:06:00,225.83
2015-06-05 21:06:00,228.73
2015-06-05 22:06:00,225.37
2015-06-05 23:06:00,225.97
2015-06-05 24:06:00,228.6
2015-06-06 01:06:00,225.38
2015-06-06 02:06:00,224.92
2015-06-06 03:06:00,224.75
2015-06-06 04:06:00,224.99
2015-06-06 05:06:00,225
2015-06-06 06:06:00,229.21
2015-06-06 07:06:00,224.65
2015-06-06 08:06:00,229.04
2015-06-06 09:06:00,226.59
2015-06-06 10:06:00,225.63
2015-06-06 11:06:00,225.52
2015-06-06 12:06:00,227.05
2015-06-06 13:06:00,226.75
2015-06-06 14:06:00,225.76
2015-06-06 15:06:00,225.86
2015-06-06 16:06:00,226.41
2015-06-06 17:06:00,228.13
2015-06-06 18:06:00,224.48
2015-06-06 19:06:00,224.69
2015-06-06 20:06:00,225.16
2015-06-06 21:06:00,224.99
2015-06-06 22:06:00,225.16
2015-06-06 23:06:00,225.53
2015-06-06 24:06:00,224.9
2015-06-07 01:06:00,226.34
2015-06-07 02:06:00,227.61
2015-06-07 03:06:00,225.85
2015-06-07 04:06:00,226.14
2015-06-07 05:06:00,226.13
2015-06-07 06:06:00,225.71
2015-06-07 07:06:00,225.8
2015-06-07 08:06:00,228.74
2015-06-07 09:06:00,226.53
2015-06-07 10:06:00,225.92
2015-06-07 11:06:00,226.29
2015-06-07 12:06:00,226.5
2015-06-07 13:06:00,225.82
2015-06-07 14:06:00,225.73
2015-06-07 15:06:00,225.11
2015-06-07 16:06:00,225.92
2015-06-07 17:06:00,224.86
2015-06-07 18:06:00,223.4
2015-06-07 19:06:00,223.41
2015-06-07 20:06:00,223.27
2015-06-07 21:06:00,223.44
2015-06-07 22:06:00,223.25
2015-06-07 23:06:00,222.98
2015-06-07 24:06:00,223.07
2015-06-08 01:06:00,223.63
2015-06-08 02:06:00,223.66
2015-06-08 03:06:00,223.51
2015-06-08 04:06:00,223.88
2015-06-08 05:06:00,224.06
2015-06-08 06:06:00,225.85
2015-06-08 07:06:00,225.13
2015-06-08 08:06:00,223.77
2015-06-08 09:06:00,224.27
2015-06-08 10:06:00,223.93
2015-06-08 11:06:00,224.97
2015-06-08 12:06:00,225.24
2015-06-08 13:06:00,225.18
2015-06-08 14:06:00,225.43
2015-06-08 15:06:00,225.39
2015-06-08 16:06:00,226.57
2015-06-08 17:06:00,227.86
2015-06-08 18:06:00,227.45
2015-06-08 19:06:00,226.84
2015-06-08 20:06:00,227.01
2015-06-08 21:06:00,228.92
2015-06-08 22:06:00,228.76
2015-06-08 23:06:00,229.6
2015-06-08 24:06:00,229.11
2015-06-09 01:06:00,228.68
2015-06-09 02:06:00,229.05
2015-06-09 03:06:00,228.72
2015-06-09 04:06:00,228.78
2015-06-09 05:06:00,228.21
2015-06-09 06:06:00,228.26
2015-06-09 07:06:00,228.02
2015-06-09 08:06:00,229.23
2015-06-09 09:06:00,228.82
2015-06-09 10:06:00,228.18
2015-06-09 11:06:00,230.53
2015-06-09 12:06:00,231.14
2015-06-09 13:06:00,230.35
2015-06-09 14:06:00,231.4
2015-06-09 15:06:00,230.61
2015-06-09 16:06:00,230.59
2015-06-09 17:06:00,231.84
2015-06-09 18:06:00,230.3
2015-06-09 19:06:00,230.09
2015-06-09 20:06:00,230.86
2015-06-09 21:06:00,230.97
2015-06-09 22:06:00,230.14
2015-06-09 23:06:00,229.91
2015-06-09 24:06:00,229.69
2015-06-10 01:06:00,229.9
2015-06-10 02:06:00,229.68
2015-06-10 03:06:00,234.29
2015-06-10 04:06:00,229.65
2015-06-10 05:06:00,229.83
2015-06-10 06:06:00,228.99
2015-06-10 07:06:00,229.54
2015-06-10 08:06:00,228.94
2015-06-10 09:06:00,229.39
2015-06-10 10:06:00,229.48
2015-06-10 11:06:00,229.86
2015-06-10 12:06:00,229.11
2015-06-10 13:06:00,229.27
2015-06-10 14:06:00,229.28
2015-06-10 15:06:00,230
2015-06-10 16:06:00,229.69
2015-06-10 17:06:00,231.56
2015-06-10 18:06:00,229.34
2015-06-10 19:06:00,228.8
2015-06-10 20:06:00,228.31
2015-06-10 21:06:00,229.95
2015-06-10 22:06:00,228.8
2015-06-10 23:06:00,228.99
2015-06-10 24:06:00,229.25
2015-06-11 01:06:00,228.78
2015-06-11 02:06:00,229.8
2015-06-11 03:06:00,232.64
2015-06-11 04:06:00,229.02
2015-06-11 05:06:00,229.2
2015-06-11 06:06:00,230.43
2015-06-11 07:06:00,229.75
2015-06-11 08:06:00,230.75
2015-06-11 09:06:00,230.04
2015-06-11 10:06:00,230.12
2015-06-11 11:06:00,230.86
2015-06-11 12:06:00,230.27
2015-06-11 13:06:00,230.22
2015-06-11 14:06:00,230.54
2015-06-11 15:06:00,230.38
2015-06-11 16:06:00,230.75
2015-06-11 17:06:00,230.87
2015-06-11 18:06:00,229.63
2015-06-11 19:06:00,229.7
2015-06-11 20:06:00,229.93
2015-06-11 21:06:00,229.68
2015-06-11 22:06:00,230.16
2015-06-11 23:06:00,229.77
2015-06-11 24:06:00,230.04
2015-06-12 01:06:00,229.82
2015-06-12 02:06:00,229.8
2015-06-12 03:06:00,229.88
2015-06-12 04:06:00,230.06
2015-06-12 05:06:00,229.75
2015-06-12 06:06:00,230.13
2015-06-12 07:06:00,230.08
2015-06-12 08:06:00,232.68
2015-06-12 09:06:00,230.27
2015-06-12 10:06:00,230.24
2015-06-12 11:06:00,230.47
2015-06-12 12:06:00,230.53
2015-06-12 13:06:00,231.08
2015-06-12 14:06:00,231.38
2015-06-12 15:06:00,230.71
2015-06-12 16:06:00,231.36
2015-06-12 17:06:00,232.35
2015-06-12 18:06:00,231.38
2015-06-12 19:06:00,231.87
2015-06-12 20:06:00,230.79
2015-06-12 21:06:00,230.85
2015-06-12 22:06:00,231.09
2015-06-12 23:06:00,230.83
2015-06-12 24:06:00,230.5
2015-06-13 01:06:00,230.33
2015-06-13 02:06:00,230.07
2015-06-13 03:06:00,229.4
2015-06-13 04:06:00,230.1
2015-06-13 05:06:00,232.03
2015-06-13 06:06:00,231.17
2015-06-13 07:06:00,230.36
2015-06-13 08:06:00,230.58
2015-06-13 09:06:00,230.46
2015-06-13 10:06:00,230.52
2015-06-13 11:06:00,230.73
2015-06-13 12:06:00,230.49
2015-06-13 13:06:00,232.74
2015-06-13 14:06:00,230.48
2015-06-13 15:06:00,230.66
2015-06-13 16:06:00,231.61
2015-06-13 17:06:00,232.6
2015-06-13 18:06:00,231.75
2015-06-13 19:06:00,231.27
2015-06-13 20:06:00,233.41
2015-06-13 21:06:00,231.24
2015-06-13 22:06:00,232.85
2015-06-13 23:06:00,232.27
2015-06-13 24:06:00,233.03
2015-06-14 01:06:00,232.42
2015-06-14 02:06:00,234.32
2015-06-14 03:06:00,232.9
2015-06-14 04:06:00,232.76
2015-06-14 05:06:00,232.78
2015-06-14 06:06:00,232.85
2015-06-14 07:06:00,232.99
2015-06-14 08:06:00,233.73
2015-06-14 09:06:00,234.31
2015-06-14 10:06:00,234.13
2015-06-14 11:06:00,234.38
2015-06-14 12:06:00,235.16
2015-06-14 13:06:00,234.76
2015-06-14 14:06:00,235.21
2015-06-14 15:06:00,234.28
2015-06-14 16:06:00,233.86
2015-06-14 17:06:00,233.57
2015-06-14 18:06:00,233.82
2015-06-14 19:06:00,234.62
2015-06-14 20:06:00,234.27
2015-06-14 21:06:00,234.19
2015-06-14 22:06:00,234.04
2015-06-14 23:06:00,233.9
2015-06-14 24:06:00,233.67
2015-06-15 01:06:00,234.83
2015-06-15 02:06:00,234.97
2015-06-15 03:06:00,234.03
2015-06-15 04:06:00,233.97
2015-06-15 05:06:00,236.56
2015-06-15 06:06:00,236.38
2015-06-15 07:06:00,235.81
2015-06-15 08:06:00,235.2
2015-06-15 09:06:00,235.27
2015-06-15 10:06:00,235.98
2015-06-15 11:06:00,235.07
2015-06-15 12:06:00,235.67
2015-06-15 13:06:00,235.6
2015-06-15 14:06:00,235.15
2015-06-15 15:06:00,235.19
2015-06-15 16:06:00,235.94
2015-06-15 17:06:00,235.9
2015-06-15 18:06:00,237.08
2015-06-15 19:06:00,236.93
2015-06-15 20:06:00,236.38
2015-06-15 21:06:00,237.42
2015-06-15 22:06:00,237.73
2015-06-15 23:06:00,237.99
2015-06-15 24:06:00,237.84
2015-06-16 01:06:00,236.94
2015-06-16 02:06:00,238.98
2015-06-16 03:06:00,236.77
2015-06-16 04:06:00,236.38
2015-06-16 05:06:00,237.68
2015-06-16 06:06:00,238.95
2015-06-16 07:06:00,238.54
2015-06-16 08:06:00,237.45
2015-06-16 09:06:00,239.34
2015-06-16 10:06:00,239
2015-06-16 11:06:00,239.34
2015-06-16 12:06:00,239.8
2015-06-16 13:06:00,240.1
2015-06-16 14:06:00,241.06
2015-06-16 15:06:00,240.9
2015-06-16 16:06:00,240.44
2015-06-16 17:06:00,240.02
2015-06-16 18:06:00,242.5
2015-06-16 19:06:00,249.25
2015-06-16 20:06:00,247.62
2015-06-16 21:06:00,246.82
2015-06-16 22:06:00,245.82
2015-06-16 23:06:00,247.2
2015-06-16 24:06:00,247.3
2015-06-17 01:06:00,248.94
2015-06-17 02:06:00,249.86
2015-06-17 03:06:00,252.32
2015-06-17 04:06:00,249.31
2015-06-17 05:06:00,249.11
2015-06-17 06:06:00,248.24
2015-06-17 07:06:00,249.9
2015-06-17 08:06:00,249.67
2015-06-17 09:06:00,250.98
2015-06-17 10:06:00,250.43
2015-06-17 11:06:00,251.69
2015-06-17 12:06:00,253.38
2015-06-17 13:06:00,253.84
2015-06-17 14:06:00,256.03
2015-06-17 15:06:00,255.77
2015-06-17 16:06:00,256.05
2015-06-17 17:06:00,252.05
2015-06-17 18:06:00,252.63
2015-06-17 19:06:00,249.21
2015-06-17 20:06:00,250.47
2015-06-17 21:06:00,251.49
2015-06-17 22:06:00,252
2015-06-17 23:06:00,252.38
2015-06-17 24:06:00,251.11
2015-06-18 01:06:00,248.71
2015-06-18 02:06:00,247.3
2015-06-18 03:06:00,248.78
2015-06-18 04:06:00,250.9
2015-06-18 05:06:00,250.13
2015-06-18 06:06:00,247.81
2015-06-18 07:06:00,249.42
2015-06-18 08:06:00,244.76
2015-06-18 09:06:00,244.21
2015-06-18 10:06:00,246.36
2015-06-18 11:06:00,246.16
2015-06-18 12:06:00,246.4
2015-06-18 13:06:00,249.37
2015-06-18 14:06:00,250.63
2015-06-18 15:06:00,250.02
2015-06-18 16:06:00,250.42
2015-06-18 17:06:00,251.48
2015-06-18 18:06:00,249.96
2015-06-18 19:06:00,248.85
2015-06-18 20:06:00,250.6
2015-06-18 21:06:00,250.14
2015-06-18 22:06:00,249.64
2015-06-18 23:06:00,249.36
2015-06-18 24:06:00,249.15
2015-06-19 01:06:00,249.11
2015-06-19 02:06:00,249.9
2015-06-19 03:06:00,249.59
2015-06-19 04:06:00,251.7
2015-06-19 05:06:00,249.78
2015-06-19 06:06:00,249.99
2015-06-19 07:06:00,249.38
2015-06-19 08:06:00,250.36
2015-06-19 09:06:00,248.66
2015-06-19 10:06:00,250.44
2015-06-19 11:06:00,249.63
2015-06-19 12:06:00,249.8
2015-06-19 13:06:00,247.9
2015-06-19 14:06:00,248.95
2015-06-19 15:06:00,247.47
2015-06-19 16:06:00,247.07
2015-06-19 17:06:00,246.1
2015-06-19 18:06:00,246.77
2015-06-19 19:06:00,247.58
2015-06-19 20:06:00,246.23
2015-06-19 21:06:00,246.46
2015-06-19 22:06:00,245.92
2015-06-19 23:06:00,245.26
2015-06-19 24:06:00,245.41
2015-06-20 01:06:00,245.88
2015-06-20 02:06:00,245.54
2015-06-20 03:06:00,243.36
2015-06-20 04:06:00,245.74
2015-06-20 05:06:00,243.41
2015-06-20 06:06:00,243.31
2015-06-20 07:06:00,241.13
2015-06-20 08:06:00,242.65
2015-06-20 09:06:00,242.1
2015-06-20 10:06:00,240.7
2015-06-20 11:06:00,241.12
2015-06-20 12:06:00,240.44
2015-06-20 13:06:00,240.99
2015-06-20 14:06:00,241.64
2015-06-20 15:06:00,242.49
2015-06-20 16:06:00,244.15
2015-06-20 17:06:00,244.89
2015-06-20 18:06:00,244.39
2015-06-20 19:06:00,245.44
2015-06-20 20:06:00,243.99
2015-06-20 21:06:00,243.98
2015-06-20 22:06:00,244.76
2015-06-20 23:06:00,245.15
2015-06-20 24:06:00,244.44
2015-06-21 01:06:00,244.92
2015-06-21 02:06:00,245.23
2015-06-21 03:06:00,246.71
2015-06-21 04:06:00,243.9
2015-06-21 05:06:00,243.88
2015-06-21 06:06:00,249.11
2015-06-21 07:06:00,243.79
2015-06-21 08:06:00,243.91
2015-06-21 09:06:00,244.78
2015-06-21 10:06:00,245.49
2015-06-21 11:06:00,248.87
2015-06-21 12:06:00,246.26
2015-06-21 13:06:00,247.44
2015-06-21 14:06:00,245.78
2015-06-21 15:06:00,246.1
2015-06-21 16:06:00,246.15
2015-06-21 17:06:00,246.77
2015-06-21 18:06:00,244.65
2015-06-21 19:06:00,242.38
2015-06-21 20:06:00,244.27
2015-06-21 21:06:00,242.08
2015-06-21 22:06:00,242.01
2015-06-21 23:06:00,241.69
2015-06-21 24:06:00,241.89
2015-06-22 01:06:00,243.6
2015-06-22 02:06:00,244.36
2015-06-22 03:06:00,245.44
2015-06-22 04:06:00,244.36
2015-06-22 05:06:00,244.83
2015-06-22 06:06:00,244.77
2015-06-22 07:06:00,244.98
2015-06-22 08:06:00,244.59
2015-06-22 09:06:00,245.07
2015-06-22 10:06:00,244.64
2015-06-22 11:06:00,244.27
2015-06-22 12:06:00,244.41
2015-06-22 13:06:00,245.38
2015-06-22 14:06:00,246.65
2015-06-22 15:06:00,246.11
2015-06-22 16:06:00,246.18
2015-06-22 17:06:00,245.53
2015-06-22 18:06:00,246.82
2015-06-22 19:06:00,248.86
2015-06-22 20:06:00,249.22
2015-06-22 21:06:00,246.63
2015-06-22 22:06:00,246.46
2015-06-22 23:06:00,246.89
2015-06-22 24:06:00,248.09
2015-06-23 01:06:00,247.97
2015-06-23 02:06:00,247.67
2015-06-23 03:06:00,247.16
2015-06-23 04:06:00,246.9
2015-06-23 05:06:00,246.81
2015-06-23 06:06:00,247.37
2015-06-23 07:06:00,249.23
2015-06-23 08:06:00,246.61
2015-06-23 09:06:00,244.88
2015-06-23 10:06:00,245.04
2015-06-23 11:06:00,245.22
2015-06-23 12:06:00,245.2
2015-06-23 13:06:00,244.98
2015-06-23 14:06:00,245.06
2015-06-23 15:06:00,243.21
2015-06-23 16:06:00,243.28
2015-06-23 17:06:00,245.08
2015-06-23 18:06:00,247.48
2015-06-23 19:06:00,249.44
2015-06-23 20:06:00,244.37
2015-06-23 21:06:00,246.93
2015-06-23 22:06:00,245.01
2015-06-23 23:06:00,244.8
2015-06-23 24:06:00,244.87
2015-06-24 01:06:00,244.5
2015-06-24 02:06:00,243.97
2015-06-24 03:06:00,244.14
2015-06-24 04:06:00,250.57
2015-06-24 05:06:00,242.82
2015-06-24 06:06:00,243.43
2015-06-24 07:06:00,244.08
2015-06-24 08:06:00,243.22
2015-06-24 09:06:00,243
2015-06-24 10:06:00,244.76
2015-06-24 11:06:00,244.06
2015-06-24 12:06:00,243.24
2015-06-24 13:06:00,242.95
2015-06-24 14:06:00,244.53
2015-06-24 15:06:00,243.82
2015-06-24 16:06:00,243.32
2015-06-24 17:06:00,241.26
2015-06-24 18:06:00,241.52
2015-06-24 19:06:00,240.54
2015-06-24 20:06:00,241.14
2015-06-24 21:06:00,240.9
2015-06-24 22:06:00,241.18
2015-06-24 23:06:00,241.84
2015-06-24 24:06:00,241.35
2015-06-25 01:06:00,240.56
2015-06-25 02:06:00,243.97
2015-06-25 03:06:00,240.21
2015-06-25 04:06:00,240.65
2015-06-25 05:06:00,239.83
2015-06-25 06:06:00,242.07
2015-06-25 07:06:00,242.76
2015-06-25 08:06:00,241.88
2015-06-25 09:06:00,242.62
2015-06-25 10:06:00,243.42
2015-06-25 11:06:00,242.95
2015-06-25 12:06:00,246.2
2015-06-25 13:06:00,243.77
2015-06-25 14:06:00,242
2015-06-25 15:06:00,242.9
2015-06-25 16:06:00,245.55
2015-06-25 17:06:00,242.14
2015-06-25 18:06:00,242.14
2015-06-25 19:06:00,242.47
2015-06-25 20:06:00,243.04
2015-06-25 21:06:00,242.78
2015-06-25 22:06:00,242.99
2015-06-25 23:06:00,241.95
2015-06-25 24:06:00,245.33
2015-06-26 01:06:00,242.23
2015-06-26 02:06:00,242.8
2015-06-26 03:06:00,243.25
2015-06-26 04:06:00,242.94
2015-06-26 05:06:00,244.99
2015-06-26 06:06:00,242.65
2015-06-26 07:06:00,242.82
2015-06-26 08:06:00,243.02
2015-06-26 09:06:00,241.41
2015-06-26 10:06:00,241.55
2015-06-26 11:06:00,242.57
2015-06-26 12:06:00,242.58
2015-06-26 13:06:00,241.79
2015-06-26 14:06:00,242.07
2015-06-26 15:06:00,241.94
2015-06-26 16:06:00,241.93
2015-06-26 17:06:00,241.29
2015-06-26 18:06:00,241.37
2015-06-26 19:06:00,243.21
2015-06-26 20:06:00,241.48
2015-06-26 21:06:00,241.58
2015-06-26 22:06:00,241.57
2015-06-26 23:06:00,242.26
2015-06-26 24:06:00,241.33
2015-06-27 01:06:00,242.66
2015-06-27 02:06:00,243.32
2015-06-27 03:06:00,242.78
2015-06-27 04:06:00,243.4
2015-06-27 05:06:00,242.99
2015-06-27 06:06:00,243.05
2015-06-27 07:06:00,247.97
2015-06-27 08:06:00,246.29
2015-06-27 09:06:00,243.27
2015-06-27 10:06:00,243.66
2015-06-27 11:06:00,243.31
2015-06-27 12:06:00,243.65
2015-06-27 13:06:00,244.74
2015-06-27 14:06:00,243.89
2015-06-27 15:06:00,245.17
2015-06-27 16:06:00,245.33
2015-06-27 17:06:00,244.96
2015-06-27 18:06:00,246.78
2015-06-27 19:06:00,246.51
2015-06-27 20:06:00,247.88
2015-06-27 21:06:00,248.69
2015-06-27 22:06:00,250.16
2015-06-27 23:06:00,247.67
2015-06-27 24:06:00,249.13
2015-06-28 01:06:00,250.67
2015-06-28 02:06:00,251.67
2015-06-28 03:06:00,251.31
2015-06-28 04:06:00,250.72
2015-06-28 05:06:00,251.62
2015-06-28 06:06:00,251.54
2015-06-28 07:06:00,251.94
2015-06-28 08:06:00,242.13
2015-06-28 09:06:00,246.67
2015-06-28 10:06:00,249.01
2015-06-28 11:06:00,249.5
2015-06-28 12:06:00,249.55
2015-06-28 13:06:00,257.56
2015-06-28 14:06:00,249.63
2015-06-28 15:06:00,249.24
2015-06-28 16:06:00,249.83
2015-06-28 17:06:00,249.96
2015-06-28 18:06:00,249.93
2015-06-28 19:06:00,250.68
2015-06-28 20:06:00,248.65
2015-06-28 21:06:00,248.08
2015-06-28 22:06:00,248.71
2015-06-28 23:06:00,247.64
2015-06-28 24:06:00,248.95
2015-06-29 01:06:00,248.98
2015-06-29 02:06:00,249.46
2015-06-29 03:06:00,248.77
2015-06-29 04:06:00,249.27
2015-06-29 05:06:00,249.42
2015-06-29 06:06:00,250.28
2015-06-29 07:06:00,250.81
2015-06-29 08:06:00,250.53
2015-06-29 09:06:00,249.62
2015-06-29 10:06:00,249.76
2015-06-29 11:06:00,249.96
2015-06-29 12:06:00,250.42
2015-06-29 13:06:00,251.55
2015-06-29 14:06:00,252.5
2015-06-29 15:06:00,254.38
2015-06-29 16:06:00,255.42
2015-06-29 17:06:00,255.28
2015-06-29 18:06:00,253.27
2015-06-29 19:06:00,254.88
2015-06-29 20:06:00,256.9
2015-06-29 21:06:00,254.48
2015-06-29 22:06:00,254.77
2015-06-29 23:06:00,255.39
2015-06-29 24:06:00,256.15
2015-06-30 01:06:00,255.68
2015-06-30 02:06:00,256.56
2015-06-30 03:06:00,257.42
2015-06-30 04:06:00,255.96
2015-06-30 05:06:00,256.89
2015-06-30 06:06:00,258.7
2015-06-30 07:06:00,260
2015-06-30 08:06:00,261.4
2015-06-30 09:06:00,265.73
2015-06-30 10:06:00,264.84
2015-06-30 11:06:00,263.7
2015-06-30 12:06:00,262.54
2015-06-30 13:06:00,263.56
2015-06-30 14:06:00,262.92
2015-06-30 15:06:00,262.27
2015-06-30 16:06:00,263.87
2015-06-30 17:06:00,264.73
2015-06-30 18:06:00,265.41
2015-06-30 19:06:00,266.98
2015-06-30 20:06:00,263.55
2015-06-30 21:06:00,261.2
2015-06-30 22:06:00,261.49
2015-06-30 23:06:00,260.89
2015-06-30 24:06:00,261.1
2015-07-01 01:07:00,263.07
2015-07-01 02:07:00,264.15
2015-07-01 03:07:00,263.29
2015-07-01 04:07:00,264.7
2015-07-01 05:07:00,265.07
2015-07-01 06:07:00,263.11
2015-07-01 07:07:00,261.45
2015-07-01 08:07:00,260.08
2015-07-01 09:07:00,260.18
2015-07-01 10:07:00,260.89
2015-07-01 11:07:00,259.69
2015-07-01 12:07:00,256.35
2015-07-01 13:07:00,255.29
2015-07-01 14:07:00,256.52
2015-07-01 15:07:00,257.37
2015-07-01 16:07:00,256.88
2015-07-01 17:07:00,257.21
2015-07-01 18:07:00,257.5
2015-07-01 19:07:00,258.29
2015-07-01 20:07:00,261.35
2015-07-01 21:07:00,258.42
2015-07-01 22:07:00,258.87
2015-07-01 23:07:00,259.43
2015-07-01 24:07:00,259.45
2015-07-02 01:07:00,259.24
2015-07-02 02:07:00,258.16
2015-07-02 03:07:00,258.39
2015-07-02 04:07:00,262.43
2015-07-02 05:07:00,260.29
2015-07-02 06:07:00,261.27
2015-07-02 07:07:00,261.37
2015-07-02 08:07:00,259.28
2015-07-02 09:07:00,258.16
2015-07-02 10:07:00,257.97
2015-07-02 11:07:00,256.25
2015-07-02 12:07:00,255.43
2015-07-02 13:07:00,255.81
2015-07-02 14:07:00,257.17
2015-07-02 15:07:00,257.42
2015-07-02 16:07:00,254.83
2015-07-02 17:07:00,254.22
2015-07-02 18:07:00,254.88
2015-07-02 19:07:00,255.02
2015-07-02 20:07:00,255.25
2015-07-02 21:07:00,255.77
2015-07-02 22:07:00,255.42
2015-07-02 23:07:00,255.91
2015-07-02 24:07:00,255.57
2015-07-03 01:07:00,255.35
2015-07-03 02:07:00,255.04
2015-07-03 03:07:00,255.23
2015-07-03 04:07:00,255.42
2015-07-03 05:07:00,256.59
2015-07-03 06:07:00,261.21
2015-07-03 07:07:00,257.28
2015-07-03 08:07:00,255.62
2015-07-03 09:07:00,255
2015-07-03 10:07:00,253.54
2015-07-03 11:07:00,253.6
2015-07-03 12:07:00,254.28
2015-07-03 13:07:00,254.22
2015-07-03 14:07:00,254.91
2015-07-03 15:07:00,253.79
2015-07-03 16:07:00,254.64
2015-07-03 17:07:00,254.31
2015-07-03 18:07:00,256.39
2015-07-03 19:07:00,255.07
2015-07-03 20:07:00,255.51
2015-07-03 21:07:00,255.72
2015-07-03 22:07:00,255.6
2015-07-03 23:07:00,255.43
2015-07-03 24:07:00,255.58
2015-07-04 01:07:00,256.09
2015-07-04 02:07:00,256.75
2015-07-04 03:07:00,256.37
2015-07-04 04:07:00,256.63
2015-07-04 05:07:00,255.76
2015-07-04 06:07:00,257.05
2015-07-04 07:07:00,255.69
2015-07-04 08:07:00,255.03
2015-07-04 09:07:00,254.69
2015-07-04 10:07:00,257.09
2015-07-04 11:07:00,256.75
2015-07-04 12:07:00,256.41
2015-07-04 13:07:00,257.25
2015-07-04 14:07:00,256
2015-07-04 15:07:00,256.18
2015-07-04 16:07:00,256.94
2015-07-04 17:07:00,257.21
2015-07-04 18:07:00,257.48
2015-07-04 19:07:00,258.41
2015-07-04 20:07:00,261.19
2015-07-04 21:07:00,259.64
2015-07-04 22:07:00,257.33
2015-07-04 23:07:00,257.69
2015-07-04 24:07:00,260.98
2015-07-05 01:07:00,260.58
2015-07-05 02:07:00,260.22
2015-07-05 03:07:00,260.4
2015-07-05 04:07:00,262.11
2015-07-05 05:07:00,264.35
2015-07-05 06:07:00,264.27
2015-07-05 07:07:00,263.66
2015-07-05 08:07:00,264.34
2015-07-05 09:07:00,261.27
2015-07-05 10:07:00,260.8
2015-07-05 11:07:00,259.36
2015-07-05 12:07:00,259.39
2015-07-05 13:07:00,259.7
2015-07-05 14:07:00,260.52
2015-07-05 15:07:00,260.61
2015-07-05 16:07:00,261.97
2015-07-05 17:07:00,262.37
2015-07-05 18:07:00,261.52
2015-07-05 19:07:00,265
2015-07-05 20:07:00,266.11
2015-07-05 21:07:00,271.52
2015-07-05 22:07:00,268.94
2015-07-05 23:07:00,271.34
2015-07-05 24:07:00,269.58
2015-07-06 01:07:00,270.2
2015-07-06 02:07:00,269.94
2015-07-06 03:07:00,271.67
2015-07-06 04:07:00,270.16
2015-07-06 05:07:00,268.2
2015-07-06 06:07:00,268.65
2015-07-06 07:07:00,268.61
2015-07-06 08:07:00,269
2015-07-06 09:07:00,269.23
2015-07-06 10:07:00,269.93
2015-07-06 11:07:00,274.14
2015-07-06 12:07:00,273.39
2015-07-06 13:07:00,272.71
2015-07-06 14:07:00,271.53
2015-07-06 15:07:00,273.46
2015-07-06 16:07:00,276.45
2015-07-06 17:07:00,275.59
2015-07-06 18:07:00,274.75
2015-07-06 19:07:00,277.02
2015-07-06 20:07:00,274.12
2015-07-06 21:07:00,272.01
2015-07-06 22:07:00,273.9
2015-07-06 23:07:00,273.57
2015-07-06 24:07:00,273.98
2015-07-07 01:07:00,273.32
2015-07-07 02:07:00,271.11
2015-07-07 03:07:00,269.48
2015-07-07 04:07:00,270.38
2015-07-07 05:07:00,272.11
2015-07-07 06:07:00,270.98
2015-07-07 07:07:00,269.62
2015-07-07 08:07:00,269.12
2015-07-07 09:07:00,265.78
2015-07-07 10:07:00,266
2015-07-07 11:07:00,265.26
2015-07-07 12:07:00,265.54
2015-07-07 13:07:00,265.18
2015-07-07 14:07:00,267.34
2015-07-07 15:07:00,266.7
2015-07-07 16:07:00,267.93
2015-07-07 17:07:00,264.58
2015-07-07 18:07:00,264.95
2015-07-07 19:07:00,265.44
2015-07-07 20:07:00,266.69
2015-07-07 21:07:00,266.48
2015-07-07 22:07:00,270.77
2015-07-07 23:07:00,267.21
2015-07-07 24:07:00,265.26
2015-07-08 01:07:00,265.21
2015-07-08 02:07:00,266.24
2015-07-08 03:07:00,265.73
2015-07-08 04:07:00,265.68
2015-07-08 05:07:00,265.63
2015-07-08 06:07:00,264.56
2015-07-08 07:07:00,264.32
2015-07-08 08:07:00,267.4
2015-07-08 09:07:00,264.3
2015-07-08 10:07:00,266.15
2015-07-08 11:07:00,268.61
2015-07-08 12:07:00,267.77
2015-07-08 13:07:00,268.06
2015-07-08 14:07:00,267.53
2015-07-08 15:07:00,269.31
2015-07-08 16:07:00,271.11
2015-07-08 17:07:00,270.53
2015-07-08 18:07:00,270.64
2015-07-08 19:07:00,269.13
2015-07-08 20:07:00,270.3
2015-07-08 21:07:00,268.62
2015-07-08 22:07:00,269
2015-07-08 23:07:00,269.06
2015-07-08 24:07:00,272.28
2015-07-09 01:07:00,267.12
2015-07-09 02:07:00,269.18
2015-07-09 03:07:00,268.86
2015-07-09 04:07:00,266.87
2015-07-09 05:07:00,267.95
2015-07-09 06:07:00,272.03
2015-07-09 07:07:00,269.09
2015-07-09 08:07:00,268.93
2015-07-09 09:07:00,269.24
2015-07-09 10:07:00,269.3
2015-07-09 11:07:00,269.88
2015-07-09 12:07:00,269.95
2015-07-09 13:07:00,270.2
2015-07-09 14:07:00,268.7
2015-07-09 15:07:00,269.26
2015-07-09 16:07:00,271.14
2015-07-09 17:07:00,271.67
2015-07-09 18:07:00,272.37
2015-07-09 19:07:00,272.95
2015-07-09 20:07:00,270.2
2015-07-09 21:07:00,270.79
2015-07-09 22:07:00,269.65
2015-07-09 23:07:00,269.46
2015-07-09 24:07:00,270.04
2015-07-10 01:07:00,270.08
2015-07-10 02:07:00,268.8
2015-07-10 03:07:00,267.09
2015-07-10 04:07:00,266.12
2015-07-10 05:07:00,267.64
2015-07-10 06:07:00,268.89
2015-07-10 07:07:00,269.01
2015-07-10 08:07:00,270.63
2015-07-10 09:07:00,269.17
2015-07-10 10:07:00,269.57
2015-07-10 11:07:00,270.86
2015-07-10 12:07:00,284.56
2015-07-10 13:07:00,286.75
2015-07-10 14:07:00,284.34
2015-07-10 15:07:00,285.74
2015-07-10 16:07:00,281.7
2015-07-10 17:07:00,286.62
2015-07-10 18:07:00,286.71
2015-07-10 19:07:00,287.04
2015-07-10 20:07:00,286.36
2015-07-10 21:07:00,286.88
2015-07-10 22:07:00,292.74
2015-07-10 23:07:00,291.27
2015-07-10 24:07:00,285.4
2015-07-11 01:07:00,284.63
2015-07-11 02:07:00,283.78
2015-07-11 03:07:00,286.52
2015-07-11 04:07:00,284.26
2015-07-11 05:07:00,285.13
2015-07-11 06:07:00,285.1
2015-07-11 07:07:00,289.25
2015-07-11 08:07:00,290.49
2015-07-11 09:07:00,290.92
2015-07-11 10:07:00,290.95
2015-07-11 11:07:00,290.29
2015-07-11 12:07:00,290.34
2015-07-11 13:07:00,290.47
2015-07-11 14:07:00,291.96
2015-07-11 15:07:00,291.57
2015-07-11 16:07:00,295.42
2015-07-11 17:07:00,295.91
2015-07-11 18:07:00,294.59
2015-07-11 19:07:00,296.15
2015-07-11 20:07:00,296.18
2015-07-11 21:07:00,295.97
2015-07-11 22:07:00,294.35
2015-07-11 23:07:00,292.99
2015-07-11 24:07:00,292.99
2015-07-12 01:07:00,294.2
2015-07-12 02:07:00,293.7
2015-07-12 03:07:00,294.22
2015-07-12 04:07:00,295.27
2015-07-12 05:07:00,300.89
2015-07-12 06:07:00,299.78
2015-07-12 07:07:00,301.29
2015-07-12 08:07:00,299.66
2015-07-12 09:07:00,298.02
2015-07-12 10:07:00,299.03
2015-07-12 11:07:00,298.7
2015-07-12 12:07:00,299.62
2015-07-12 13:07:00,303.45
2015-07-12 14:07:00,305.3
2015-07-12 15:07:00,309.07
2015-07-12 16:07:00,308.29
2015-07-12 17:07:00,311.49
2015-07-12 18:07:00,313.13
2015-07-12 19:07:00,312.09
2015-07-12 20:07:00,309.87
2015-07-12 21:07:00,308.15
2015-07-12 22:07:00,307.58
2015-07-12 23:07:00,309.4
2015-07-12 24:07:00,308.87
2015-07-13 01:07:00,308.41
2015-07-13 02:07:00,311.11
2015-07-13 03:07:00,310.5
2015-07-13 04:07:00,309.52
2015-07-13 05:07:00,308.72
2015-07-13 06:07:00,306.5
2015-07-13 07:07:00,304.18
2015-07-13 08:07:00,305.39
2015-07-13 09:07:00,304.75
2015-07-13 10:07:00,296.22
2015-07-13 11:07:00,287.2
2015-07-13 12:07:00,283.79
2015-07-13 13:07:00,281.95
2015-07-13 14:07:00,283.25
2015-07-13 15:07:00,288.24
2015-07-13 16:07:00,286.73
2015-07-13 17:07:00,286.39
2015-07-13 18:07:00,287.29
2015-07-13 19:07:00,289.18
2015-07-13 20:07:00,288.42
2015-07-13 21:07:00,289.8
2015-07-13 22:07:00,286.84
2015-07-13 23:07:00,287.83
2015-07-13 24:07:00,291.55
2015-07-14 01:07:00,292.84
2015-07-14 02:07:00,290.87
2015-07-14 03:07:00,292.65
2015-07-14 04:07:00,292.43
2015-07-14 05:07:00,294.58
2015-07-14 06:07:00,293.87
2015-07-14 07:07:00,290.61
2015-07-14 08:07:00,290.7
2015-07-14 09:07:00,287.69
2015-07-14 10:07:00,287.92
2015-07-14 11:07:00,287.46
2015-07-14 12:07:00,287.22
2015-07-14 13:07:00,287.59
2015-07-14 14:07:00,289.29
2015-07-14 15:07:00,290.09
2015-07-14 16:07:00,289.96
2015-07-14 17:07:00,293.32
2015-07-14 18:07:00,294.52
2015-07-14 19:07:00,292.73
2015-07-14 20:07:00,292.31
2015-07-14 21:07:00,292
2015-07-14 22:07:00,290.71
2015-07-14 23:07:00,289.87
2015-07-14 24:07:00,290.07
2015-07-15 01:07:00,289.38
2015-07-15 02:07:00,287.97
2015-07-15 03:07:00,288.77
2015-07-15 04:07:00,291.01
2015-07-15 05:07:00,291.27
2015-07-15 06:07:00,289.59
2015-07-15 07:07:00,289.37
2015-07-15 08:07:00,288.87
2015-07-15 09:07:00,288.73
2015-07-15 10:07:00,290.75
2015-07-15 11:07:00,291.12
2015-07-15 12:07:00,291.28
2015-07-15 13:07:00,292.78
2015-07-15 14:07:00,290.61
2015-07-15 15:07:00,292.9
2015-07-15 16:07:00,291.8
2015-07-15 17:07:00,292.29
2015-07-15 18:07:00,292.57
2015-07-15 19:07:00,291.42
2015-07-15 20:07:00,290.38
2015-07-15 21:07:00,289.11
2015-07-15 22:07:00,291.76
2015-07-15 23:07:00,290.47
2015-07-15 24:07:00,290.02
2015-07-16 01:07:00,290
2015-07-16 02:07:00,286.16
2015-07-16 03:07:00,287.19
2015-07-16 04:07:00,291.39
2015-07-16 05:07:00,290.33
2015-07-16 06:07:00,288.24
2015-07-16 07:07:00,288.25
2015-07-16 08:07:00,288.1
2015-07-16 09:07:00,285.4
2015-07-16 10:07:00,285.42
2015-07-16 11:07:00,283.79
2015-07-16 12:07:00,282.03
2015-07-16 13:07:00,283.2
2015-07-16 14:07:00,283.42
2015-07-16 15:07:00,283.25
2015-07-16 16:07:00,281.24
2015-07-16 17:07:00,277.6
2015-07-16 18:07:00,277.56
2015-07-16 19:07:00,276.25
2015-07-16 20:07:00,275.64
2015-07-16 21:07:00,275.86
2015-07-16 22:07:00,275.06
2015-07-16 23:07:00,276.19
2015-07-16 24:07:00,277.91
2015-07-17 01:07:00,278.55
2015-07-17 02:07:00,276.59
2015-07-17 03:07:00,278.58
2015-07-17 04:07:00,278.88
2015-07-17 05:07:00,278.87
2015-07-17 06:07:00,278.75
2015-07-17 07:07:00,278.99
2015-07-17 08:07:00,278.03
2015-07-17 09:07:00,276.19
2015-07-17 10:07:00,273.94
2015-07-17 11:07:00,273.63
2015-07-17 12:07:00,275.8
2015-07-17 13:07:00,275.74
2015-07-17 14:07:00,274.82
2015-07-17 15:07:00,275.04
2015-07-17 16:07:00,275.43
2015-07-17 17:07:00,278.23
2015-07-17 18:07:00,277.99
2015-07-17 19:07:00,278.96
2015-07-17 20:07:00,278.42
2015-07-17 21:07:00,278.65
2015-07-17 22:07:00,279.96
2015-07-17 23:07:00,280.93
2015-07-17 24:07:00,280.65
2015-07-18 01:07:00,281.28
2015-07-18 02:07:00,279.19
2015-07-18 03:07:00,279.21
2015-07-18 04:07:00,281.83
2015-07-18 05:07:00,279.83
2015-07-18 06:07:00,278.9
2015-07-18 07:07:00,279.5
2015-07-18 08:07:00,279.4
2015-07-18 09:07:00,279
2015-07-18 10:07:00,278.06
2015-07-18 11:07:00,278.64
2015-07-18 12:07:00,280.85
2015-07-18 13:07:00,281.46
2015-07-18 14:07:00,274.43
2015-07-18 15:07:00,276.59
2015-07-18 16:07:00,277.24
2015-07-18 17:07:00,275.82
2015-07-18 18:07:00,276.02
2015-07-18 19:07:00,275.85
2015-07-18 20:07:00,273.1
2015-07-18 21:07:00,274.58
2015-07-18 22:07:00,275.94
2015-07-18 23:07:00,275.74
2015-07-18 24:07:00,276
2015-07-19 01:07:00,277.39
2015-07-19 02:07:00,279.96
2015-07-19 03:07:00,276.26
2015-07-19 04:07:00,280.08
2015-07-19 05:07:00,278.33
2015-07-19 06:07:00,275.51
2015-07-19 07:07:00,277.16
2015-07-19 08:07:00,277.6
2015-07-19 09:07:00,276.15
2015-07-19 10:07:00,275.18
2015-07-19 11:07:00,276.17
2015-07-19 12:07:00,276.31
2015-07-19 13:07:00,275.32
2015-07-19 14:07:00,273.17
2015-07-19 15:07:00,274.9
2015-07-19 16:07:00,274.73
2015-07-19 17:07:00,275.14
2015-07-19 18:07:00,274.86
2015-07-19 19:07:00,274.91
2015-07-19 20:07:00,274.57
2015-07-19 21:07:00,274.45
2015-07-19 22:07:00,276.69
2015-07-19 23:07:00,275.88
2015-07-19 24:07:00,274.64
2015-07-20 01:07:00,274.53
2015-07-20 02:07:00,273.64
2015-07-20 03:07:00,274.71
2015-07-20 04:07:00,273.67
2015-07-20 05:07:00,274.14
2015-07-20 06:07:00,274.53
2015-07-20 07:07:00,274.47
2015-07-20 08:07:00,276.38
2015-07-20 09:07:00,276.42
2015-07-20 10:07:00,275.7
2015-07-20 11:07:00,275.09
2015-07-20 12:07:00,276.04
2015-07-20 13:07:00,276.51
2015-07-20 14:07:00,277.47
2015-07-20 15:07:00,277.95
2015-07-20 16:07:00,278.68
2015-07-20 17:07:00,279.88
2015-07-20 18:07:00,277.6
2015-07-20 19:07:00,280.54
2015-07-20 20:07:00,277.57
2015-07-20 21:07:00,278.19
2015-07-20 22:07:00,278.79
2015-07-20 23:07:00,277.55
2015-07-20 24:07:00,277.16
2015-07-21 01:07:00,281.6
2015-07-21 02:07:00,278.16
2015-07-21 03:07:00,278.52
2015-07-21 04:07:00,279.92
2015-07-21 05:07:00,280.1
2015-07-21 06:07:00,279.28
2015-07-21 07:07:00,280.35
2015-07-21 08:07:00,280.71
2015-07-21 09:07:00,280.02
2015-07-21 10:07:00,278.35
2015-07-21 11:07:00,279.48
2015-07-21 12:07:00,278.44
2015-07-21 13:07:00,278.57
2015-07-21 14:07:00,278.22
2015-07-21 15:07:00,278.27
2015-07-21 16:07:00,277.51
2015-07-21 17:07:00,277.9
2015-07-21 18:07:00,278.24
2015-07-21 19:07:00,277.98
2015-07-21 20:07:00,280.62
2015-07-21 21:07:00,278.28
2015-07-21 22:07:00,278.72
2015-07-21 23:07:00,278.66
2015-07-21 24:07:00,278.03
2015-07-22 01:07:00,277.7
2015-07-22 02:07:00,275.61
2015-07-22 03:07:00,278.24
2015-07-22 04:07:00,275.62
2015-07-22 05:07:00,276.46
2015-07-22 06:07:00,275.13
2015-07-22 07:07:00,274.26
2015-07-22 08:07:00,274.78
2015-07-22 09:07:00,275.15
2015-07-22 10:07:00,275.47
2015-07-22 11:07:00,275.46
2015-07-22 12:07:00,275.4
2015-07-22 13:07:00,275.97
2015-07-22 14:07:00,276.41
2015-07-22 15:07:00,276.48
2015-07-22 16:07:00,275.77
2015-07-22 17:07:00,276.51
2015-07-22 18:07:00,276.86
2015-07-22 19:07:00,276.56
2015-07-22 20:07:00,276.5
2015-07-22 21:07:00,276.74
2015-07-22 22:07:00,275.95
2015-07-22 23:07:00,275.43
2015-07-22 24:07:00,279.39
2015-07-23 01:07:00,276.42
2015-07-23 02:07:00,278.01
2015-07-23 03:07:00,281.57
2015-07-23 04:07:00,277
2015-07-23 05:07:00,277.39
2015-07-23 06:07:00,279.58
2015-07-23 07:07:00,277.62
2015-07-23 08:07:00,277.35
2015-07-23 09:07:00,277.27
2015-07-23 10:07:00,276.96
2015-07-23 11:07:00,275.65
2015-07-23 12:07:00,276.02
2015-07-23 13:07:00,277.02
2015-07-23 14:07:00,276.75
2015-07-23 15:07:00,276.31
2015-07-23 16:07:00,276.85
2015-07-23 17:07:00,279.16
2015-07-23 18:07:00,276.34
2015-07-23 19:07:00,275.73
2015-07-23 20:07:00,275.58
2015-07-23 21:07:00,275.95
2015-07-23 22:07:00,276.33
2015-07-23 23:07:00,276.59
2015-07-23 24:07:00,276.04
2015-07-24 01:07:00,275.77
2015-07-24 02:07:00,275.43
2015-07-24 03:07:00,279.56
2015-07-24 04:07:00,279.01
2015-07-24 05:07:00,275.16
2015-07-24 06:07:00,275.67
2015-07-24 07:07:00,277.63
2015-07-24 08:07:00,277.66
2015-07-24 09:07:00,276.96
2015-07-24 10:07:00,277.37
2015-07-24 11:07:00,279.03
2015-07-24 12:07:00,282.98
2015-07-24 13:07:00,283.73
2015-07-24 14:07:00,284.53
2015-07-24 15:07:00,284.3
2015-07-24 16:07:00,284.16
2015-07-24 17:07:00,284.61
2015-07-24 18:07:00,284.33
2015-07-24 19:07:00,283.73
2015-07-24 20:07:00,285.8
2015-07-24 21:07:00,287.26
2015-07-24 22:07:00,287.81
2015-07-24 23:07:00,288.82
2015-07-24 24:07:00,287.54
2015-07-25 01:07:00,288.03
2015-07-25 02:07:00,288.93
2015-07-25 03:07:00,288.6
2015-07-25 04:07:00,289.79
2015-07-25 05:07:00,286.09
2015-07-25 06:07:00,288.69
2015-07-25 07:07:00,288.41
2015-07-25 08:07:00,288.3
2015-07-25 09:07:00,287.48
2015-07-25 10:07:00,287.84
2015-07-25 11:07:00,288.44
2015-07-25 12:07:00,287.05
2015-07-25 13:07:00,286.69
2015-07-25 14:07:00,289.85
2015-07-25 15:07:00,290.29
2015-07-25 16:07:00,290.55
2015-07-25 17:07:00,290.2
2015-07-25 18:07:00,290.13
2015-07-25 19:07:00,289.26
2015-07-25 20:07:00,288.14
2015-07-25 21:07:00,287.4
2015-07-25 22:07:00,288.24
2015-07-25 23:07:00,289.06
2015-07-25 24:07:00,288.32
2015-07-26 01:07:00,287.76
2015-07-26 02:07:00,289.33
2015-07-26 03:07:00,291.56
2015-07-26 04:07:00,288.76
2015-07-26 05:07:00,290.42
2015-07-26 06:07:00,288.34
2015-07-26 07:07:00,289.56
2015-07-26 08:07:00,289.09
2015-07-26 09:07:00,290.09
2015-07-26 10:07:00,288.17
2015-07-26 11:07:00,289.16
2015-07-26 12:07:00,288.06
2015-07-26 13:07:00,289.4
2015-07-26 14:07:00,292.05
2015-07-26 15:07:00,293.42
2015-07-26 16:07:00,293.06
2015-07-26 17:07:00,291.33
2015-07-26 18:07:00,292.06
2015-07-26 19:07:00,291.9
2015-07-26 20:07:00,292
2015-07-26 21:07:00,294.21
2015-07-26 22:07:00,291.47
2015-07-26 23:07:00,295.12
2015-07-26 24:07:00,293.74
2015-07-27 01:07:00,293.86
2015-07-27 02:07:00,293.32
2015-07-27 03:07:00,292.47
2015-07-27 04:07:00,294.24
2015-07-27 05:07:00,292.67
2015-07-27 06:07:00,292.62
2015-07-27 07:07:00,293.07
2015-07-27 08:07:00,291.8
2015-07-27 09:07:00,291.2
2015-07-27 10:07:00,290.19
2015-07-27 11:07:00,287.53
2015-07-27 12:07:00,286.86
2015-07-27 13:07:00,287.8
2015-07-27 14:07:00,287.51
2015-07-27 15:07:00,287.56
2015-07-27 16:07:00,287.7
2015-07-27 17:07:00,287.16
2015-07-27 18:07:00,289.39
2015-07-27 19:07:00,286.43
2015-07-27 20:07:00,292.21
2015-07-27 21:07:00,290.2
2015-07-27 22:07:00,294.58
2015-07-27 23:07:00,296.38
2015-07-27 24:07:00,296.11
2015-07-28 01:07:00,296.56
2015-07-28 02:07:00,296.39
2015-07-28 03:07:00,294.15
2015-07-28 04:07:00,296.18
2015-07-28 05:07:00,294.77
2015-07-28 06:07:00,294.24
2015-07-28 07:07:00,295.88
2015-07-28 08:07:00,296.15
2015-07-28 09:07:00,294.95
2015-07-28 10:07:00,296
2015-07-28 11:07:00,293.91
2015-07-28 12:07:00,293.7
2015-07-28 13:07:00,294.2
2015-07-28 14:07:00,293.9
2015-07-28 15:07:00,293.13
2015-07-28 16:07:00,292.79
2015-07-28 17:07:00,292.89
2015-07-28 18:07:00,294.12
2015-07-28 19:07:00,295.45
2015-07-28 20:07:00,294.22
2015-07-28 21:07:00,294.78
2015-07-28 22:07:00,295.41
2015-07-28 23:07:00,295.14
2015-07-28 24:07:00,296.94
2015-07-29 01:07:00,295.22
2015-07-29 02:07:00,299.45
2015-07-29 03:07:00,294.8
2015-07-29 04:07:00,294.11
2015-07-29 05:07:00,294.78
2015-07-29 06:07:00,294.43
2015-07-29 07:07:00,293.61
2015-07-29 08:07:00,292.93
2015-07-29 09:07:00,290.76
2015-07-29 10:07:00,289.54
2015-07-29 11:07:00,289.22
2015-07-29 12:07:00,289.32
2015-07-29 13:07:00,288.73
2015-07-29 14:07:00,288.03
2015-07-29 15:07:00,289.1
2015-07-29 16:07:00,289.37
2015-07-29 17:07:00,290.3
2015-07-29 18:07:00,290.77
2015-07-29 19:07:00,290.42
2015-07-29 20:07:00,289.72
2015-07-29 21:07:00,290.06
2015-07-29 22:07:00,291.53
2015-07-29 23:07:00,290.53
2015-07-29 24:07:00,295.24
2015-07-30 01:07:00,290.65
2015-07-30 02:07:00,289.52
2015-07-30 03:07:00,289.21
2015-07-30 04:07:00,288.07
2015-07-30 05:07:00,288.22
2015-07-30 06:07:00,288.7
2015-07-30 07:07:00,290.86
2015-07-30 08:07:00,288.36
2015-07-30 09:07:00,289.46
2015-07-30 10:07:00,288.32
2015-07-30 11:07:00,288.51
2015-07-30 12:07:00,289.46
2015-07-30 13:07:00,286.36
2015-07-30 14:07:00,286.17
2015-07-30 15:07:00,286.18
2015-07-30 16:07:00,286.4
2015-07-30 17:07:00,286.81
2015-07-30 18:07:00,287.08
2015-07-30 19:07:00,287.04
2015-07-30 20:07:00,287.97
2015-07-30 21:07:00,287.66
2015-07-30 22:07:00,287.08
2015-07-30 23:07:00,286.84
2015-07-30 24:07:00,290.22
2015-07-31 01:07:00,291.08
2015-07-31 02:07:00,287.66
2015-07-31 03:07:00,286.97
2015-07-31 04:07:00,287.95
2015-07-31 05:07:00,288.31
2015-07-31 06:07:00,288.37
2015-07-31 07:07:00,285.75
2015-07-31 08:07:00,285.92
2015-07-31 09:07:00,283.63
2015-07-31 10:07:00,282.86
2015-07-31 11:07:00,282.96
2015-07-31 12:07:00,282.39
2015-07-31 13:07:00,283.5
2015-07-31 14:07:00,283.34
2015-07-31 15:07:00,284.06
2015-07-31 16:07:00,284.32
2015-07-31 17:07:00,285.78
2015-07-31 18:07:00,284.62
2015-07-31 19:07:00,283.44
2015-07-31 20:07:00,285.41
2015-07-31 21:07:00,284.38
2015-07-31 22:07:00,284.79
2015-07-31 23:07:00,288.77
2015-07-31 24:07:00,284.36
2015-08-01 01:08:00,289.28
2015-08-01 02:08:00,288.94
2015-08-01 03:08:00,287.46
2015-08-01 04:08:00,284.41
2015-08-01 05:08:00,284.78
2015-08-01 06:08:00,286.7
2015-08-01 07:08:00,284.33
2015-08-01 08:08:00,283.3
2015-08-01 09:08:00,280.79
2015-08-01 10:08:00,280.65
2015-08-01 11:08:00,278.44
2015-08-01 12:08:00,279.97
2015-08-01 13:08:00,279.81
2015-08-01 14:08:00,280.02
2015-08-01 15:08:00,278.06
2015-08-01 16:08:00,278.46
2015-08-01 17:08:00,278.8
2015-08-01 18:08:00,279.45
2015-08-01 19:08:00,279.11
2015-08-01 20:08:00,280.29
2015-08-01 21:08:00,280.36
2015-08-01 22:08:00,280.77
2015-08-01 23:08:00,280.92
2015-08-01 24:08:00,280.47
2015-08-02 01:08:00,281.12
2015-08-02 02:08:00,281.13
2015-08-02 03:08:00,279.6
2015-08-02 04:08:00,277.79
2015-08-02 05:08:00,278.28
2015-08-02 06:08:00,279.03
2015-08-02 07:08:00,281.29
2015-08-02 08:08:00,277.77
2015-08-02 09:08:00,277.75
2015-08-02 10:08:00,278.66
2015-08-02 11:08:00,278.23
2015-08-02 12:08:00,278.61
2015-08-02 13:08:00,278.04
2015-08-02 14:08:00,279.12
2015-08-02 15:08:00,280.4
2015-08-02 16:08:00,281.84
2015-08-02 17:08:00,280.9
2015-08-02 18:08:00,280.66
2015-08-02 19:08:00,280.57
2015-08-02 20:08:00,280.47
2015-08-02 21:08:00,281.11
2015-08-02 22:08:00,281.35
2015-08-02 23:08:00,282.39
2015-08-02 24:08:00,281.57
2015-08-03 01:08:00,281.86
2015-08-03 02:08:00,283.8
2015-08-03 03:08:00,281.51
2015-08-03 04:08:00,283.33
2015-08-03 05:08:00,282.86
2015-08-03 06:08:00,282.09
2015-08-03 07:08:00,281.02
2015-08-03 08:08:00,280.37
2015-08-03 09:08:00,280.85
2015-08-03 10:08:00,282.14
2015-08-03 11:08:00,283.25
2015-08-03 12:08:00,283.79
2015-08-03 13:08:00,282.65
2015-08-03 14:08:00,282.38
2015-08-03 15:08:00,283.27
2015-08-03 16:08:00,284.75
2015-08-03 17:08:00,282.81
2015-08-03 18:08:00,283.26
2015-08-03 19:08:00,283.93
2015-08-03 20:08:00,283.92
2015-08-03 21:08:00,284.07
2015-08-03 22:08:00,286.63
2015-08-03 23:08:00,283.71
2015-08-03 24:08:00,283.03
2015-08-04 01:08:00,282.86
2015-08-04 02:08:00,286.98
2015-08-04 03:08:00,281.35
2015-08-04 04:08:00,281.73
2015-08-04 05:08:00,282.75
2015-08-04 06:08:00,284.76
2015-08-04 07:08:00,283.86
2015-08-04 08:08:00,282.87
2015-08-04 09:08:00,283.45
2015-08-04 10:08:00,281.75
2015-08-04 11:08:00,282.81
2015-08-04 12:08:00,283.13
2015-08-04 13:08:00,282.64
2015-08-04 14:08:00,283.5
2015-08-04 15:08:00,283.99
2015-08-04 16:08:00,284.21
2015-08-04 17:08:00,284.12
2015-08-04 18:08:00,285.07
2015-08-04 19:08:00,284.48
2015-08-04 20:08:00,284.39
2015-08-04 21:08:00,285.43
2015-08-04 22:08:00,285.01
2015-08-04 23:08:00,285.53
2015-08-04 24:08:00,288.39
2015-08-05 01:08:00,285.2
2015-08-05 02:08:00,284.66
2015-08-05 03:08:00,285.03
2015-08-05 04:08:00,284.65
2015-08-05 05:08:00,285.5
2015-08-05 06:08:00,287.06
2015-08-05 07:08:00,284.71
2015-08-05 08:08:00,283.53
2015-08-05 09:08:00,282.86
2015-08-05 10:08:00,282.95
2015-08-05 11:08:00,282.89
2015-08-05 12:08:00,281.91
2015-08-05 13:08:00,281.71
2015-08-05 14:08:00,281.77
2015-08-05 15:08:00,282.17
2015-08-05 16:08:00,282.07
2015-08-05 17:08:00,281.61
2015-08-05 18:08:00,282.78
2015-08-05 19:08:00,282.56
2015-08-05 20:08:00,282.66
2015-08-05 21:08:00,285.56
2015-08-05 22:08:00,286.25
2015-08-05 23:08:00,282.3
2015-08-05 24:08:00,282.94
2015-08-06 01:08:00,287.33
2015-08-06 02:08:00,286.53
2015-08-06 03:08:00,280.41
2015-08-06 04:08:00,281.62
2015-08-06 05:08:00,283.99
2015-08-06 06:08:00,285.48
2015-08-06 07:08:00,283.76
2015-08-06 08:08:00,282.37
2015-08-06 09:08:00,280.51
2015-08-06 10:08:00,279.34
2015-08-06 11:08:00,279.27
2015-08-06 12:08:00,279.57
2015-08-06 13:08:00,279.4
2015-08-06 14:08:00,277.93
2015-08-06 15:08:00,278.43
2015-08-06 16:08:00,279.67
2015-08-06 17:08:00,277.94
2015-08-06 18:08:00,281.79
2015-08-06 19:08:00,278.73
2015-08-06 20:08:00,282.48
2015-08-06 21:08:00,278.3
2015-08-06 22:08:00,278.75
2015-08-06 23:08:00,279.22
2015-08-06 24:08:00,279.95
2015-08-07 01:08:00,278.86
2015-08-07 02:08:00,278.89
2015-08-07 03:08:00,284.57
2015-08-07 04:08:00,278.74
2015-08-07 05:08:00,277.99
2015-08-07 06:08:00,279.18
2015-08-07 07:08:00,276.42
2015-08-07 08:08:00,276.38
2015-08-07 09:08:00,277.34
2015-08-07 10:08:00,276.21
2015-08-07 11:08:00,276.68
2015-08-07 12:08:00,278.14
2015-08-07 13:08:00,278.21
2015-08-07 14:08:00,277.09
2015-08-07 15:08:00,278.58
2015-08-07 16:08:00,278.07
2015-08-07 17:08:00,278.68
2015-08-07 18:08:00,280.33
2015-08-07 19:08:00,280.1
2015-08-07 20:08:00,280.74
2015-08-07 21:08:00,279.39
2015-08-07 22:08:00,278.93
2015-08-07 23:08:00,279.3
2015-08-07 24:08:00,276.88
2015-08-08 01:08:00,278.24
2015-08-08 02:08:00,277.34
2015-08-08 03:08:00,280.08
2015-08-08 04:08:00,279.3
2015-08-08 05:08:00,277.04
2015-08-08 06:08:00,279.17
2015-08-08 07:08:00,279.83
2015-08-08 08:08:00,277.71
2015-08-08 09:08:00,277.64
2015-08-08 10:08:00,277.12
2015-08-08 11:08:00,277.48
2015-08-08 12:08:00,277.23
2015-08-08 13:08:00,278.1
2015-08-08 14:08:00,277.03
2015-08-08 15:08:00,273.77
2015-08-08 16:08:00,271.72
2015-08-08 17:08:00,268.27
2015-08-08 18:08:00,268.79
2015-08-08 19:08:00,268.79
2015-08-08 20:08:00,269.67
2015-08-08 21:08:00,270.96
2015-08-08 22:08:00,267.48
2015-08-08 23:08:00,267.58
2015-08-08 24:08:00,265.82
2015-08-09 01:08:00,265.08
2015-08-09 02:08:00,261.65
2015-08-09 03:08:00,260.7
2015-08-09 04:08:00,262.08
2015-08-09 05:08:00,262.43
2015-08-09 06:08:00,261.94
2015-08-09 07:08:00,261.67
2015-08-09 08:08:00,261.14
2015-08-09 09:08:00,261.86
2015-08-09 10:08:00,261.43
2015-08-09 11:08:00,261.43
2015-08-09 12:08:00,260.68
2015-08-09 13:08:00,262.69
2015-08-09 14:08:00,263.85
2015-08-09 15:08:00,264.47
2015-08-09 16:08:00,265.83
2015-08-09 17:08:00,267.11
2015-08-09 18:08:00,266.33
2015-08-09 19:08:00,265.19
2015-08-09 20:08:00,266.04
2015-08-09 21:08:00,267.04
2015-08-09 22:08:00,265.64
2015-08-09 23:08:00,262.77
2015-08-09 24:08:00,265.16
2015-08-10 01:08:00,267.17
2015-08-10 02:08:00,266.57
2015-08-10 03:08:00,264.58
2015-08-10 04:08:00,265.34
2015-08-10 05:08:00,265.28
2015-08-10 06:08:00,266.11
2015-08-10 07:08:00,266.03
2015-08-10 08:08:00,265.29
2015-08-10 09:08:00,265.46
2015-08-10 10:08:00,264.64
2015-08-10 11:08:00,263.13
2015-08-10 12:08:00,266.16
2015-08-10 13:08:00,264.72
2015-08-10 14:08:00,263.77
2015-08-10 15:08:00,264.42
2015-08-10 16:08:00,263.53
2015-08-10 17:08:00,263.48
2015-08-10 18:08:00,264.47
2015-08-10 19:08:00,263.11
2015-08-10 20:08:00,267.67
2015-08-10 21:08:00,266.28
2015-08-10 22:08:00,264.06
2015-08-10 23:08:00,270.03
2015-08-10 24:08:00,264.13
2015-08-11 01:08:00,264.27
2015-08-11 02:08:00,269.26
2015-08-11 03:08:00,268.32
2015-08-11 04:08:00,268.31
2015-08-11 05:08:00,266.65
2015-08-11 06:08:00,264.72
2015-08-11 07:08:00,265.17
2015-08-11 08:08:00,267.45
2015-08-11 09:08:00,265.04
2015-08-11 10:08:00,265.39
2015-08-11 11:08:00,263.14
2015-08-11 12:08:00,263.74
2015-08-11 13:08:00,264.32
2015-08-11 14:08:00,265.38
2015-08-11 15:08:00,265.29
2015-08-11 16:08:00,264.45
2015-08-11 17:08:00,264.33
2015-08-11 18:08:00,265.19
2015-08-11 19:08:00,264.81
2015-08-11 20:08:00,264.79
2015-08-11 21:08:00,265.24
2015-08-11 22:08:00,268.37
2015-08-11 23:08:00,269
2015-08-11 24:08:00,265.96
2015-08-12 01:08:00,269.24
2015-08-12 02:08:00,271.58
2015-08-12 03:08:00,271.71
2015-08-12 04:08:00,271.61
2015-08-12 05:08:00,269.18
2015-08-12 06:08:00,271.16
2015-08-12 07:08:00,269.74
2015-08-12 08:08:00,269.89
2015-08-12 09:08:00,268.41
2015-08-12 10:08:00,267.37
2015-08-12 11:08:00,266.38
2015-08-12 12:08:00,267.91
2015-08-12 13:08:00,267.2
2015-08-12 14:08:00,266.44
2015-08-12 15:08:00,266.47
2015-08-12 16:08:00,265.61
2015-08-12 17:08:00,267.1
2015-08-12 18:08:00,267.79
2015-08-12 19:08:00,267.05
2015-08-12 20:08:00,266.92
2015-08-12 21:08:00,268.31
2015-08-12 22:08:00,267.97
2015-08-12 23:08:00,268.91
2015-08-12 24:08:00,269.52
2015-08-13 01:08:00,274.5
2015-08-13 02:08:00,268.88
2015-08-13 03:08:00,268.27
2015-08-13 04:08:00,265.9
2015-08-13 05:08:00,268.5
2015-08-13 06:08:00,267.5
2015-08-13 07:08:00,264.93
2015-08-13 08:08:00,264.18
2015-08-13 09:08:00,264.21
2015-08-13 10:08:00,264.17
2015-08-13 11:08:00,262.82
2015-08-13 12:08:00,262.9
2015-08-13 13:08:00,262.78
2015-08-13 14:08:00,262.58
2015-08-13 15:08:00,262.47
2015-08-13 16:08:00,263.14
2015-08-13 17:08:00,264.01
2015-08-13 18:08:00,263.79
2015-08-13 19:08:00,265.38
2015-08-13 20:08:00,264.97
2015-08-13 21:08:00,265.13
2015-08-13 22:08:00,266.2
2015-08-13 23:08:00,264.65
2015-08-13 24:08:00,264.81
2015-08-14 01:08:00,264.27
2015-08-14 02:08:00,265.72
2015-08-14 03:08:00,263.52
2015-08-14 04:08:00,263.67
2015-08-14 05:08:00,263.4
2015-08-14 06:08:00,261.76
2015-08-14 07:08:00,262.52
2015-08-14 08:08:00,263.15
2015-08-14 09:08:00,263.58
2015-08-14 10:08:00,263.7
2015-08-14 11:08:00,265.38
2015-08-14 12:08:00,264.69
2015-08-14 13:08:00,264.48
2015-08-14 14:08:00,264.87
2015-08-14 15:08:00,264.65
2015-08-14 16:08:00,265.71
2015-08-14 17:08:00,266.26
2015-08-14 18:08:00,267.68
2015-08-14 19:08:00,268.15
2015-08-14 20:08:00,266.56
2015-08-14 21:08:00,269.15
2015-08-14 22:08:00,269.12
2015-08-14 23:08:00,271.64
2015-08-14 24:08:00,268.62
2015-08-15 01:08:00,266.72
2015-08-15 02:08:00,268.13
2015-08-15 03:08:00,265.53
2015-08-15 04:08:00,265.74
2015-08-15 05:08:00,265.48
2015-08-15 06:08:00,265.51
2015-08-15 07:08:00,266.9
2015-08-15 08:08:00,265.76
2015-08-15 09:08:00,265.91
2015-08-15 10:08:00,265.24
2015-08-15 11:08:00,265.44
2015-08-15 12:08:00,264.09
2015-08-15 13:08:00,264.71
2015-08-15 14:08:00,264.68
2015-08-15 15:08:00,264.82
2015-08-15 16:08:00,264.54
2015-08-15 17:08:00,265.75
2015-08-15 18:08:00,264.95
2015-08-15 19:08:00,267.24
2015-08-15 20:08:00,269.07
2015-08-15 21:08:00,268.38
2015-08-15 22:08:00,264.22
2015-08-15 23:08:00,264.83
2015-08-15 24:08:00,264.37
2015-08-16 01:08:00,263.05
2015-08-16 02:08:00,261.6
2015-08-16 03:08:00,261.85
2015-08-16 04:08:00,260.67
2015-08-16 05:08:00,262.5
2015-08-16 06:08:00,262.69
2015-08-16 07:08:00,261.95
2015-08-16 08:08:00,260.67
2015-08-16 09:08:00,261.19
2015-08-16 10:08:00,261.4
2015-08-16 11:08:00,258.33
2015-08-16 12:08:00,258.19
2015-08-16 13:08:00,258.42
2015-08-16 14:08:00,257.81
2015-08-16 15:08:00,258.35
2015-08-16 16:08:00,258.6
2015-08-16 17:08:00,258.81
2015-08-16 18:08:00,259.11
2015-08-16 19:08:00,260.14
2015-08-16 20:08:00,260.28
2015-08-16 21:08:00,259.78
2015-08-16 22:08:00,258.03
2015-08-16 23:08:00,257.56
2015-08-16 24:08:00,258.23
2015-08-17 01:08:00,257.84
2015-08-17 02:08:00,258.08
2015-08-17 03:08:00,257.93
2015-08-17 04:08:00,257.6
2015-08-17 05:08:00,257.19
2015-08-17 06:08:00,258.41
2015-08-17 07:08:00,259.36
2015-08-17 08:08:00,259.65
2015-08-17 09:08:00,259.73
2015-08-17 10:08:00,258.91
2015-08-17 11:08:00,259.12
2015-08-17 12:08:00,258.14
2015-08-17 13:08:00,257.98
2015-08-17 14:08:00,257.56
2015-08-17 15:08:00,256.87
2015-08-17 16:08:00,256.42
2015-08-17 17:08:00,258.33
2015-08-17 18:08:00,259.46
2015-08-17 19:08:00,257.14
2015-08-17 20:08:00,258.17
2015-08-17 21:08:00,257.82
2015-08-17 22:08:00,258.35
2015-08-17 23:08:00,258.56
2015-08-17 24:08:00,260.96
2015-08-18 01:08:00,259.45
2015-08-18 02:08:00,257.5
2015-08-18 03:08:00,260.97
2015-08-18 04:08:00,260.37
2015-08-18 05:08:00,256.68
2015-08-18 06:08:00,257.11
2015-08-18 07:08:00,256.56
2015-08-18 08:08:00,256.72
2015-08-18 09:08:00,256.42
2015-08-18 10:08:00,256.22
2015-08-18 11:08:00,256.5
2015-08-18 12:08:00,256.47
2015-08-18 13:08:00,255.65
2015-08-18 14:08:00,256.11
2015-08-18 15:08:00,255.88
2015-08-18 16:08:00,254.15
2015-08-18 17:08:00,253.48
2015-08-18 18:08:00,253.26
2015-08-18 19:08:00,255.6
2015-08-18 20:08:00,253.45
2015-08-18 21:08:00,253.37
2015-08-18 22:08:00,254.1
2015-08-18 23:08:00,250.36
2015-08-18 24:08:00,251.58
2015-08-19 01:08:00,251.23
2015-08-19 02:08:00,249.2
2015-08-19 03:08:00,218.2
2015-08-19 04:08:00,230.03
2015-08-19 05:08:00,234.54
2015-08-19 06:08:00,234.31
2015-08-19 07:08:00,231.99
2015-08-19 08:08:00,232.84
2015-08-19 09:08:00,233.26
2015-08-19 10:08:00,234.8
2015-08-19 11:08:00,236.11
2015-08-19 12:08:00,234.05
2015-08-19 13:08:00,232.25
2015-08-19 14:08:00,231.49
2015-08-19 15:08:00,232.47
2015-08-19 16:08:00,233.52
2015-08-19 17:08:00,233.28
2015-08-19 18:08:00,231.98
2015-08-19 19:08:00,233.5
2015-08-19 20:08:00,232.16
2015-08-19 21:08:00,234.03
2015-08-19 22:08:00,234.89
2015-08-19 23:08:00,233.38
2015-08-19 24:08:00,226.86
2015-08-20 01:08:00,222.36
2015-08-20 02:08:00,225.44
2015-08-20 03:08:00,226.97
2015-08-20 04:08:00,228.41
2015-08-20 05:08:00,229.15
2015-08-20 06:08:00,230.8
2015-08-20 07:08:00,232.01
2015-08-20 08:08:00,233.71
2015-08-20 09:08:00,233.77
2015-08-20 10:08:00,233.93
2015-08-20 11:08:00,232.5
2015-08-20 12:08:00,231.45
2015-08-20 13:08:00,230.5
2015-08-20 14:08:00,235.49
2015-08-20 15:08:00,234.96
2015-08-20 16:08:00,236.01
2015-08-20 17:08:00,234.37
2015-08-20 18:08:00,235.05
2015-08-20 19:08:00,234.44
2015-08-20 20:08:00,232.38
2015-08-20 21:08:00,232.81
2015-08-20 22:08:00,234.79
2015-08-20 23:08:00,235.36
2015-08-20 24:08:00,235.38
2015-08-21 01:08:00,235.66
2015-08-21 02:08:00,235.23
2015-08-21 03:08:00,234.93
2015-08-21 04:08:00,234.85
2015-08-21 05:08:00,233.58
2015-08-21 06:08:00,233.34
2015-08-21 07:08:00,234.81
2015-08-21 08:08:00,235.14
2015-08-21 09:08:00,235.22
2015-08-21 10:08:00,234.64
2015-08-21 11:08:00,235.36
2015-08-21 12:08:00,236.02
2015-08-21 13:08:00,234.54
2015-08-21 14:08:00,234.24
2015-08-21 15:08:00,234.04
2015-08-21 16:08:00,232.06
2015-08-21 17:08:00,233.01
2015-08-21 18:08:00,235.34
2015-08-21 19:08:00,233.61
2015-08-21 20:08:00,233.05
2015-08-21 21:08:00,235.01
2015-08-21 22:08:00,232.88
2015-08-21 23:08:00,233.18
2015-08-21 24:08:00,232.89
2015-08-22 01:08:00,235.39
2015-08-22 02:08:00,232.67
2015-08-22 03:08:00,232.51
2015-08-22 04:08:00,232.95
2015-08-22 05:08:00,233.99
2015-08-22 06:08:00,235.75
2015-08-22 07:08:00,233.42
2015-08-22 08:08:00,232.24
2015-08-22 09:08:00,230.84
2015-08-22 10:08:00,232.35
2015-08-22 11:08:00,231.34
2015-08-22 12:08:00,230.89
2015-08-22 13:08:00,230.94
2015-08-22 14:08:00,232.41
2015-08-22 15:08:00,228.17
2015-08-22 16:08:00,228.08
2015-08-22 17:08:00,227.89
2015-08-22 18:08:00,226.88
2015-08-22 19:08:00,226.62
2015-08-22 20:08:00,230.2
2015-08-22 21:08:00,224.02
2015-08-22 22:08:00,225.59
2015-08-22 23:08:00,225.58
2015-08-22 24:08:00,229.83
2015-08-23 01:08:00,230.71
2015-08-23 02:08:00,231.27
2015-08-23 03:08:00,230.86
2015-08-23 04:08:00,229.69
2015-08-23 05:08:00,231.56
2015-08-23 06:08:00,232.72
2015-08-23 07:08:00,232.83
2015-08-23 08:08:00,232.54
2015-08-23 09:08:00,230.94
2015-08-23 10:08:00,230.45
2015-08-23 11:08:00,230.08
2015-08-23 12:08:00,229.44
2015-08-23 13:08:00,227.11
2015-08-23 14:08:00,229.53
2015-08-23 15:08:00,230.66
2015-08-23 16:08:00,231.38
2015-08-23 17:08:00,230.8
2015-08-23 18:08:00,230.18
2015-08-23 19:08:00,228.07
2015-08-23 20:08:00,226.23
2015-08-23 21:08:00,226.23
2015-08-23 22:08:00,227.55
2015-08-23 23:08:00,228.6
2015-08-23 24:08:00,230.27
2015-08-24 01:08:00,226.5
2015-08-24 02:08:00,227.51
2015-08-24 03:08:00,228.26
2015-08-24 04:08:00,225.87
2015-08-24 05:08:00,226.72
2015-08-24 06:08:00,226.47
2015-08-24 07:08:00,227.23
2015-08-24 08:08:00,224.15
2015-08-24 09:08:00,222.12
2015-08-24 10:08:00,221.3
2015-08-24 11:08:00,221.23
2015-08-24 12:08:00,222.01
2015-08-24 13:08:00,221.67
2015-08-24 14:08:00,223.15
2015-08-24 15:08:00,221.02
2015-08-24 16:08:00,218.17
2015-08-24 17:08:00,221.7
2015-08-24 18:08:00,220.05
2015-08-24 19:08:00,218.01
2015-08-24 20:08:00,216.49
2015-08-24 21:08:00,211.97
2015-08-24 22:08:00,215.16
2015-08-24 23:08:00,216.11
2015-08-24 24:08:00,214.31
2015-08-25 01:08:00,211.71
2015-08-25 02:08:00,211.88
2015-08-25 03:08:00,209.99
2015-08-25 04:08:00,202.7
2015-08-25 05:08:00,204.38
2015-08-25 06:08:00,207.27
2015-08-25 07:08:00,203.87
2015-08-25 08:08:00,209.03
2015-08-25 09:08:00,209.45
2015-08-25 10:08:00,209.12
2015-08-25 11:08:00,212.93
2015-08-25 12:08:00,212.83
2015-08-25 13:08:00,213.19
2015-08-25 14:08:00,212.23
2015-08-25 15:08:00,212.32
2015-08-25 16:08:00,212.13
2015-08-25 17:08:00,213.82
2015-08-25 18:08:00,219.57
2015-08-25 19:08:00,222.77
2015-08-25 20:08:00,222.94
2015-08-25 21:08:00,222.51
2015-08-25 22:08:00,221.29
2015-08-25 23:08:00,224.82
2015-08-25 24:08:00,224.37
2015-08-26 01:08:00,222.33
2015-08-26 02:08:00,221.91
2015-08-26 03:08:00,222.21
2015-08-26 04:08:00,223.42
2015-08-26 05:08:00,223.9
2015-08-26 06:08:00,223.35
2015-08-26 07:08:00,220.34
2015-08-26 08:08:00,222.69
2015-08-26 09:08:00,222.38
2015-08-26 10:08:00,223.39
2015-08-26 11:08:00,225.82
2015-08-26 12:08:00,223.48
2015-08-26 13:08:00,223.34
2015-08-26 14:08:00,224.76
2015-08-26 15:08:00,226.71
2015-08-26 16:08:00,229.3
2015-08-26 17:08:00,229.59
2015-08-26 18:08:00,228.68
2015-08-26 19:08:00,228.1
2015-08-26 20:08:00,230.11
2015-08-26 21:08:00,231.23
2015-08-26 22:08:00,229.18
2015-08-26 23:08:00,227.07
2015-08-26 24:08:00,226.05
2015-08-27 01:08:00,226.03
2015-08-27 02:08:00,225.62
2015-08-27 03:08:00,225.95
2015-08-27 04:08:00,229.08
2015-08-27 05:08:00,225.48
2015-08-27 06:08:00,224.23
2015-08-27 07:08:00,224.69
2015-08-27 08:08:00,224.78
2015-08-27 09:08:00,224.97
2015-08-27 10:08:00,223.96
2015-08-27 11:08:00,226.32
2015-08-27 12:08:00,224.97
2015-08-27 13:08:00,224.4
2015-08-27 14:08:00,225.04
2015-08-27 15:08:00,225.66
2015-08-27 16:08:00,227.45
2015-08-27 17:08:00,226.55
2015-08-27 18:08:00,226.45
2015-08-27 19:08:00,226.51
2015-08-27 20:08:00,228.96
2015-08-27 21:08:00,229.04
2015-08-27 22:08:00,227.26
2015-08-27 23:08:00,229.78
2015-08-27 24:08:00,226.6
2015-08-28 01:08:00,225.87
2015-08-28 02:08:00,223.38
2015-08-28 03:08:00,224.74
2015-08-28 04:08:00,222.25
2015-08-28 05:08:00,223.61
2015-08-28 06:08:00,223.93
2015-08-28 07:08:00,224.15
2015-08-28 08:08:00,223.04
2015-08-28 09:08:00,223.24
2015-08-28 10:08:00,226.01
2015-08-28 11:08:00,226.68
2015-08-28 12:08:00,226.49
2015-08-28 13:08:00,227.03
2015-08-28 14:08:00,226.39
2015-08-28 15:08:00,226.59
2015-08-28 16:08:00,227.12
2015-08-28 17:08:00,226.46
2015-08-28 18:08:00,228.32
2015-08-28 19:08:00,232.29
2015-08-28 20:08:00,234.19
2015-08-28 21:08:00,234.31
2015-08-28 22:08:00,234.27
2015-08-28 23:08:00,232.79
2015-08-28 24:08:00,233.13
2015-08-29 01:08:00,233.2
2015-08-29 02:08:00,232.81
2015-08-29 03:08:00,231.22
2015-08-29 04:08:00,231.17
2015-08-29 05:08:00,232.33
2015-08-29 06:08:00,231.92
2015-08-29 07:08:00,231.44
2015-08-29 08:08:00,232.19
2015-08-29 09:08:00,232.57
2015-08-29 10:08:00,233.3
2015-08-29 11:08:00,231.03
2015-08-29 12:08:00,229.57
2015-08-29 13:08:00,230.23
2015-08-29 14:08:00,230.38
2015-08-29 15:08:00,230.67
2015-08-29 16:08:00,229.57
2015-08-29 17:08:00,229.61
2015-08-29 18:08:00,230.01
2015-08-29 19:08:00,234.04
2015-08-29 20:08:00,229.11
2015-08-29 21:08:00,228.53
2015-08-29 22:08:00,228.1
2015-08-29 23:08:00,227.92
2015-08-29 24:08:00,227.23
2015-08-30 01:08:00,229.15
2015-08-30 02:08:00,228
2015-08-30 03:08:00,229.59
2015-08-30 04:08:00,230.99
2015-08-30 05:08:00,231.08
2015-08-30 06:08:00,233.02
2015-08-30 07:08:00,231.3
2015-08-30 08:08:00,230.11
2015-08-30 09:08:00,232.14
2015-08-30 10:08:00,231.27
2015-08-30 11:08:00,229.62
2015-08-30 12:08:00,228.41
2015-08-30 13:08:00,228.31
2015-08-30 14:08:00,228.55
2015-08-30 15:08:00,228.68
2015-08-30 16:08:00,230.34
2015-08-30 17:08:00,228.35
2015-08-30 18:08:00,230.1
2015-08-30 19:08:00,227.35
2015-08-30 20:08:00,226.78
2015-08-30 21:08:00,227.12
2015-08-30 22:08:00,226.93
2015-08-30 23:08:00,227.21
2015-08-30 24:08:00,228.39
2015-08-31 01:08:00,227.35
2015-08-31 02:08:00,227.5
2015-08-31 03:08:00,228.56
2015-08-31 04:08:00,232.95
2015-08-31 05:08:00,228.61
2015-08-31 06:08:00,229.33
2015-08-31 07:08:00,227.83
2015-08-31 08:08:00,227.52
2015-08-31 09:08:00,229.76
2015-08-31 10:08:00,228.92
2015-08-31 11:08:00,226.12
2015-08-31 12:08:00,225.75
2015-08-31 13:08:00,226.64
2015-08-31 14:08:00,227.16
2015-08-31 15:08:00,229.26
2015-08-31 16:08:00,229.59
2015-08-31 17:08:00,229.59
2015-08-31 18:08:00,231.16
2015-08-31 19:08:00,230.46
2015-08-31 20:08:00,230.03
2015-08-31 21:08:00,230.45
2015-08-31 22:08:00,232.1
2015-08-31 23:08:00,230.98
2015-08-31 24:08:00,230.46
2015-09-01 01:09:00,233.21
2015-09-01 02:09:00,234.92
2015-09-01 03:09:00,233.79
2015-09-01 04:09:00,231.52
2015-09-01 05:09:00,230.55
2015-09-01 06:09:00,229.56
2015-09-01 07:09:00,229.51
2015-09-01 08:09:00,229.54
2015-09-01 09:09:00,228.97
2015-09-01 10:09:00,229.22
2015-09-01 11:09:00,228.21
2015-09-01 12:09:00,228.68
2015-09-01 13:09:00,227.01
2015-09-01 14:09:00,226.8
2015-09-01 15:09:00,228.37
2015-09-01 16:09:00,229.23
2015-09-01 17:09:00,228.51
2015-09-01 18:09:00,228.65
2015-09-01 19:09:00,227.57
2015-09-01 20:09:00,228.22
2015-09-01 21:09:00,227.99
2015-09-01 22:09:00,228.35
2015-09-01 23:09:00,227.77
2015-09-01 24:09:00,227.11
2015-09-02 01:09:00,226.97
2015-09-02 02:09:00,227.47
2015-09-02 03:09:00,227.61
2015-09-02 04:09:00,229.56
2015-09-02 05:09:00,226.86
2015-09-02 06:09:00,226.64
2015-09-02 07:09:00,226.52
2015-09-02 08:09:00,226.6
2015-09-02 09:09:00,228.58
2015-09-02 10:09:00,227.12
2015-09-02 11:09:00,227.58
2015-09-02 12:09:00,228.55
2015-09-02 13:09:00,228.67
2015-09-02 14:09:00,227.49
2015-09-02 15:09:00,228.68
2015-09-02 16:09:00,228.3
2015-09-02 17:09:00,228.89
2015-09-02 18:09:00,228.63
2015-09-02 19:09:00,229.3
2015-09-02 20:09:00,232.58
2015-09-02 21:09:00,230.36
2015-09-02 22:09:00,229.66
2015-09-02 23:09:00,229.07
2015-09-02 24:09:00,228.66
2015-09-03 01:09:00,229.12
2015-09-03 02:09:00,229.18
2015-09-03 03:09:00,229.17
2015-09-03 04:09:00,229.25
2015-09-03 05:09:00,235.97
2015-09-03 06:09:00,229.28
2015-09-03 07:09:00,228.31
2015-09-03 08:09:00,228.47
2015-09-03 09:09:00,226.85
2015-09-03 10:09:00,227.68
2015-09-03 11:09:00,228.16
2015-09-03 12:09:00,227.14
2015-09-03 13:09:00,227.24
2015-09-03 14:09:00,226.21
2015-09-03 15:09:00,227.56
2015-09-03 16:09:00,227.18
2015-09-03 17:09:00,227.78
2015-09-03 18:09:00,227.28
2015-09-03 19:09:00,230.5
2015-09-03 20:09:00,228.9
2015-09-03 21:09:00,226.49
2015-09-03 22:09:00,226.67
2015-09-03 23:09:00,227.18
2015-09-03 24:09:00,226.76
2015-09-04 01:09:00,226.92
2015-09-04 02:09:00,226.94
2015-09-04 03:09:00,226.6
2015-09-04 04:09:00,227.71
2015-09-04 05:09:00,228.23
2015-09-04 06:09:00,230.49
2015-09-04 07:09:00,228.7
2015-09-04 08:09:00,227.79
2015-09-04 09:09:00,228.58
2015-09-04 10:09:00,229.88
2015-09-04 11:09:00,228.67
2015-09-04 12:09:00,228.74
2015-09-04 13:09:00,229.8
2015-09-04 14:09:00,229.7
2015-09-04 15:09:00,229.95
2015-09-04 16:09:00,230.47
2015-09-04 17:09:00,228.53
2015-09-04 18:09:00,229.09
2015-09-04 19:09:00,230
2015-09-04 20:09:00,230.21
2015-09-04 21:09:00,230.39
2015-09-04 22:09:00,230.19
2015-09-04 23:09:00,234.29
2015-09-04 24:09:00,230.66
2015-09-05 01:09:00,230.25
2015-09-05 02:09:00,230.96
2015-09-05 03:09:00,231.49
2015-09-05 04:09:00,230.29
2015-09-05 05:09:00,230.09
2015-09-05 06:09:00,230.27
2015-09-05 07:09:00,230.05
2015-09-05 08:09:00,229.44
2015-09-05 09:09:00,229.8
2015-09-05 10:09:00,230.18
2015-09-05 11:09:00,230.24
2015-09-05 12:09:00,228.98
2015-09-05 13:09:00,229.08
2015-09-05 14:09:00,230.77
2015-09-05 15:09:00,230.88
2015-09-05 16:09:00,233.28
2015-09-05 17:09:00,233.95
2015-09-05 18:09:00,233.8
2015-09-05 19:09:00,235.32
2015-09-05 20:09:00,235.37
2015-09-05 21:09:00,234.67
2015-09-05 22:09:00,234.03
2015-09-05 23:09:00,238.11
2015-09-05 24:09:00,239.44
2015-09-06 01:09:00,235.08
2015-09-06 02:09:00,237.95
2015-09-06 03:09:00,241.25
2015-09-06 04:09:00,234.81
2015-09-06 05:09:00,236.77
2015-09-06 06:09:00,241.42
2015-09-06 07:09:00,241.06
2015-09-06 08:09:00,240.78
2015-09-06 09:09:00,241.01
2015-09-06 10:09:00,240.18
2015-09-06 11:09:00,238.4
2015-09-06 12:09:00,238.6
2015-09-06 13:09:00,237.99
2015-09-06 14:09:00,240.6
2015-09-06 15:09:00,240.3
2015-09-06 16:09:00,240.23
2015-09-06 17:09:00,242.36
2015-09-06 18:09:00,242.19
2015-09-06 19:09:00,241.11
2015-09-06 20:09:00,240.08
2015-09-06 21:09:00,240
2015-09-06 22:09:00,239.89
2015-09-06 23:09:00,240.37
2015-09-06 24:09:00,241.66
2015-09-07 01:09:00,241.85
2015-09-07 02:09:00,240.92
2015-09-07 03:09:00,240.19
2015-09-07 04:09:00,241.11
2015-09-07 05:09:00,241.54
2015-09-07 06:09:00,240.39
2015-09-07 07:09:00,241.67
2015-09-07 08:09:00,239.48
2015-09-07 09:09:00,238.96
2015-09-07 10:09:00,239.81
2015-09-07 11:09:00,239.05
2015-09-07 12:09:00,239.47
2015-09-07 13:09:00,240.14
2015-09-07 14:09:00,239.17
2015-09-07 15:09:00,240.04
2015-09-07 16:09:00,241.38
2015-09-07 17:09:00,241.16
2015-09-07 18:09:00,240.73
2015-09-07 19:09:00,240.37
2015-09-07 20:09:00,241.09
2015-09-07 21:09:00,240.49
2015-09-07 22:09:00,240.24
2015-09-07 23:09:00,240.3
2015-09-07 24:09:00,240.22
2015-09-08 01:09:00,241.28
2015-09-08 02:09:00,240.77
2015-09-08 03:09:00,240
2015-09-08 04:09:00,240.7
2015-09-08 05:09:00,242.33
2015-09-08 06:09:00,242.11
2015-09-08 07:09:00,242.77
2015-09-08 08:09:00,242.3
2015-09-08 09:09:00,243.67
2015-09-08 10:09:00,243.64
2015-09-08 11:09:00,245.02
2015-09-08 12:09:00,245.35
2015-09-08 13:09:00,245.4
2015-09-08 14:09:00,244.35
2015-09-08 15:09:00,244.36
2015-09-08 16:09:00,244.86
2015-09-08 17:09:00,244.44
2015-09-08 18:09:00,242.94
2015-09-08 19:09:00,242.66
2015-09-08 20:09:00,242.76
2015-09-08 21:09:00,242.97
2015-09-08 22:09:00,243.51
2015-09-08 23:09:00,243.73
2015-09-08 24:09:00,243.9
2015-09-09 01:09:00,243.79
2015-09-09 02:09:00,243.57
2015-09-09 03:09:00,247.31
2015-09-09 04:09:00,243.03
2015-09-09 05:09:00,242.98
2015-09-09 06:09:00,243.34
2015-09-09 07:09:00,245.3
2015-09-09 08:09:00,244.15
2015-09-09 09:09:00,243.12
2015-09-09 10:09:00,240.65
2015-09-09 11:09:00,240.2
2015-09-09 12:09:00,240.07
2015-09-09 13:09:00,239.24
2015-09-09 14:09:00,237.12
2015-09-09 15:09:00,238.48
2015-09-09 16:09:00,238.9
2015-09-09 17:09:00,239.49
2015-09-09 18:09:00,239.38
2015-09-09 19:09:00,239.11
2015-09-09 20:09:00,239.85
2015-09-09 21:09:00,240.52
2015-09-09 22:09:00,239.5
2015-09-09 23:09:00,239.97
2015-09-09 24:09:00,239.49
2015-09-10 01:09:00,238.29
2015-09-10 02:09:00,238.15
2015-09-10 03:09:00,238.27
2015-09-10 04:09:00,238.56
2015-09-10 05:09:00,237.54
2015-09-10 06:09:00,240.78
2015-09-10 07:09:00,238.99
2015-09-10 08:09:00,236.5
2015-09-10 09:09:00,235.63
2015-09-10 10:09:00,236.11
2015-09-10 11:09:00,237.98
2015-09-10 12:09:00,237.34
2015-09-10 13:09:00,238.38
2015-09-10 14:09:00,237.93
2015-09-10 15:09:00,238.8
2015-09-10 16:09:00,239.75
2015-09-10 17:09:00,240.67
2015-09-10 18:09:00,240.26
2015-09-10 19:09:00,239.37
2015-09-10 20:09:00,238.88
2015-09-10 21:09:00,238.61
2015-09-10 22:09:00,238.72
2015-09-10 23:09:00,238.64
2015-09-10 24:09:00,238.29
2015-09-11 01:09:00,238.75
2015-09-11 02:09:00,238.49
2015-09-11 03:09:00,238.84
2015-09-11 04:09:00,239.78
2015-09-11 05:09:00,240.43
2015-09-11 06:09:00,240.36
2015-09-11 07:09:00,240.13
2015-09-11 08:09:00,241.36
2015-09-11 09:09:00,240.1
2015-09-11 10:09:00,240.73
2015-09-11 11:09:00,240.92
2015-09-11 12:09:00,241.18
2015-09-11 13:09:00,240.21
2015-09-11 14:09:00,239.58
2015-09-11 15:09:00,239.76
2015-09-11 16:09:00,240.93
2015-09-11 17:09:00,239.22
2015-09-11 18:09:00,239.23
2015-09-11 19:09:00,240.18
2015-09-11 20:09:00,239.95
2015-09-11 21:09:00,240.6
2015-09-11 22:09:00,239.9
2015-09-11 23:09:00,239.7
2015-09-11 24:09:00,240.29
2015-09-12 01:09:00,240.16
2015-09-12 02:09:00,240.96
2015-09-12 03:09:00,240.94
2015-09-12 04:09:00,240.22
2015-09-12 05:09:00,240.3
2015-09-12 06:09:00,240.9
2015-09-12 07:09:00,239.89
2015-09-12 08:09:00,239.53
2015-09-12 09:09:00,240.25
2015-09-12 10:09:00,240.66
2015-09-12 11:09:00,239.34
2015-09-12 12:09:00,239.54
2015-09-12 13:09:00,239.49
2015-09-12 14:09:00,240.39
2015-09-12 15:09:00,240.07
2015-09-12 16:09:00,240.35
2015-09-12 17:09:00,241.72
2015-09-12 18:09:00,238.45
2015-09-12 19:09:00,239.21
2015-09-12 20:09:00,236.45
2015-09-12 21:09:00,235.3
2015-09-12 22:09:00,234.21
2015-09-12 23:09:00,234.83
2015-09-12 24:09:00,235.73
2015-09-13 01:09:00,236.11
2015-09-13 02:09:00,235.99
2015-09-13 03:09:00,235.7
2015-09-13 04:09:00,234.93
2015-09-13 05:09:00,235.07
2015-09-13 06:09:00,235.77
2015-09-13 07:09:00,237.85
2015-09-13 08:09:00,235.37
2015-09-13 09:09:00,235.43
2015-09-13 10:09:00,235.54
2015-09-13 11:09:00,235.08
2015-09-13 12:09:00,234.99
2015-09-13 13:09:00,233.47
2015-09-13 14:09:00,232.92
2015-09-13 15:09:00,233.28
2015-09-13 16:09:00,233.97
2015-09-13 17:09:00,233.9
2015-09-13 18:09:00,232.72
2015-09-13 19:09:00,232.2
2015-09-13 20:09:00,230
2015-09-13 21:09:00,229.81
2015-09-13 22:09:00,230.25
2015-09-13 23:09:00,229.58
2015-09-13 24:09:00,230.27
2015-09-14 01:09:00,229.21
2015-09-14 02:09:00,229.14
2015-09-14 03:09:00,230.65
2015-09-14 04:09:00,231.07
2015-09-14 05:09:00,228.29
2015-09-14 06:09:00,228.88
2015-09-14 07:09:00,229.59
2015-09-14 08:09:00,229.85
2015-09-14 09:09:00,229.61
2015-09-14 10:09:00,228.73
2015-09-14 11:09:00,229.13
2015-09-14 12:09:00,228.95
2015-09-14 13:09:00,228.55
2015-09-14 14:09:00,228.43
2015-09-14 15:09:00,228.71
2015-09-14 16:09:00,230.57
2015-09-14 17:09:00,230.86
2015-09-14 18:09:00,231.77
2015-09-14 19:09:00,231.58
2015-09-14 20:09:00,231.4
2015-09-14 21:09:00,231.62
2015-09-14 22:09:00,231.1
2015-09-14 23:09:00,231.26
2015-09-14 24:09:00,231.43
2015-09-15 01:09:00,232.01
2015-09-15 02:09:00,231.14
2015-09-15 03:09:00,232.12
2015-09-15 04:09:00,230.51
2015-09-15 05:09:00,234.21
2015-09-15 06:09:00,231.89
2015-09-15 07:09:00,230.75
2015-09-15 08:09:00,231.11
2015-09-15 09:09:00,231.11
2015-09-15 10:09:00,230.55
2015-09-15 11:09:00,229.55
2015-09-15 12:09:00,230.43
2015-09-15 13:09:00,230.74
2015-09-15 14:09:00,231.1
2015-09-15 15:09:00,229.97
2015-09-15 16:09:00,230.51
2015-09-15 17:09:00,230.89
2015-09-15 18:09:00,230.6
2015-09-15 19:09:00,229.57
2015-09-15 20:09:00,230.5
2015-09-15 21:09:00,230.3
2015-09-15 22:09:00,234.24
2015-09-15 23:09:00,230.15
2015-09-15 24:09:00,229.88
2015-09-16 01:09:00,230.02
2015-09-16 02:09:00,230.18
2015-09-16 03:09:00,230.35
2015-09-16 04:09:00,231.12
2015-09-16 05:09:00,230.85
2015-09-16 06:09:00,231.3
2015-09-16 07:09:00,231.69
2015-09-16 08:09:00,231.28
2015-09-16 09:09:00,231.68
2015-09-16 10:09:00,231.21
2015-09-16 11:09:00,229.96
2015-09-16 12:09:00,227.57
2015-09-16 13:09:00,227.3
2015-09-16 14:09:00,227.25
2015-09-16 15:09:00,226.64
2015-09-16 16:09:00,228.05
2015-09-16 17:09:00,229.37
2015-09-16 18:09:00,228.54
2015-09-16 19:09:00,227.72
2015-09-16 20:09:00,227.9
2015-09-16 21:09:00,228.48
2015-09-16 22:09:00,228.09
2015-09-16 23:09:00,228.24
2015-09-16 24:09:00,227.81
2015-09-17 01:09:00,228.69
2015-09-17 02:09:00,228.71
2015-09-17 03:09:00,229.18
2015-09-17 04:09:00,229.34
2015-09-17 05:09:00,230.16
2015-09-17 06:09:00,230.71
2015-09-17 07:09:00,229.98
2015-09-17 08:09:00,229.58
2015-09-17 09:09:00,230.84
2015-09-17 10:09:00,229.2
2015-09-17 11:09:00,228.86
2015-09-17 12:09:00,228.36
2015-09-17 13:09:00,228.52
2015-09-17 14:09:00,229
2015-09-17 15:09:00,229.47
2015-09-17 16:09:00,230.25
2015-09-17 17:09:00,231.25
2015-09-17 18:09:00,231.36
2015-09-17 19:09:00,232.38
2015-09-17 20:09:00,234.16
2015-09-17 21:09:00,234.22
2015-09-17 22:09:00,234.18
2015-09-17 23:09:00,233.4
2015-09-17 24:09:00,233.64
2015-09-18 01:09:00,233.37
2015-09-18 02:09:00,233.23
2015-09-18 03:09:00,233.27
2015-09-18 04:09:00,234.54
2015-09-18 05:09:00,233.56
2015-09-18 06:09:00,233.2
2015-09-18 07:09:00,233.32
2015-09-18 08:09:00,233.74
2015-09-18 09:09:00,233.71
2015-09-18 10:09:00,233.8
2015-09-18 11:09:00,233.96
2015-09-18 12:09:00,233.97
2015-09-18 13:09:00,233.82
2015-09-18 14:09:00,232.71
2015-09-18 15:09:00,232.06
2015-09-18 16:09:00,231.8
2015-09-18 17:09:00,233.38
2015-09-18 18:09:00,233.08
2015-09-18 19:09:00,233.07
2015-09-18 20:09:00,232.76
2015-09-18 21:09:00,232.32
2015-09-18 22:09:00,232.91
2015-09-18 23:09:00,232.81
2015-09-18 24:09:00,233.34
2015-09-19 01:09:00,233.25
2015-09-19 02:09:00,232.92
2015-09-19 03:09:00,233.38
2015-09-19 04:09:00,233.07
2015-09-19 05:09:00,232.49
2015-09-19 06:09:00,233.61
2015-09-19 07:09:00,232.61
2015-09-19 08:09:00,232.66
2015-09-19 09:09:00,232.2
2015-09-19 10:09:00,233.49
2015-09-19 11:09:00,232.52
2015-09-19 12:09:00,232.55
2015-09-19 13:09:00,233.21
2015-09-19 14:09:00,233.61
2015-09-19 15:09:00,231.96
2015-09-19 16:09:00,231.02
2015-09-19 17:09:00,231.89
2015-09-19 18:09:00,231.62
2015-09-19 19:09:00,231.35
2015-09-19 20:09:00,231.33
2015-09-19 21:09:00,231.83
2015-09-19 22:09:00,231.75
2015-09-19 23:09:00,231.97
2015-09-19 24:09:00,231.54
2015-09-20 01:09:00,231.98
2015-09-20 02:09:00,232.89
2015-09-20 03:09:00,231.79
2015-09-20 04:09:00,231.8
2015-09-20 05:09:00,232.12
2015-09-20 06:09:00,231.66
2015-09-20 07:09:00,231.49
2015-09-20 08:09:00,230.54
2015-09-20 09:09:00,230.49
2015-09-20 10:09:00,232.62
2015-09-20 11:09:00,232.04
2015-09-20 12:09:00,232.09
2015-09-20 13:09:00,231.82
2015-09-20 14:09:00,231.22
2015-09-20 15:09:00,231.58
2015-09-20 16:09:00,231.97
2015-09-20 17:09:00,230.93
2015-09-20 18:09:00,232.95
2015-09-20 19:09:00,231.55
2015-09-20 20:09:00,231.71
2015-09-20 21:09:00,232.17
2015-09-20 22:09:00,231.92
2015-09-20 23:09:00,231.86
2015-09-20 24:09:00,231.64
2015-09-21 01:09:00,231.95
2015-09-21 02:09:00,231.62
2015-09-21 03:09:00,230.77
2015-09-21 04:09:00,231.23
2015-09-21 05:09:00,231.65
2015-09-21 06:09:00,231.14
2015-09-21 07:09:00,231.2
2015-09-21 08:09:00,228.02
2015-09-21 09:09:00,227.99
2015-09-21 10:09:00,227.79
2015-09-21 11:09:00,226.97
2015-09-21 12:09:00,226.5
2015-09-21 13:09:00,227.73
2015-09-21 14:09:00,227.57
2015-09-21 15:09:00,228.05
2015-09-21 16:09:00,227.91
2015-09-21 17:09:00,228.38
2015-09-21 18:09:00,227.67
2015-09-21 19:09:00,227.91
2015-09-21 20:09:00,227.59
2015-09-21 21:09:00,227.62
2015-09-21 22:09:00,227.97
2015-09-21 23:09:00,228.1
2015-09-21 24:09:00,227.65
2015-09-22 01:09:00,227.2
2015-09-22 02:09:00,226.69
2015-09-22 03:09:00,227.1
2015-09-22 04:09:00,227.65
2015-09-22 05:09:00,227.77
2015-09-22 06:09:00,228.22
2015-09-22 07:09:00,227.01
2015-09-22 08:09:00,226.67
2015-09-22 09:09:00,227.03
2015-09-22 10:09:00,226.91
2015-09-22 11:09:00,225.08
2015-09-22 12:09:00,225.97
2015-09-22 13:09:00,230.54
2015-09-22 14:09:00,230.79
2015-09-22 15:09:00,230.93
2015-09-22 16:09:00,230.72
2015-09-22 17:09:00,229.9
2015-09-22 18:09:00,230.54
2015-09-22 19:09:00,230.54
2015-09-22 20:09:00,230.08
2015-09-22 21:09:00,230.57
2015-09-22 22:09:00,231.29
2015-09-22 23:09:00,230.88
2015-09-22 24:09:00,230.36
2015-09-23 01:09:00,230.08
2015-09-23 02:09:00,229.75
2015-09-23 03:09:00,231.46
2015-09-23 04:09:00,233.02
2015-09-23 05:09:00,232.36
2015-09-23 06:09:00,231.56
2015-09-23 07:09:00,231.68
2015-09-23 08:09:00,231.44
2015-09-23 09:09:00,231.75
2015-09-23 10:09:00,231.4
2015-09-23 11:09:00,231.07
2015-09-23 12:09:00,229.71
2015-09-23 13:09:00,229.64
2015-09-23 14:09:00,229.38
2015-09-23 15:09:00,229.9
2015-09-23 16:09:00,230.03
2015-09-23 17:09:00,232.64
2015-09-23 18:09:00,231.08
2015-09-23 19:09:00,229.93
2015-09-23 20:09:00,230.65
2015-09-23 21:09:00,230.96
2015-09-23 22:09:00,230.93
2015-09-23 23:09:00,230.99
2015-09-23 24:09:00,230.28
2015-09-24 01:09:00,230.07
2015-09-24 02:09:00,230.6
2015-09-24 03:09:00,230.74
2015-09-24 04:09:00,230.24
2015-09-24 05:09:00,230.93
2015-09-24 06:09:00,231.27
2015-09-24 07:09:00,231.05
2015-09-24 08:09:00,231.98
2015-09-24 09:09:00,232.39
2015-09-24 10:09:00,231.95
2015-09-24 11:09:00,230.96
2015-09-24 12:09:00,231.36
2015-09-24 13:09:00,230.88
2015-09-24 14:09:00,231.54
2015-09-24 15:09:00,231.37
2015-09-24 16:09:00,231.94
2015-09-24 17:09:00,232.39
2015-09-24 18:09:00,232.73
2015-09-24 19:09:00,233.37
2015-09-24 20:09:00,234.82
2015-09-24 21:09:00,234.78
2015-09-24 22:09:00,235.37
2015-09-24 23:09:00,235.96
2015-09-24 24:09:00,235.7
2015-09-25 01:09:00,234.12
2015-09-25 02:09:00,233.44
2015-09-25 03:09:00,234.83
2015-09-25 04:09:00,233.84
2015-09-25 05:09:00,234.15
2015-09-25 06:09:00,234.11
2015-09-25 07:09:00,233.75
2015-09-25 08:09:00,234.22
2015-09-25 09:09:00,235.04
2015-09-25 10:09:00,235.94
2015-09-25 11:09:00,236.43
2015-09-25 12:09:00,236.51
2015-09-25 13:09:00,236.63
2015-09-25 14:09:00,237.04
2015-09-25 15:09:00,236.97
2015-09-25 16:09:00,236.85
2015-09-25 17:09:00,235.55
2015-09-25 18:09:00,234.6
2015-09-25 19:09:00,235.56
2015-09-25 20:09:00,235.85
2015-09-25 21:09:00,235.83
2015-09-25 22:09:00,236.14
2015-09-25 23:09:00,235.75
2015-09-25 24:09:00,235.07
2015-09-26 01:09:00,235.97
2015-09-26 02:09:00,236.04
2015-09-26 03:09:00,235.27
2015-09-26 04:09:00,235.39
2015-09-26 05:09:00,235.49
2015-09-26 06:09:00,236.08
2015-09-26 07:09:00,235.07
2015-09-26 08:09:00,234.17
2015-09-26 09:09:00,234.62
2015-09-26 10:09:00,234.16
2015-09-26 11:09:00,234.11
2015-09-26 12:09:00,234.29
2015-09-26 13:09:00,233.81
2015-09-26 14:09:00,233.07
2015-09-26 15:09:00,234.15
2015-09-26 16:09:00,234.54
2015-09-26 17:09:00,235.43
2015-09-26 18:09:00,235.73
2015-09-26 19:09:00,234.43
2015-09-26 20:09:00,233.68
2015-09-26 21:09:00,233.65
2015-09-26 22:09:00,234.64
2015-09-26 23:09:00,234.76
2015-09-26 24:09:00,234.73
2015-09-27 01:09:00,234.52
2015-09-27 02:09:00,234.5
2015-09-27 03:09:00,234.28
2015-09-27 04:09:00,234.66
2015-09-27 05:09:00,235.07
2015-09-27 06:09:00,234.52
2015-09-27 07:09:00,234.5
2015-09-27 08:09:00,234.37
2015-09-27 09:09:00,235.46
2015-09-27 10:09:00,234.9
2015-09-27 11:09:00,234.52
2015-09-27 12:09:00,233.32
2015-09-27 13:09:00,233.56
2015-09-27 14:09:00,233.93
2015-09-27 15:09:00,233.09
2015-09-27 16:09:00,233.36
2015-09-27 17:09:00,233.66
2015-09-27 18:09:00,233.97
2015-09-27 19:09:00,232.96
2015-09-27 20:09:00,233
2015-09-27 21:09:00,232.73
2015-09-27 22:09:00,232.49
2015-09-27 23:09:00,234.01
2015-09-27 24:09:00,232.49
2015-09-28 01:09:00,232.25
2015-09-28 02:09:00,233.42
2015-09-28 03:09:00,233.29
2015-09-28 04:09:00,233.44
2015-09-28 05:09:00,235.03
2015-09-28 06:09:00,235.14
2015-09-28 07:09:00,237.27
2015-09-28 08:09:00,237.58
2015-09-28 09:09:00,237.52
2015-09-28 10:09:00,237.57
2015-09-28 11:09:00,238.4
2015-09-28 12:09:00,238.08
2015-09-28 13:09:00,238.04
2015-09-28 14:09:00,237.39
2015-09-28 15:09:00,238.05
2015-09-28 16:09:00,237.57
2015-09-28 17:09:00,239.14
2015-09-28 18:09:00,239.05
2015-09-28 19:09:00,238.68
2015-09-28 20:09:00,237.83
2015-09-28 21:09:00,237.43
2015-09-28 22:09:00,238.17
2015-09-28 23:09:00,237.41
2015-09-28 24:09:00,238.7
2015-09-29 01:09:00,238.98
2015-09-29 02:09:00,239.13
2015-09-29 03:09:00,239.61
2015-09-29 04:09:00,239.39
2015-09-29 05:09:00,241.06
2015-09-29 06:09:00,239.22
2015-09-29 07:09:00,238.8
2015-09-29 08:09:00,239.49
2015-09-29 09:09:00,240.08
2015-09-29 10:09:00,239.18
2015-09-29 11:09:00,238.59
2015-09-29 12:09:00,237.48
2015-09-29 13:09:00,237.05
2015-09-29 14:09:00,236.85
2015-09-29 15:09:00,236.11
2015-09-29 16:09:00,236.55
2015-09-29 17:09:00,237.25
2015-09-29 18:09:00,237.48
2015-09-29 19:09:00,238.09
2015-09-29 20:09:00,237.73
2015-09-29 21:09:00,237.86
2015-09-29 22:09:00,237.27
2015-09-29 23:09:00,237.3
2015-09-29 24:09:00,236.7
2015-09-30 01:09:00,237.3
2015-09-30 02:09:00,237.19
2015-09-30 03:09:00,236.91
2015-09-30 04:09:00,236.91
2015-09-30 05:09:00,237.34
2015-09-30 06:09:00,238.38
2015-09-30 07:09:00,239.63
2015-09-30 08:09:00,237.43
2015-09-30 09:09:00,237.62
2015-09-30 10:09:00,236.42
2015-09-30 11:09:00,235.51
2015-09-30 12:09:00,235.29
2015-09-30 13:09:00,235.68
2015-09-30 14:09:00,235.74
2015-09-30 15:09:00,235.83
2015-09-30 16:09:00,236.47
2015-09-30 17:09:00,236.66
2015-09-30 18:09:00,236.4
2015-09-30 19:09:00,236.8
2015-09-30 20:09:00,236.83
2015-09-30 21:09:00,237.19
2015-09-30 22:09:00,236.99
2015-09-30 23:09:00,236.43
2015-09-30 24:09:00,236.24
2015-10-01 01:10:00,236.29
2015-10-01 02:10:00,235.72
2015-10-01 03:10:00,240.16
2015-10-01 04:10:00,235.78
2015-10-01 05:10:00,236.31
2015-10-01 06:10:00,238.05
2015-10-01 07:10:00,236.68
2015-10-01 08:10:00,237.4
2015-10-01 09:10:00,238.55
2015-10-01 10:10:00,235.31
2015-10-01 11:10:00,235.5
2015-10-01 12:10:00,235.39
2015-10-01 13:10:00,236.13
2015-10-01 14:10:00,235.43
2015-10-01 15:10:00,236.2
2015-10-01 16:10:00,236.15
2015-10-01 17:10:00,236.32
2015-10-01 18:10:00,236.56
2015-10-01 19:10:00,238.27
2015-10-01 20:10:00,238.14
2015-10-01 21:10:00,238.19
2015-10-01 22:10:00,238.48
2015-10-01 23:10:00,238.13
2015-10-01 24:10:00,238.51
2015-10-02 01:10:00,237.27
2015-10-02 02:10:00,237.46
2015-10-02 03:10:00,237.94
2015-10-02 04:10:00,237.63
2015-10-02 05:10:00,237.96
2015-10-02 06:10:00,237.87
2015-10-02 07:10:00,237.84
2015-10-02 08:10:00,237.64
2015-10-02 09:10:00,238.61
2015-10-02 10:10:00,237.86
2015-10-02 11:10:00,238.16
2015-10-02 12:10:00,238.57
2015-10-02 13:10:00,237.9
2015-10-02 14:10:00,236.95
2015-10-02 15:10:00,236.48
2015-10-02 16:10:00,237.12
2015-10-02 17:10:00,237.32
2015-10-02 18:10:00,236.73
2015-10-02 19:10:00,236.93
2015-10-02 20:10:00,236.94
2015-10-02 21:10:00,236.79
2015-10-02 22:10:00,236.82
2015-10-02 23:10:00,236.92
2015-10-02 24:10:00,236.9
2015-10-03 01:10:00,236.91
2015-10-03 02:10:00,236.51
2015-10-03 03:10:00,236.66
2015-10-03 04:10:00,237.74
2015-10-03 05:10:00,239.58
2015-10-03 06:10:00,237.62
2015-10-03 07:10:00,238.25
2015-10-03 08:10:00,238.17
2015-10-03 09:10:00,238.01
2015-10-03 10:10:00,238.24
2015-10-03 11:10:00,236.88
2015-10-03 12:10:00,237.4
2015-10-03 13:10:00,239.01
2015-10-03 14:10:00,238.28
2015-10-03 15:10:00,240.51
2015-10-03 16:10:00,238.99
2015-10-03 17:10:00,239.45
2015-10-03 18:10:00,240.01
2015-10-03 19:10:00,239.37
2015-10-03 20:10:00,239.17
2015-10-03 21:10:00,239.01
2015-10-03 22:10:00,239.43
2015-10-03 23:10:00,239.29
2015-10-03 24:10:00,239.7
2015-10-04 01:10:00,239.77
2015-10-04 02:10:00,239.08
2015-10-04 03:10:00,239.26
2015-10-04 04:10:00,239.02
2015-10-04 05:10:00,239.37
2015-10-04 06:10:00,238.88
2015-10-04 07:10:00,242.29
2015-10-04 08:10:00,239.52
2015-10-04 09:10:00,239.85
2015-10-04 10:10:00,238.8
2015-10-04 11:10:00,238.91
2015-10-04 12:10:00,238.27
2015-10-04 13:10:00,238.98
2015-10-04 14:10:00,239.18
2015-10-04 15:10:00,238.17
2015-10-04 16:10:00,238.98
2015-10-04 17:10:00,238.8
2015-10-04 18:10:00,238.41
2015-10-04 19:10:00,238.42
2015-10-04 20:10:00,239.04
2015-10-04 21:10:00,238.94
2015-10-04 22:10:00,238.91
2015-10-04 23:10:00,238.78
2015-10-04 24:10:00,238.61
2015-10-05 01:10:00,241.48
2015-10-05 02:10:00,241.78
2015-10-05 03:10:00,238.53
2015-10-05 04:10:00,238.74
2015-10-05 05:10:00,242.67
2015-10-05 06:10:00,239.51
2015-10-05 07:10:00,238.61
2015-10-05 08:10:00,243.46
2015-10-05 09:10:00,242.16
2015-10-05 10:10:00,238.24
2015-10-05 11:10:00,237.62
2015-10-05 12:10:00,237.42
2015-10-05 13:10:00,237.59
2015-10-05 14:10:00,237.16
2015-10-05 15:10:00,237.53
2015-10-05 16:10:00,239.26
2015-10-05 17:10:00,239.85
2015-10-05 18:10:00,239.53
2015-10-05 19:10:00,238.47
2015-10-05 20:10:00,238.84
2015-10-05 21:10:00,239.28
2015-10-05 22:10:00,239.29
2015-10-05 23:10:00,240
2015-10-05 24:10:00,240.04
2015-10-06 01:10:00,239.82
2015-10-06 02:10:00,239.88
2015-10-06 03:10:00,239.02
2015-10-06 04:10:00,240.83
2015-10-06 05:10:00,242.64
2015-10-06 06:10:00,240.85
2015-10-06 07:10:00,240.44
2015-10-06 08:10:00,241.65
2015-10-06 09:10:00,240.84
2015-10-06 10:10:00,241.36
2015-10-06 11:10:00,240.84
2015-10-06 12:10:00,240.7
2015-10-06 13:10:00,240.79
2015-10-06 14:10:00,241.06
2015-10-06 15:10:00,240.88
2015-10-06 16:10:00,242.68
2015-10-06 17:10:00,245.07
2015-10-06 18:10:00,246.85
2015-10-06 19:10:00,246.36
2015-10-06 20:10:00,246.35
2015-10-06 21:10:00,246.22
2015-10-06 22:10:00,246.45
2015-10-06 23:10:00,247.04
2015-10-06 24:10:00,246.22
2015-10-07 01:10:00,249.9
2015-10-07 02:10:00,246.91
2015-10-07 03:10:00,246.85
2015-10-07 04:10:00,247.31
2015-10-07 05:10:00,247.4
2015-10-07 06:10:00,253.91
2015-10-07 07:10:00,247.76
2015-10-07 08:10:00,246.25
2015-10-07 09:10:00,246.12
2015-10-07 10:10:00,245.94
2015-10-07 11:10:00,245.45
2015-10-07 12:10:00,244.52
2015-10-07 13:10:00,244.21
2015-10-07 14:10:00,244.17
2015-10-07 15:10:00,245.1
2015-10-07 16:10:00,245.13
2015-10-07 17:10:00,245.15
2015-10-07 18:10:00,247.81
2015-10-07 19:10:00,244.88
2015-10-07 20:10:00,244.71
2015-10-07 21:10:00,245.1
2015-10-07 22:10:00,244.78
2015-10-07 23:10:00,245.21
2015-10-07 24:10:00,244.4
2015-10-08 01:10:00,243.65
2015-10-08 02:10:00,243.13
2015-10-08 03:10:00,242.56
2015-10-08 04:10:00,244.43
2015-10-08 05:10:00,244.05
2015-10-08 06:10:00,248.15
2015-10-08 07:10:00,246.85
2015-10-08 08:10:00,244.45
2015-10-08 09:10:00,244.32
2015-10-08 10:10:00,244.46
2015-10-08 11:10:00,244.6
2015-10-08 12:10:00,244.02
2015-10-08 13:10:00,242.8
2015-10-08 14:10:00,242.78
2015-10-08 15:10:00,243.98
2015-10-08 16:10:00,243.57
2015-10-08 17:10:00,243.97
2015-10-08 18:10:00,243.05
2015-10-08 19:10:00,243.62
2015-10-08 20:10:00,243.57
2015-10-08 21:10:00,243.69
2015-10-08 22:10:00,243.51
2015-10-08 23:10:00,243.54
2015-10-08 24:10:00,243.34
2015-10-09 01:10:00,242.78
2015-10-09 02:10:00,242.77
2015-10-09 03:10:00,242.25
2015-10-09 04:10:00,242.76
2015-10-09 05:10:00,244.13
2015-10-09 06:10:00,242.62
2015-10-09 07:10:00,245
2015-10-09 08:10:00,244.1
2015-10-09 09:10:00,244
2015-10-09 10:10:00,243.38
2015-10-09 11:10:00,242.72
2015-10-09 12:10:00,243.71
2015-10-09 13:10:00,242.52
2015-10-09 14:10:00,242.86
2015-10-09 15:10:00,243.86
2015-10-09 16:10:00,243.94
2015-10-09 17:10:00,244.2
2015-10-09 18:10:00,244.24
2015-10-09 19:10:00,244
2015-10-09 20:10:00,244.63
2015-10-09 21:10:00,244.21
2015-10-09 22:10:00,244.62
2015-10-09 23:10:00,244.17
2015-10-09 24:10:00,244.28
2015-10-10 01:10:00,249.19
2015-10-10 02:10:00,244.93
2015-10-10 03:10:00,244.57
2015-10-10 04:10:00,245.42
2015-10-10 05:10:00,244.85
2015-10-10 06:10:00,244.99
2015-10-10 07:10:00,245.25
2015-10-10 08:10:00,245.19
2015-10-10 09:10:00,244.4
2015-10-10 10:10:00,244.03
2015-10-10 11:10:00,244.85
2015-10-10 12:10:00,244.51
2015-10-10 13:10:00,243.89
2015-10-10 14:10:00,244.15
2015-10-10 15:10:00,243.94
2015-10-10 16:10:00,244.65
2015-10-10 17:10:00,244.83
2015-10-10 18:10:00,244.36
2015-10-10 19:10:00,245.03
2015-10-10 20:10:00,245.18
2015-10-10 21:10:00,245.62
2015-10-10 22:10:00,245.75
2015-10-10 23:10:00,245.12
2015-10-10 24:10:00,246.08
2015-10-11 01:10:00,245.78
2015-10-11 02:10:00,250.92
2015-10-11 03:10:00,245.48
2015-10-11 04:10:00,245.81
2015-10-11 05:10:00,245.48
2015-10-11 06:10:00,248.22
2015-10-11 07:10:00,245.22
2015-10-11 08:10:00,245.77
2015-10-11 09:10:00,245.46
2015-10-11 10:10:00,244.86
2015-10-11 11:10:00,245.62
2015-10-11 12:10:00,245
2015-10-11 13:10:00,244.72
2015-10-11 14:10:00,247.07
2015-10-11 15:10:00,246.81
2015-10-11 16:10:00,246.95
2015-10-11 17:10:00,250.29
2015-10-11 18:10:00,245.04
2015-10-11 19:10:00,245.82
2015-10-11 20:10:00,247.57
2015-10-11 21:10:00,247.88
2015-10-11 22:10:00,247.68
2015-10-11 23:10:00,247.28
2015-10-11 24:10:00,247.47
2015-10-12 01:10:00,247.83
2015-10-12 02:10:00,247.82
2015-10-12 03:10:00,247.73
2015-10-12 04:10:00,247.3
2015-10-12 05:10:00,247.43
2015-10-12 06:10:00,247.58
2015-10-12 07:10:00,249.6
2015-10-12 08:10:00,247.95
2015-10-12 09:10:00,247.98
2015-10-12 10:10:00,247.77
2015-10-12 11:10:00,246.39
2015-10-12 12:10:00,246.32
2015-10-12 13:10:00,247.52
2015-10-12 14:10:00,246.5
2015-10-12 15:10:00,246.47
2015-10-12 16:10:00,246.44
2015-10-12 17:10:00,245.63
2015-10-12 18:10:00,246.25
2015-10-12 19:10:00,245.95
2015-10-12 20:10:00,246.79
2015-10-12 21:10:00,246.17
2015-10-12 22:10:00,245.45
2015-10-12 23:10:00,245.53
2015-10-12 24:10:00,246.34
2015-10-13 01:10:00,245.95
2015-10-13 02:10:00,246.16
2015-10-13 03:10:00,245.75
2015-10-13 04:10:00,245.61
2015-10-13 05:10:00,244.7
2015-10-13 06:10:00,246.11
2015-10-13 07:10:00,244.67
2015-10-13 08:10:00,245.03
2015-10-13 09:10:00,245.08
2015-10-13 10:10:00,246
2015-10-13 11:10:00,246.99
2015-10-13 12:10:00,247.22
2015-10-13 13:10:00,247.17
2015-10-13 14:10:00,246.94
2015-10-13 15:10:00,250.16
2015-10-13 16:10:00,251.1
2015-10-13 17:10:00,249.77
2015-10-13 18:10:00,248.83
2015-10-13 19:10:00,248.88
2015-10-13 20:10:00,248.88
2015-10-13 21:10:00,249.44
2015-10-13 22:10:00,249.73
2015-10-13 23:10:00,250.1
2015-10-13 24:10:00,249.94
2015-10-14 01:10:00,249.19
2015-10-14 02:10:00,249.72
2015-10-14 03:10:00,250.83
2015-10-14 04:10:00,250.78
2015-10-14 05:10:00,254.91
2015-10-14 06:10:00,249.66
2015-10-14 07:10:00,249.31
2015-10-14 08:10:00,249.82
2015-10-14 09:10:00,250.18
2015-10-14 10:10:00,250.45
2015-10-14 11:10:00,250.68
2015-10-14 12:10:00,249.61
2015-10-14 13:10:00,249.36
2015-10-14 14:10:00,250.25
2015-10-14 15:10:00,250.11
2015-10-14 16:10:00,250.76
2015-10-14 17:10:00,251.8
2015-10-14 18:10:00,251.59
2015-10-14 19:10:00,252.86
2015-10-14 20:10:00,253.73
2015-10-14 21:10:00,254.05
2015-10-14 22:10:00,253.66
2015-10-14 23:10:00,252.9
2015-10-14 24:10:00,253.28
2015-10-15 01:10:00,253.53
2015-10-15 02:10:00,257.79
2015-10-15 03:10:00,252.51
2015-10-15 04:10:00,253.24
2015-10-15 05:10:00,258.39
2015-10-15 06:10:00,256.22
2015-10-15 07:10:00,254.87
2015-10-15 08:10:00,255.39
2015-10-15 09:10:00,255.24
2015-10-15 10:10:00,254.27
2015-10-15 11:10:00,253.58
2015-10-15 12:10:00,252.91
2015-10-15 13:10:00,253.84
2015-10-15 14:10:00,255.19
2015-10-15 15:10:00,255.36
2015-10-15 16:10:00,254.74
2015-10-15 17:10:00,255.57
2015-10-15 18:10:00,256.1
2015-10-15 19:10:00,255.23
2015-10-15 20:10:00,255.08
2015-10-15 21:10:00,255.08
2015-10-15 22:10:00,254.84
2015-10-15 23:10:00,254.73
2015-10-15 24:10:00,254.8
2015-10-16 01:10:00,254.92
2015-10-16 02:10:00,254.16
2015-10-16 03:10:00,254.86
2015-10-16 04:10:00,255.15
2015-10-16 05:10:00,257.27
2015-10-16 06:10:00,256.18
2015-10-16 07:10:00,255.8
2015-10-16 08:10:00,255.95
2015-10-16 09:10:00,256.25
2015-10-16 10:10:00,256.26
2015-10-16 11:10:00,257.39
2015-10-16 12:10:00,258.82
2015-10-16 13:10:00,260.19
2015-10-16 14:10:00,259.58
2015-10-16 15:10:00,260.18
2015-10-16 16:10:00,261.24
2015-10-16 17:10:00,260.99
2015-10-16 18:10:00,262.97
2015-10-16 19:10:00,264.48
2015-10-16 20:10:00,265.86
2015-10-16 21:10:00,264.08
2015-10-16 22:10:00,264.74
2015-10-16 23:10:00,264.9
2015-10-16 24:10:00,261.95
2015-10-17 01:10:00,261.64
2015-10-17 02:10:00,261.87
2015-10-17 03:10:00,269.78
2015-10-17 04:10:00,264.84
2015-10-17 05:10:00,265.59
2015-10-17 06:10:00,267.69
2015-10-17 07:10:00,268.27
2015-10-17 08:10:00,270.75
2015-10-17 09:10:00,269.25
2015-10-17 10:10:00,269.66
2015-10-17 11:10:00,268.59
2015-10-17 12:10:00,270.06
2015-10-17 13:10:00,270.8
2015-10-17 14:10:00,270.87
2015-10-17 15:10:00,270.39
2015-10-17 16:10:00,271.61
2015-10-17 17:10:00,273.81
2015-10-17 18:10:00,272.35
2015-10-17 19:10:00,272.67
2015-10-17 20:10:00,272.51
2015-10-17 21:10:00,269.68
2015-10-17 22:10:00,266.74
2015-10-17 23:10:00,267.03
2015-10-17 24:10:00,270.6
2015-10-18 01:10:00,270.21
2015-10-18 02:10:00,269.91
2015-10-18 03:10:00,274.4
2015-10-18 04:10:00,278.63
2015-10-18 05:10:00,271.7
2015-10-18 06:10:00,270.48
2015-10-18 07:10:00,270.36
2015-10-18 08:10:00,270.01
2015-10-18 09:10:00,270.98
2015-10-18 10:10:00,269.33
2015-10-18 11:10:00,269.6
2015-10-18 12:10:00,271.01
2015-10-18 13:10:00,267.23
2015-10-18 14:10:00,267.25
2015-10-18 15:10:00,265.7
2015-10-18 16:10:00,266.13
2015-10-18 17:10:00,265.19
2015-10-18 18:10:00,263.32
2015-10-18 19:10:00,262.97
2015-10-18 20:10:00,262.35
2015-10-18 21:10:00,264.45
2015-10-18 22:10:00,264.31
2015-10-18 23:10:00,266.94
2015-10-18 24:10:00,265.61
2015-10-19 01:10:00,263.68
2015-10-19 02:10:00,262.65
2015-10-19 03:10:00,261.83
2015-10-19 04:10:00,262.28
2015-10-19 05:10:00,266.44
2015-10-19 06:10:00,264.27
2015-10-19 07:10:00,266.5
2015-10-19 08:10:00,264.48
2015-10-19 09:10:00,262.46
2015-10-19 10:10:00,261.8
2015-10-19 11:10:00,262.61
2015-10-19 12:10:00,262.55
2015-10-19 13:10:00,262.84
2015-10-19 14:10:00,262.47
2015-10-19 15:10:00,263.49
2015-10-19 16:10:00,263.16
2015-10-19 17:10:00,264.53
2015-10-19 18:10:00,264.51
2015-10-19 19:10:00,263.9
2015-10-19 20:10:00,267.33
2015-10-19 21:10:00,268.41
2015-10-19 22:10:00,263.63
2015-10-19 23:10:00,263.46
2015-10-19 24:10:00,263.07
2015-10-20 01:10:00,262.27
2015-10-20 02:10:00,268.62
2015-10-20 03:10:00,269.95
2015-10-20 04:10:00,264.69
2015-10-20 05:10:00,265.05
2015-10-20 06:10:00,264.78
2015-10-20 07:10:00,264.44
2015-10-20 08:10:00,264.69
2015-10-20 09:10:00,265.99
2015-10-20 10:10:00,265.94
2015-10-20 11:10:00,266.72
2015-10-20 12:10:00,267.3
2015-10-20 13:10:00,266.14
2015-10-20 14:10:00,265.68
2015-10-20 15:10:00,265.95
2015-10-20 16:10:00,267.64
2015-10-20 17:10:00,267.7
2015-10-20 18:10:00,269.56
2015-10-20 19:10:00,271.74
2015-10-20 20:10:00,268.12
2015-10-20 21:10:00,270.19
2015-10-20 22:10:00,271.8
2015-10-20 23:10:00,271.2
2015-10-20 24:10:00,269.76
2015-10-21 01:10:00,272.85
2015-10-21 02:10:00,269.38
2015-10-21 03:10:00,270.16
2015-10-21 04:10:00,270.68
2015-10-21 05:10:00,272.67
2015-10-21 06:10:00,271.54
2015-10-21 07:10:00,270.53
2015-10-21 08:10:00,271.02
2015-10-21 09:10:00,269.22
2015-10-21 10:10:00,267.65
2015-10-21 11:10:00,267.75
2015-10-21 12:10:00,268.29
2015-10-21 13:10:00,265.54
2015-10-21 14:10:00,265.99
2015-10-21 15:10:00,266.32
2015-10-21 16:10:00,265.95
2015-10-21 17:10:00,265.76
2015-10-21 18:10:00,269.38
2015-10-21 19:10:00,268
2015-10-21 20:10:00,267.42
2015-10-21 21:10:00,267.83
2015-10-21 22:10:00,267.82
2015-10-21 23:10:00,268.56
2015-10-21 24:10:00,268.22
2015-10-22 01:10:00,267.64
2015-10-22 02:10:00,267.61
2015-10-22 03:10:00,267.4
2015-10-22 04:10:00,267.65
2015-10-22 05:10:00,268.03
2015-10-22 06:10:00,268.08
2015-10-22 07:10:00,267.8
2015-10-22 08:10:00,268.39
2015-10-22 09:10:00,268.77
2015-10-22 10:10:00,269.37
2015-10-22 11:10:00,271.09
2015-10-22 12:10:00,270.79
2015-10-22 13:10:00,273.74
2015-10-22 14:10:00,275.76
2015-10-22 15:10:00,276.76
2015-10-22 16:10:00,275.19
2015-10-22 17:10:00,274.53
2015-10-22 18:10:00,273.42
2015-10-22 19:10:00,273.51
2015-10-22 20:10:00,272.88
2015-10-22 21:10:00,273.72
2015-10-22 22:10:00,273.18
2015-10-22 23:10:00,275.78
2015-10-22 24:10:00,275
2015-10-23 01:10:00,274.42
2015-10-23 02:10:00,274.75
2015-10-23 03:10:00,274.2
2015-10-23 04:10:00,275.91
2015-10-23 05:10:00,275.38
2015-10-23 06:10:00,274.72
2015-10-23 07:10:00,274.74
2015-10-23 08:10:00,276.22
2015-10-23 09:10:00,278.09
2015-10-23 10:10:00,278.43
2015-10-23 11:10:00,278.6
2015-10-23 12:10:00,278.45
2015-10-23 13:10:00,277.14
2015-10-23 14:10:00,277.88
2015-10-23 15:10:00,277.84
2015-10-23 16:10:00,275.52
2015-10-23 17:10:00,277.63
2015-10-23 18:10:00,276.69
2015-10-23 19:10:00,277.63
2015-10-23 20:10:00,276.56
2015-10-23 21:10:00,280.32
2015-10-23 22:10:00,277.63
2015-10-23 23:10:00,277.35
2015-10-23 24:10:00,277.21
2015-10-24 01:10:00,276.93
2015-10-24 02:10:00,276.09
2015-10-24 03:10:00,283.26
2015-10-24 04:10:00,282.32
2015-10-24 05:10:00,279.81
2015-10-24 06:10:00,279.81
2015-10-24 07:10:00,280.48
2015-10-24 08:10:00,281.15
2015-10-24 09:10:00,281.31
2015-10-24 10:10:00,280.72
2015-10-24 11:10:00,279.99
2015-10-24 12:10:00,277.91
2015-10-24 13:10:00,280.18
2015-10-24 14:10:00,279.04
2015-10-24 15:10:00,280.83
2015-10-24 16:10:00,279.25
2015-10-24 17:10:00,281.81
2015-10-24 18:10:00,280.5
2015-10-24 19:10:00,280.53
2015-10-24 20:10:00,280.08
2015-10-24 21:10:00,279.91
2015-10-24 22:10:00,280.55
2015-10-24 23:10:00,279.89
2015-10-24 24:10:00,282.44
2015-10-25 02:10:00,282.12
2015-10-25 03:10:00,284.34
2015-10-25 03:10:00,285.56
2015-10-25 04:10:00,284.79
2015-10-25 05:10:00,287.1
2015-10-25 06:10:00,289.06
2015-10-25 07:10:00,289.39
2015-10-25 08:10:00,291.95
2015-10-25 09:10:00,290.51
2015-10-25 10:10:00,289.93
2015-10-25 11:10:00,289.22
2015-10-25 12:10:00,290.15
2015-10-25 13:10:00,290.5
2015-10-25 14:10:00,288.72
2015-10-25 15:10:00,289.3
2015-10-25 16:10:00,291.62
2015-10-25 17:10:00,294.38
2015-10-25 18:10:00,292.97
2015-10-25 19:10:00,292.38
2015-10-25 20:10:00,293.18
2015-10-25 21:10:00,292.74
2015-10-25 22:10:00,290.08
2015-10-25 23:10:00,286.27
2015-10-25 24:10:00,286.49
2015-10-26 01:10:00,287.56
2015-10-26 02:10:00,285.45
2015-10-26 03:10:00,285.99
2015-10-26 04:10:00,284.93
2015-10-26 05:10:00,284.4
2015-10-26 06:10:00,283.69
2015-10-26 07:10:00,281.99
2015-10-26 08:10:00,282.9
2015-10-26 09:10:00,282.88
2015-10-26 10:10:00,284.67
2015-10-26 11:10:00,283.64
2015-10-26 12:10:00,283.68
2015-10-26 13:10:00,281.69
2015-10-26 14:10:00,283.29
2015-10-26 15:10:00,284.67
2015-10-26 16:10:00,284.97
2015-10-26 17:10:00,287.23
2015-10-26 18:10:00,284.43
2015-10-26 19:10:00,284.27
2015-10-26 20:10:00,284.16
2015-10-26 21:10:00,283.98
2015-10-26 22:10:00,282.7
2015-10-26 23:10:00,285.29
2015-10-26 24:10:00,285.47
2015-10-27 01:10:00,284.89
2015-10-27 02:10:00,285.78
2015-10-27 03:10:00,290.35
2015-10-27 04:10:00,289.89
2015-10-27 05:10:00,293.26
2015-10-27 06:10:00,289.92
2015-10-27 07:10:00,288.73
2015-10-27 08:10:00,290.73
2015-10-27 09:10:00,290.89
2015-10-27 10:10:00,288.88
2015-10-27 11:10:00,289.43
2015-10-27 12:10:00,288.85
2015-10-27 13:10:00,289.96
2015-10-27 14:10:00,290.57
2015-10-27 15:10:00,293.49
2015-10-27 16:10:00,294.96
2015-10-27 17:10:00,295.86
2015-10-27 18:10:00,294.11
2015-10-27 19:10:00,295.52
2015-10-27 20:10:00,294.76
2015-10-27 21:10:00,294.86
2015-10-27 22:10:00,295.68
2015-10-27 23:10:00,295.22
2015-10-27 24:10:00,295.25
2015-10-28 01:10:00,294.76
2015-10-28 02:10:00,297.56
2015-10-28 03:10:00,298.91
2015-10-28 04:10:00,298.92
2015-10-28 05:10:00,300.66
2015-10-28 06:10:00,302.11
2015-10-28 07:10:00,302.06
2015-10-28 08:10:00,300.51
2015-10-28 09:10:00,300.17
2015-10-28 10:10:00,300.03
2015-10-28 11:10:00,301.17
2015-10-28 12:10:00,301.95
2015-10-28 13:10:00,301.24
2015-10-28 14:10:00,302.05
2015-10-28 15:10:00,302.71
2015-10-28 16:10:00,303.93
2015-10-28 17:10:00,305.97
2015-10-28 18:10:00,301.46
2015-10-28 19:10:00,299.58
2015-10-28 20:10:00,299.36
2015-10-28 21:10:00,301.61
2015-10-28 22:10:00,300.45
2015-10-28 23:10:00,305.13
2015-10-28 24:10:00,304.97
2015-10-29 01:10:00,303.54
2015-10-29 02:10:00,306.19
2015-10-29 03:10:00,304.4
2015-10-29 04:10:00,304.26
2015-10-29 05:10:00,305.67
2015-10-29 06:10:00,305.86
2015-10-29 07:10:00,306.78
2015-10-29 08:10:00,306.8
2015-10-29 09:10:00,306.07
2015-10-29 10:10:00,307.01
2015-10-29 11:10:00,307.02
2015-10-29 12:10:00,309.27
2015-10-29 13:10:00,309.32
2015-10-29 14:10:00,309.2
2015-10-29 15:10:00,310.91
2015-10-29 16:10:00,313.94
2015-10-29 17:10:00,315.42
2015-10-29 18:10:00,317.15
2015-10-29 19:10:00,312.69
2015-10-29 20:10:00,308.57
2015-10-29 21:10:00,311.51
2015-10-29 22:10:00,311.82
2015-10-29 23:10:00,312.54
2015-10-29 24:10:00,313.92
2015-10-30 01:10:00,316.39
2015-10-30 02:10:00,313.35
2015-10-30 03:10:00,317.16
2015-10-30 04:10:00,322.32
2015-10-30 05:10:00,324.84
2015-10-30 06:10:00,328.56
2015-10-30 07:10:00,327.73
2015-10-30 08:10:00,327.52
2015-10-30 09:10:00,331.58
2015-10-30 10:10:00,330.03
2015-10-30 11:10:00,329.61
2015-10-30 12:10:00,325.62
2015-10-30 13:10:00,325.94
2015-10-30 14:10:00,321.73
2015-10-30 15:10:00,316.89
2015-10-30 16:10:00,321.06
2015-10-30 17:10:00,321.17
2015-10-30 18:10:00,321.87
2015-10-30 19:10:00,324.95
2015-10-30 20:10:00,326.18
2015-10-30 21:10:00,326.37
2015-10-30 22:10:00,325.69
2015-10-30 23:10:00,322.12
2015-10-30 24:10:00,322.1
2015-10-31 01:10:00,325.95
2015-10-31 02:10:00,330.41
2015-10-31 03:10:00,332.76
2015-10-31 04:10:00,331.95
2015-10-31 05:10:00,332.57
2015-10-31 06:10:00,326.58
2015-10-31 07:10:00,325.83
2015-10-31 08:10:00,324.32
2015-10-31 09:10:00,327.69
2015-10-31 10:10:00,327.94
2015-10-31 11:10:00,327.85
2015-10-31 12:10:00,324.9
2015-10-31 13:10:00,323.38
2015-10-31 14:10:00,322.51
2015-10-31 15:10:00,324.64
2015-10-31 16:10:00,325.47
2015-10-31 17:10:00,321
2015-10-31 18:10:00,319.99
2015-10-31 19:10:00,317.73
2015-10-31 20:10:00,311.2
2015-10-31 21:10:00,313.67
2015-10-31 22:10:00,313.81
2015-10-31 23:10:00,309.01
2015-10-31 24:10:00,312.76
2015-11-01 01:11:00,313.44
2015-11-01 02:11:00,314.98
2015-11-01 03:11:00,316.23
2015-11-01 04:11:00,312.91
2015-11-01 05:11:00,311.57
2015-11-01 06:11:00,315.62
2015-11-01 07:11:00,318.23
2015-11-01 08:11:00,319.03
2015-11-01 09:11:00,317.5
2015-11-01 10:11:00,316.64
2015-11-01 11:11:00,317.93
2015-11-01 12:11:00,318.55
2015-11-01 13:11:00,319.42
2015-11-01 14:11:00,314.55
2015-11-01 15:11:00,316.63
2015-11-01 16:11:00,316.29
2015-11-01 17:11:00,314.12
2015-11-01 18:11:00,314.87
2015-11-01 19:11:00,312.49
2015-11-01 20:11:00,308.3
2015-11-01 21:11:00,313.74
2015-11-01 22:11:00,320.19
2015-11-01 23:11:00,316.76
2015-11-01 24:11:00,323.98
2015-11-02 01:11:00,327
2015-11-02 02:11:00,325.98
2015-11-02 03:11:00,328.76
2015-11-02 04:11:00,326.73
2015-11-02 05:11:00,327.97
2015-11-02 06:11:00,327.5
2015-11-02 07:11:00,334.42
2015-11-02 08:11:00,325.1
2015-11-02 09:11:00,327.79
2015-11-02 10:11:00,327.71
2015-11-02 11:11:00,330.01
2015-11-02 12:11:00,327.78
2015-11-02 13:11:00,330.2
2015-11-02 14:11:00,336.36
2015-11-02 15:11:00,335.61
2015-11-02 16:11:00,335.54
2015-11-02 17:11:00,335.62
2015-11-02 18:11:00,334.59
2015-11-02 19:11:00,334.03
2015-11-02 20:11:00,338.43
2015-11-02 21:11:00,343.01
2015-11-02 22:11:00,350.96
2015-11-02 23:11:00,350.06
2015-11-02 24:11:00,361.37
2015-11-03 01:11:00,363.95
2015-11-03 02:11:00,362.74
2015-11-03 03:11:00,360.95
2015-11-03 04:11:00,364.35
2015-11-03 05:11:00,365.6
2015-11-03 06:11:00,373.4
2015-11-03 07:11:00,374.58
2015-11-03 08:11:00,371.99
2015-11-03 09:11:00,369.86
2015-11-03 10:11:00,369.06
2015-11-03 11:11:00,371.25
2015-11-03 12:11:00,378.03
2015-11-03 13:11:00,371.26
2015-11-03 14:11:00,375.96
2015-11-03 15:11:00,387.61
2015-11-03 16:11:00,389.74
2015-11-03 17:11:00,389.43
2015-11-03 18:11:00,392.77
2015-11-03 19:11:00,401.37
2015-11-03 20:11:00,409.8
2015-11-03 21:11:00,415.7
2015-11-03 22:11:00,389.81
2015-11-03 23:11:00,397.64
2015-11-03 24:11:00,396.9
2015-11-04 01:11:00,398.22
2015-11-04 02:11:00,407.92
2015-11-04 03:11:00,411.75
2015-11-04 04:11:00,422.75
2015-11-04 05:11:00,430.53
2015-11-04 06:11:00,437.47
2015-11-04 07:11:00,439.59
2015-11-04 08:11:00,438.29
2015-11-04 09:11:00,426.22
2015-11-04 10:11:00,436.01
2015-11-04 11:11:00,427.61
2015-11-04 12:11:00,436.16
2015-11-04 13:11:00,450.72
2015-11-04 14:11:00,465.94
2015-11-04 15:11:00,483.11
2015-11-04 16:11:00,479.34
2015-11-04 17:11:00,484.29
2015-11-04 18:11:00,479.95
2015-11-04 19:11:00,478.32
2015-11-04 20:11:00,455.17
2015-11-04 21:11:00,467.8
2015-11-04 22:11:00,467.65
2015-11-04 23:11:00,455.34
2015-11-04 24:11:00,424.03
2015-11-05 01:11:00,391.49
2015-11-05 02:11:00,397.09
2015-11-05 03:11:00,402.86
2015-11-05 04:11:00,427.07
2015-11-05 05:11:00,439.02
2015-11-05 06:11:00,431.68
2015-11-05 07:11:00,417.64
2015-11-05 08:11:00,388.71
2015-11-05 09:11:00,392.79
2015-11-05 10:11:00,390.88
2015-11-05 11:11:00,377.95
2015-11-05 12:11:00,378.63
2015-11-05 13:11:00,393.1
2015-11-05 14:11:00,387.99
2015-11-05 15:11:00,394.27
2015-11-05 16:11:00,399.95
2015-11-05 17:11:00,396.48
2015-11-05 18:11:00,391.72
2015-11-05 19:11:00,395.99
2015-11-05 20:11:00,399.65
2015-11-05 21:11:00,407.95
2015-11-05 22:11:00,408.64
2015-11-05 23:11:00,405.61
2015-11-05 24:11:00,395.75
2015-11-06 01:11:00,386.27
2015-11-06 02:11:00,383.3
2015-11-06 03:11:00,372.26
2015-11-06 04:11:00,364.05
2015-11-06 05:11:00,366.68
2015-11-06 06:11:00,359.48
2015-11-06 07:11:00,355.78
2015-11-06 08:11:00,359.32
2015-11-06 09:11:00,365.33
2015-11-06 10:11:00,373.97
2015-11-06 11:11:00,367.12
2015-11-06 12:11:00,368.66
2015-11-06 13:11:00,368.45
2015-11-06 14:11:00,373.31
2015-11-06 15:11:00,374.24
2015-11-06 16:11:00,374.66
2015-11-06 17:11:00,377.14
2015-11-06 18:11:00,386.65
2015-11-06 19:11:00,392.04
2015-11-06 20:11:00,391.35
2015-11-06 21:11:00,377.54
2015-11-06 22:11:00,367.72
2015-11-06 23:11:00,369.64
2015-11-06 24:11:00,373.99
2015-11-07 01:11:00,374.08
2015-11-07 02:11:00,372.85
2015-11-07 03:11:00,381.38
2015-11-07 04:11:00,377.09
2015-11-07 05:11:00,379.28
2015-11-07 06:11:00,379.7
2015-11-07 07:11:00,381.12
2015-11-07 08:11:00,383.6
2015-11-07 09:11:00,383.78
2015-11-07 10:11:00,380
2015-11-07 11:11:00,381.22
2015-11-07 12:11:00,388.01
2015-11-07 13:11:00,389.43
2015-11-07 14:11:00,387.59
2015-11-07 15:11:00,387.18
2015-11-07 16:11:00,385.43
2015-11-07 17:11:00,386.62
2015-11-07 18:11:00,381.02
2015-11-07 19:11:00,383.03
2015-11-07 20:11:00,385.96
2015-11-07 21:11:00,387.08
2015-11-07 22:11:00,386.5
2015-11-07 23:11:00,384.25
2015-11-07 24:11:00,384.84
2015-11-08 01:11:00,385.53
2015-11-08 02:11:00,384.76
2015-11-08 03:11:00,390.27
2015-11-08 04:11:00,387.71
2015-11-08 05:11:00,387.92
2015-11-08 06:11:00,386.91
2015-11-08 07:11:00,387.09
2015-11-08 08:11:00,385.99
2015-11-08 09:11:00,384.63
2015-11-08 10:11:00,379.8
2015-11-08 11:11:00,383.75
2015-11-08 12:11:00,383.61
2015-11-08 13:11:00,385.42
2015-11-08 14:11:00,384.34
2015-11-08 15:11:00,383.25
2015-11-08 16:11:00,382.99
2015-11-08 17:11:00,383.04
2015-11-08 18:11:00,385.77
2015-11-08 19:11:00,385.34
2015-11-08 20:11:00,382.63
2015-11-08 21:11:00,382.71
2015-11-08 22:11:00,379.6
2015-11-08 23:11:00,379
2015-11-08 24:11:00,371.58
2015-11-09 01:11:00,372.29
2015-11-09 02:11:00,371.65
2015-11-09 03:11:00,365.27
2015-11-09 04:11:00,364.25
2015-11-09 05:11:00,368.91
2015-11-09 06:11:00,372
2015-11-09 07:11:00,370.15
2015-11-09 08:11:00,368.32
2015-11-09 09:11:00,370.79
2015-11-09 10:11:00,367.84
2015-11-09 11:11:00,369.76
2015-11-09 12:11:00,370.8
2015-11-09 13:11:00,376.16
2015-11-09 14:11:00,383.24
2015-11-09 15:11:00,381.8
2015-11-09 16:11:00,382.82
2015-11-09 17:11:00,384.62
2015-11-09 18:11:00,380.5
2015-11-09 19:11:00,376.64
2015-11-09 20:11:00,376.8
2015-11-09 21:11:00,379.74
2015-11-09 22:11:00,379.32
2015-11-09 23:11:00,377.49
2015-11-09 24:11:00,379.04
2015-11-10 01:11:00,381.1
2015-11-10 02:11:00,375.24
2015-11-10 03:11:00,374.6
2015-11-10 04:11:00,376.5
2015-11-10 05:11:00,378.09
2015-11-10 06:11:00,376.27
2015-11-10 07:11:00,378.18
2015-11-10 08:11:00,380.62
2015-11-10 09:11:00,379.99
2015-11-10 10:11:00,378.93
2015-11-10 11:11:00,377.22
2015-11-10 12:11:00,377.02
2015-11-10 13:11:00,376.1
2015-11-10 14:11:00,373.72
2015-11-10 15:11:00,371.98
2015-11-10 16:11:00,361.44
2015-11-10 17:11:00,356.94
2015-11-10 18:11:00,354.34
2015-11-10 19:11:00,357.78
2015-11-10 20:11:00,354
2015-11-10 21:11:00,354.72
2015-11-10 22:11:00,353.97
2015-11-10 23:11:00,348.64
2015-11-10 24:11:00,335.49
2015-11-11 01:11:00,332.83
2015-11-11 02:11:00,338.04
2015-11-11 03:11:00,333.1
2015-11-11 04:11:00,320.25
2015-11-11 05:11:00,307.23
2015-11-11 06:11:00,315.59
2015-11-11 07:11:00,314.72
2015-11-11 08:11:00,313.39
2015-11-11 09:11:00,313.23
2015-11-11 10:11:00,313.23
2015-11-11 11:11:00,321.61
2015-11-11 12:11:00,324.91
2015-11-11 13:11:00,319.19
2015-11-11 14:11:00,318.68
2015-11-11 15:11:00,323.06
2015-11-11 16:11:00,319.68
2015-11-11 17:11:00,311.26
2015-11-11 18:11:00,309.35
2015-11-11 19:11:00,310.5
2015-11-11 20:11:00,311.59
2015-11-11 21:11:00,310.85
2015-11-11 22:11:00,313.04
2015-11-11 23:11:00,311.34
2015-11-11 24:11:00,304.55
2015-11-12 01:11:00,305.74
2015-11-12 02:11:00,313.23
2015-11-12 03:11:00,317.85
2015-11-12 04:11:00,319.96
2015-11-12 05:11:00,318.13
2015-11-12 06:11:00,319.77
2015-11-12 07:11:00,319.61
2015-11-12 08:11:00,328.39
2015-11-12 09:11:00,331.1
2015-11-12 10:11:00,332.86
2015-11-12 11:11:00,334.71
2015-11-12 12:11:00,342.26
2015-11-12 13:11:00,334.15
2015-11-12 14:11:00,334.31
2015-11-12 15:11:00,330.46
2015-11-12 16:11:00,326.28
2015-11-12 17:11:00,330.14
2015-11-12 18:11:00,328.34
2015-11-12 19:11:00,326.47
2015-11-12 20:11:00,329.51
2015-11-12 21:11:00,329.56
2015-11-12 22:11:00,329.53
2015-11-12 23:11:00,326.57
2015-11-12 24:11:00,327.3
2015-11-13 01:11:00,333.84
2015-11-13 02:11:00,335.87
2015-11-13 03:11:00,338.91
2015-11-13 04:11:00,340.3
2015-11-13 05:11:00,338.49
2015-11-13 06:11:00,338.46
2015-11-13 07:11:00,339.28
2015-11-13 08:11:00,338.97
2015-11-13 09:11:00,339.12
2015-11-13 10:11:00,332.35
2015-11-13 11:11:00,328.11
2015-11-13 12:11:00,330.1
2015-11-13 13:11:00,328.83
2015-11-13 14:11:00,327.28
2015-11-13 15:11:00,328.29
2015-11-13 16:11:00,333.07
2015-11-13 17:11:00,331.17
2015-11-13 18:11:00,331.74
2015-11-13 19:11:00,330.1
2015-11-13 20:11:00,331.44
2015-11-13 21:11:00,332.14
2015-11-13 22:11:00,331.45
2015-11-13 23:11:00,332.82
2015-11-13 24:11:00,333.04
2015-11-14 01:11:00,338.1
2015-11-14 02:11:00,336.49
2015-11-14 03:11:00,335.15
2015-11-14 04:11:00,345.59
2015-11-14 05:11:00,338.02
2015-11-14 06:11:00,334.89
2015-11-14 07:11:00,336.75
2015-11-14 08:11:00,336.54
2015-11-14 09:11:00,333.93
2015-11-14 10:11:00,334.33
2015-11-14 11:11:00,334.36
2015-11-14 12:11:00,334.72
2015-11-14 13:11:00,334.19
2015-11-14 14:11:00,332.19
2015-11-14 15:11:00,331.08
2015-11-14 16:11:00,330.5
2015-11-14 17:11:00,331.52
2015-11-14 18:11:00,334.5
2015-11-14 19:11:00,332.53
2015-11-14 20:11:00,331.42
2015-11-14 21:11:00,332.69
2015-11-14 22:11:00,332.61
2015-11-14 23:11:00,340.64
2015-11-14 24:11:00,332.65
2015-11-15 01:11:00,335.54
2015-11-15 02:11:00,335.52
2015-11-15 03:11:00,333.68
2015-11-15 04:11:00,335.14
2015-11-15 05:11:00,336.61
2015-11-15 06:11:00,333.7
2015-11-15 07:11:00,333.41
2015-11-15 08:11:00,335.02
2015-11-15 09:11:00,333.77
2015-11-15 10:11:00,332.42
2015-11-15 11:11:00,333.4
2015-11-15 12:11:00,333.69
2015-11-15 13:11:00,332.72
2015-11-15 14:11:00,333.66
2015-11-15 15:11:00,333.29
2015-11-15 16:11:00,322.83
2015-11-15 17:11:00,320.24
2015-11-15 18:11:00,321.06
2015-11-15 19:11:00,324.13
2015-11-15 20:11:00,322.86
2015-11-15 21:11:00,324.79
2015-11-15 22:11:00,323.82
2015-11-15 23:11:00,322.5
2015-11-15 24:11:00,319.72
2015-11-16 01:11:00,319.06
2015-11-16 02:11:00,319.28
2015-11-16 03:11:00,320.97
2015-11-16 04:11:00,317.3
2015-11-16 05:11:00,317.64
2015-11-16 06:11:00,318.79
2015-11-16 07:11:00,320.03
2015-11-16 08:11:00,320.05
2015-11-16 09:11:00,319.89
2015-11-16 10:11:00,320.63
2015-11-16 11:11:00,320.4
2015-11-16 12:11:00,319.54
2015-11-16 13:11:00,318.79
2015-11-16 14:11:00,318.44
2015-11-16 15:11:00,318.69
2015-11-16 16:11:00,319.43
2015-11-16 17:11:00,320.37
2015-11-16 18:11:00,321.82
2015-11-16 19:11:00,320.61
2015-11-16 20:11:00,328.79
2015-11-16 21:11:00,329.6
2015-11-16 22:11:00,328.51
2015-11-16 23:11:00,329.34
2015-11-16 24:11:00,331.14
2015-11-17 01:11:00,329.78
2015-11-17 02:11:00,330.29
2015-11-17 03:11:00,331.91
2015-11-17 04:11:00,338.05
2015-11-17 05:11:00,339
2015-11-17 06:11:00,336.86
2015-11-17 07:11:00,335.54
2015-11-17 08:11:00,334.98
2015-11-17 09:11:00,334.88
2015-11-17 10:11:00,333.92
2015-11-17 11:11:00,332.35
2015-11-17 12:11:00,332.77
2015-11-17 13:11:00,331.41
2015-11-17 14:11:00,335.3
2015-11-17 15:11:00,336.42
2015-11-17 16:11:00,332.73
2015-11-17 17:11:00,334.1
2015-11-17 18:11:00,333.69
2015-11-17 19:11:00,333.57
2015-11-17 20:11:00,333.89
2015-11-17 21:11:00,337.71
2015-11-17 22:11:00,338.92
2015-11-17 23:11:00,333.82
2015-11-17 24:11:00,335.61
2015-11-18 01:11:00,335.5
2015-11-18 02:11:00,333.51
2015-11-18 03:11:00,335.48
2015-11-18 04:11:00,337.07
2015-11-18 05:11:00,334.28
2015-11-18 06:11:00,333.22
2015-11-18 07:11:00,334.81
2015-11-18 08:11:00,331.24
2015-11-18 09:11:00,332.51
2015-11-18 10:11:00,332.51
2015-11-18 11:11:00,332.23
2015-11-18 12:11:00,333.48
2015-11-18 13:11:00,331.88
2015-11-18 14:11:00,332.38
2015-11-18 15:11:00,333.79
2015-11-18 16:11:00,333.3
2015-11-18 17:11:00,334.1
2015-11-18 18:11:00,333.09
2015-11-18 19:11:00,333.11
2015-11-18 20:11:00,333.5
2015-11-18 21:11:00,333.49
2015-11-18 22:11:00,334.05
2015-11-18 23:11:00,340.27
2015-11-18 24:11:00,337.75
2015-11-19 01:11:00,336.07
2015-11-19 02:11:00,334.51
2015-11-19 03:11:00,337.15
2015-11-19 04:11:00,333.77
2015-11-19 05:11:00,333.98
2015-11-19 06:11:00,334.9
2015-11-19 07:11:00,334.12
2015-11-19 08:11:00,334.35
2015-11-19 09:11:00,333.37
2015-11-19 10:11:00,333.44
2015-11-19 11:11:00,334.94
2015-11-19 12:11:00,334.74
2015-11-19 13:11:00,332.72
2015-11-19 14:11:00,334
2015-11-19 15:11:00,328.14
2015-11-19 16:11:00,327.81
2015-11-19 17:11:00,327.31
2015-11-19 18:11:00,326.41
2015-11-19 19:11:00,326.33
2015-11-19 20:11:00,327.1
2015-11-19 21:11:00,328.16
2015-11-19 22:11:00,327.55
2015-11-19 23:11:00,328
2015-11-19 24:11:00,327.41
2015-11-20 01:11:00,325.71
2015-11-20 02:11:00,326.43
2015-11-20 03:11:00,322.04
2015-11-20 04:11:00,314.5
2015-11-20 05:11:00,314.25
2015-11-20 06:11:00,316.82
2015-11-20 07:11:00,316.71
2015-11-20 08:11:00,316.57
2015-11-20 09:11:00,317.24
2015-11-20 10:11:00,318.11
2015-11-20 11:11:00,318.1
2015-11-20 12:11:00,320.49
2015-11-20 13:11:00,320.64
2015-11-20 14:11:00,322.5
2015-11-20 15:11:00,322.65
2015-11-20 16:11:00,322.03
2015-11-20 17:11:00,322.08
2015-11-20 18:11:00,321.52
2015-11-20 19:11:00,321.53
2015-11-20 20:11:00,321.13
2015-11-20 21:11:00,319.63
2015-11-20 22:11:00,319.79
2015-11-20 23:11:00,320.99
2015-11-20 24:11:00,321.12
2015-11-21 01:11:00,321.38
2015-11-21 02:11:00,323.56
2015-11-21 03:11:00,322
2015-11-21 04:11:00,319.7
2015-11-21 05:11:00,320.73
2015-11-21 06:11:00,322.93
2015-11-21 07:11:00,322.87
2015-11-21 08:11:00,325.72
2015-11-21 09:11:00,327.31
2015-11-21 10:11:00,327.05
2015-11-21 11:11:00,327.12
2015-11-21 12:11:00,327.73
2015-11-21 13:11:00,327.14
2015-11-21 14:11:00,327.34
2015-11-21 15:11:00,326.92
2015-11-21 16:11:00,326.35
2015-11-21 17:11:00,325.63
2015-11-21 18:11:00,326.98
2015-11-21 19:11:00,327.62
2015-11-21 20:11:00,325.63
2015-11-21 21:11:00,327.31
2015-11-21 22:11:00,330.3
2015-11-21 23:11:00,324.86
2015-11-21 24:11:00,329.03
2015-11-22 01:11:00,324.42
2015-11-22 02:11:00,329.03
2015-11-22 03:11:00,330.48
2015-11-22 04:11:00,328.95
2015-11-22 05:11:00,329.24
2015-11-22 06:11:00,326.37
2015-11-22 07:11:00,326.81
2015-11-22 08:11:00,325.42
2015-11-22 09:11:00,325.73
2015-11-22 10:11:00,325.62
2015-11-22 11:11:00,324.85
2015-11-22 12:11:00,326.58
2015-11-22 13:11:00,325.15
2015-11-22 14:11:00,321.77
2015-11-22 15:11:00,322.47
2015-11-22 16:11:00,321.41
2015-11-22 17:11:00,321.98
2015-11-22 18:11:00,322.4
2015-11-22 19:11:00,322.48
2015-11-22 20:11:00,323.76
2015-11-22 21:11:00,324.23
2015-11-22 22:11:00,324.38
2015-11-22 23:11:00,322.78
2015-11-22 24:11:00,324.06
2015-11-23 01:11:00,327.73
2015-11-23 02:11:00,323.01
2015-11-23 03:11:00,325.75
2015-11-23 04:11:00,323.22
2015-11-23 05:11:00,324.81
2015-11-23 06:11:00,322.54
2015-11-23 07:11:00,322.89
2015-11-23 08:11:00,323.88
2015-11-23 09:11:00,322.42
2015-11-23 10:11:00,321.45
2015-11-23 11:11:00,321.43
2015-11-23 12:11:00,322.1
2015-11-23 13:11:00,323.4
2015-11-23 14:11:00,323.15
2015-11-23 15:11:00,323.79
2015-11-23 16:11:00,324.06
2015-11-23 17:11:00,325.11
2015-11-23 18:11:00,325.7
2015-11-23 19:11:00,323.46
2015-11-23 20:11:00,326.85
2015-11-23 21:11:00,323.15
2015-11-23 22:11:00,327.76
2015-11-23 23:11:00,323.02
2015-11-23 24:11:00,323.13
2015-11-24 01:11:00,322.58
2015-11-24 02:11:00,325.18
2015-11-24 03:11:00,323.94
2015-11-24 04:11:00,318.26
2015-11-24 05:11:00,322.51
2015-11-24 06:11:00,323.1
2015-11-24 07:11:00,320.07
2015-11-24 08:11:00,322.27
2015-11-24 09:11:00,320.99
2015-11-24 10:11:00,321.83
2015-11-24 11:11:00,320.6
2015-11-24 12:11:00,320.96
2015-11-24 13:11:00,321.61
2015-11-24 14:11:00,321.29
2015-11-24 15:11:00,321.25
2015-11-24 16:11:00,321.77
2015-11-24 17:11:00,320.44
2015-11-24 18:11:00,323.17
2015-11-24 19:11:00,323.27
2015-11-24 20:11:00,328.13
2015-11-24 21:11:00,320.87
2015-11-24 22:11:00,320.06
2015-11-24 23:11:00,320.13
2015-11-24 24:11:00,320.15
2015-11-25 01:11:00,319.35
2015-11-25 02:11:00,319.62
2015-11-25 03:11:00,319.77
2015-11-25 04:11:00,318.49
2015-11-25 05:11:00,320.05
2015-11-25 06:11:00,318.89
2015-11-25 07:11:00,320.17
2015-11-25 08:11:00,320.54
2015-11-25 09:11:00,319.72
2015-11-25 10:11:00,319.07
2015-11-25 11:11:00,318.42
2015-11-25 12:11:00,318.4
2015-11-25 13:11:00,320.66
2015-11-25 14:11:00,325.26
2015-11-25 15:11:00,325.79
2015-11-25 16:11:00,325.23
2015-11-25 17:11:00,323.86
2015-11-25 18:11:00,324.74
2015-11-25 19:11:00,325.03
2015-11-25 20:11:00,328.6
2015-11-25 21:11:00,325.33
2015-11-25 22:11:00,327.62
2015-11-25 23:11:00,329.59
2015-11-25 24:11:00,327.76
2015-11-26 01:11:00,327.84
2015-11-26 02:11:00,328.74
2015-11-26 03:11:00,332.14
2015-11-26 04:11:00,333.23
2015-11-26 05:11:00,333.76
2015-11-26 06:11:00,332.82
2015-11-26 07:11:00,333.63
2015-11-26 08:11:00,331.96
2015-11-26 09:11:00,334.06
2015-11-26 10:11:00,337.65
2015-11-26 11:11:00,340.81
2015-11-26 12:11:00,343.41
2015-11-26 13:11:00,347.83
2015-11-26 14:11:00,355.65
2015-11-26 15:11:00,359.03
2015-11-26 16:11:00,352.81
2015-11-26 17:11:00,350.59
2015-11-26 18:11:00,344.39
2015-11-26 19:11:00,343.79
2015-11-26 20:11:00,345.04
2015-11-26 21:11:00,347.34
2015-11-26 22:11:00,343.54
2015-11-26 23:11:00,345.04
2015-11-26 24:11:00,347.91
2015-11-27 01:11:00,352.66
2015-11-27 02:11:00,353.19
2015-11-27 03:11:00,351.87
2015-11-27 04:11:00,353.32
2015-11-27 05:11:00,353.84
2015-11-27 06:11:00,349.12
2015-11-27 07:11:00,350.64
2015-11-27 08:11:00,351.6
2015-11-27 09:11:00,350.3
2015-11-27 10:11:00,356.94
2015-11-27 11:11:00,361.08
2015-11-27 12:11:00,360.88
2015-11-27 13:11:00,362.58
2015-11-27 14:11:00,358.18
2015-11-27 15:11:00,357.21
2015-11-27 16:11:00,357.64
2015-11-27 17:11:00,353.95
2015-11-27 18:11:00,354.91
2015-11-27 19:11:00,359.55
2015-11-27 20:11:00,358.12
2015-11-27 21:11:00,358.64
2015-11-27 22:11:00,358.52
2015-11-27 23:11:00,358.8
2015-11-27 24:11:00,358.81
2015-11-28 01:11:00,359.36
2015-11-28 02:11:00,354.44
2015-11-28 03:11:00,353.76
2015-11-28 04:11:00,355.58
2015-11-28 05:11:00,356.72
2015-11-28 06:11:00,357.18
2015-11-28 07:11:00,356.43
2015-11-28 08:11:00,359.15
2015-11-28 09:11:00,357.31
2015-11-28 10:11:00,357.92
2015-11-28 11:11:00,355.53
2015-11-28 12:11:00,354.26
2015-11-28 13:11:00,355.57
2015-11-28 14:11:00,354.53
2015-11-28 15:11:00,352.79
2015-11-28 16:11:00,353.15
2015-11-28 17:11:00,353.83
2015-11-28 18:11:00,354.19
2015-11-28 19:11:00,354.71
2015-11-28 20:11:00,354.22
2015-11-28 21:11:00,356.01
2015-11-28 22:11:00,360.13
2015-11-28 23:11:00,359.94
2015-11-28 24:11:00,357.16
2015-11-29 01:11:00,357.77
2015-11-29 02:11:00,357.56
2015-11-29 03:11:00,357.62
2015-11-29 04:11:00,357.29
2015-11-29 05:11:00,357.77
2015-11-29 06:11:00,358.39
2015-11-29 07:11:00,355.61
2015-11-29 08:11:00,356.91
2015-11-29 09:11:00,357.54
2015-11-29 10:11:00,357.32
2015-11-29 11:11:00,358.07
2015-11-29 12:11:00,357.02
2015-11-29 13:11:00,358.76
2015-11-29 14:11:00,363.51
2015-11-29 15:11:00,363.47
2015-11-29 16:11:00,362.39
2015-11-29 17:11:00,362.23
2015-11-29 18:11:00,362.28
2015-11-29 19:11:00,362.99
2015-11-29 20:11:00,364.26
2015-11-29 21:11:00,366.59
2015-11-29 22:11:00,364.81
2015-11-29 23:11:00,365.16
2015-11-29 24:11:00,369.03
2015-11-30 01:11:00,372.45
2015-11-30 02:11:00,371.08
2015-11-30 03:11:00,377.47
2015-11-30 04:11:00,379.66
2015-11-30 05:11:00,377.02
2015-11-30 06:11:00,376
2015-11-30 07:11:00,376.12
2015-11-30 08:11:00,379.82
2015-11-30 09:11:00,380.88
2015-11-30 10:11:00,377.1
2015-11-30 11:11:00,380.86
2015-11-30 12:11:00,378.71
2015-11-30 13:11:00,379.4
2015-11-30 14:11:00,376.98
2015-11-30 15:11:00,377.11
2015-11-30 16:11:00,372.62
2015-11-30 17:11:00,373.04
2015-11-30 18:11:00,374.7
2015-11-30 19:11:00,374
2015-11-30 20:11:00,373.37
2015-11-30 21:11:00,375.9
2015-11-30 22:11:00,376.14
2015-11-30 23:11:00,376.74
2015-11-30 24:11:00,377.83
2015-12-01 01:12:00,378.69
2015-12-01 02:12:00,380.68
2015-12-01 03:12:00,377.75
2015-12-01 04:12:00,377.28
2015-12-01 05:12:00,377.18
2015-12-01 06:12:00,379.18
2015-12-01 07:12:00,378.45
2015-12-01 08:12:00,378.05
2015-12-01 09:12:00,377.42
2015-12-01 10:12:00,373.03
2015-12-01 11:12:00,365.1
2015-12-01 12:12:00,362.38
2015-12-01 13:12:00,357.89
2015-12-01 14:12:00,359.55
2015-12-01 15:12:00,361.53
2015-12-01 16:12:00,361.01
2015-12-01 17:12:00,362.67
2015-12-01 18:12:00,364.89
2015-12-01 19:12:00,358.82
2015-12-01 20:12:00,358.62
2015-12-01 21:12:00,362.97
2015-12-01 22:12:00,361.64
2015-12-01 23:12:00,362.4
2015-12-01 24:12:00,361.31
2015-12-02 01:12:00,367.44
2015-12-02 02:12:00,361.95
2015-12-02 03:12:00,352.25
2015-12-02 04:12:00,351.16
2015-12-02 05:12:00,353.34
2015-12-02 06:12:00,351.21
2015-12-02 07:12:00,352.68
2015-12-02 08:12:00,354.51
2015-12-02 09:12:00,354.04
2015-12-02 10:12:00,355.59
2015-12-02 11:12:00,354.04
2015-12-02 12:12:00,351.88
2015-12-02 13:12:00,352.66
2015-12-02 14:12:00,352.29
2015-12-02 15:12:00,353.03
2015-12-02 16:12:00,355.58
2015-12-02 17:12:00,358.7
2015-12-02 18:12:00,358.89
2015-12-02 19:12:00,360.72
2015-12-02 20:12:00,360.96
2015-12-02 21:12:00,358.83
2015-12-02 22:12:00,358.9
2015-12-02 23:12:00,359.32
2015-12-02 24:12:00,360.08
2015-12-03 01:12:00,363.37
2015-12-03 02:12:00,361.87
2015-12-03 03:12:00,363.09
2015-12-03 04:12:00,364.86
2015-12-03 05:12:00,364.23
2015-12-03 06:12:00,367.73
2015-12-03 07:12:00,369.08
2015-12-03 08:12:00,368.1
2015-12-03 09:12:00,363.91
2015-12-03 10:12:00,362.25
2015-12-03 11:12:00,361.84
2015-12-03 12:12:00,360.64
2015-12-03 13:12:00,357.17
2015-12-03 14:12:00,358.68
2015-12-03 15:12:00,361.37
2015-12-03 16:12:00,360.71
2015-12-03 17:12:00,361.81
2015-12-03 18:12:00,360
2015-12-03 19:12:00,360.26
2015-12-03 20:12:00,361.82
2015-12-03 21:12:00,363.12
2015-12-03 22:12:00,362.86
2015-12-03 23:12:00,365.66
2015-12-03 24:12:00,362.69
2015-12-04 01:12:00,364.3
2015-12-04 02:12:00,361.09
2015-12-04 03:12:00,361.21
2015-12-04 04:12:00,357.22
2015-12-04 05:12:00,357.7
2015-12-04 06:12:00,361.46
2015-12-04 07:12:00,359.33
2015-12-04 08:12:00,359.09
2015-12-04 09:12:00,357.03
2015-12-04 10:12:00,359.16
2015-12-04 11:12:00,359.76
2015-12-04 12:12:00,359.14
2015-12-04 13:12:00,358.65
2015-12-04 14:12:00,358.93
2015-12-04 15:12:00,360.36
2015-12-04 16:12:00,359.85
2015-12-04 17:12:00,362.17
2015-12-04 18:12:00,363.72
2015-12-04 19:12:00,361.77
2015-12-04 20:12:00,364.28
2015-12-04 21:12:00,361.38
2015-12-04 22:12:00,365.64
2015-12-04 23:12:00,360.9
2015-12-04 24:12:00,362.3
2015-12-05 01:12:00,363.64
2015-12-05 02:12:00,365.63
2015-12-05 03:12:00,365.21
2015-12-05 04:12:00,366.66
2015-12-05 05:12:00,368.65
2015-12-05 06:12:00,371.09
2015-12-05 07:12:00,372.04
2015-12-05 08:12:00,370.38
2015-12-05 09:12:00,370.45
2015-12-05 10:12:00,371.49
2015-12-05 11:12:00,370.58
2015-12-05 12:12:00,373.26
2015-12-05 13:12:00,378.78
2015-12-05 14:12:00,380.82
2015-12-05 15:12:00,377.47
2015-12-05 16:12:00,375.25
2015-12-05 17:12:00,377.15
2015-12-05 18:12:00,379.76
2015-12-05 19:12:00,378.76
2015-12-05 20:12:00,378.03
2015-12-05 21:12:00,378.15
2015-12-05 22:12:00,381.85
2015-12-05 23:12:00,377.7
2015-12-05 24:12:00,380.15
2015-12-06 01:12:00,386.78
2015-12-06 02:12:00,391.6
2015-12-06 03:12:00,395.18
2015-12-06 04:12:00,395.57
2015-12-06 05:12:00,393.14
2015-12-06 06:12:00,396.07
2015-12-06 07:12:00,398.84
2015-12-06 08:12:00,401.54
2015-12-06 09:12:00,397.48
2015-12-06 10:12:00,391.4
2015-12-06 11:12:00,394.41
2015-12-06 12:12:00,391.37
2015-12-06 13:12:00,392.58
2015-12-06 14:12:00,392.99
2015-12-06 15:12:00,388.63
2015-12-06 16:12:00,390.03
2015-12-06 17:12:00,392.21
2015-12-06 18:12:00,394.1
2015-12-06 19:12:00,395.04
2015-12-06 20:12:00,394.01
2015-12-06 21:12:00,396.77
2015-12-06 22:12:00,397.2
2015-12-06 23:12:00,396.54
2015-12-06 24:12:00,395.71
2015-12-07 01:12:00,395.98
2015-12-07 02:12:00,387.3
2015-12-07 03:12:00,389.84
2015-12-07 04:12:00,391.96
2015-12-07 05:12:00,393.88
2015-12-07 06:12:00,393.01
2015-12-07 07:12:00,389.81
2015-12-07 08:12:00,392.2
2015-12-07 09:12:00,392.63
2015-12-07 10:12:00,391.84
2015-12-07 11:12:00,389.37
2015-12-07 12:12:00,394.94
2015-12-07 13:12:00,394.1
2015-12-07 14:12:00,395.98
2015-12-07 15:12:00,398.42
2015-12-07 16:12:00,395.12
2015-12-07 17:12:00,396.43
2015-12-07 18:12:00,395.11
2015-12-07 19:12:00,395.19
2015-12-07 20:12:00,394.25
2015-12-07 21:12:00,397.89
2015-12-07 22:12:00,395.31
2015-12-07 23:12:00,392.16
2015-12-07 24:12:00,393.67
2015-12-08 01:12:00,397.04
2015-12-08 02:12:00,394.27
2015-12-08 03:12:00,398.79
2015-12-08 04:12:00,393.36
2015-12-08 05:12:00,395.94
2015-12-08 06:12:00,395.6
2015-12-08 07:12:00,395.42
2015-12-08 08:12:00,391.49
2015-12-08 09:12:00,394.36
2015-12-08 10:12:00,395.03
2015-12-08 11:12:00,395.12
2015-12-08 12:12:00,395.27
2015-12-08 13:12:00,396.53
2015-12-08 14:12:00,395.69
2015-12-08 15:12:00,394.27
2015-12-08 16:12:00,394.79
2015-12-08 17:12:00,394.14
2015-12-08 18:12:00,393.64
2015-12-08 19:12:00,394.6
2015-12-08 20:12:00,394.75
2015-12-08 21:12:00,394.25
2015-12-08 22:12:00,398.82
2015-12-08 23:12:00,395.51
2015-12-08 24:12:00,395.59
2015-12-09 01:12:00,405.69
2015-12-09 02:12:00,413.27
2015-12-09 03:12:00,415.65
2015-12-09 04:12:00,415.28
2015-12-09 05:12:00,417.48
2015-12-09 06:12:00,420.11
2015-12-09 07:12:00,418.87
2015-12-09 08:12:00,421.66
2015-12-09 09:12:00,419.1
2015-12-09 10:12:00,416.56
2015-12-09 11:12:00,418.78
2015-12-09 12:12:00,420.72
2015-12-09 13:12:00,419.51
2015-12-09 14:12:00,421.88
2015-12-09 15:12:00,419.4
2015-12-09 16:12:00,419.7
2015-12-09 17:12:00,420.99
2015-12-09 18:12:00,415.27
2015-12-09 19:12:00,409.48
2015-12-09 20:12:00,412.79
2015-12-09 21:12:00,414.3
2015-12-09 22:12:00,413.42
2015-12-09 23:12:00,412.6
2015-12-09 24:12:00,415.8
2015-12-10 01:12:00,417.27
2015-12-10 02:12:00,419.12
2015-12-10 03:12:00,417.16
2015-12-10 04:12:00,414.9
2015-12-10 05:12:00,417.76
2015-12-10 06:12:00,415.07
2015-12-10 07:12:00,416.81
2015-12-10 08:12:00,412.63
2015-12-10 09:12:00,412.35
2015-12-10 10:12:00,414.17
2015-12-10 11:12:00,415.02
2015-12-10 12:12:00,413.65
2015-12-10 13:12:00,414.43
2015-12-10 14:12:00,414.6
2015-12-10 15:12:00,417.46
2015-12-10 16:12:00,417.87
2015-12-10 17:12:00,417.88
2015-12-10 18:12:00,414.32
2015-12-10 19:12:00,414.87
2015-12-10 20:12:00,415.59
2015-12-10 21:12:00,415.42
2015-12-10 22:12:00,414.75
2015-12-10 23:12:00,415.84
2015-12-10 24:12:00,419.23
2015-12-11 01:12:00,416.59
2015-12-11 02:12:00,418.62
2015-12-11 03:12:00,416.97
2015-12-11 04:12:00,419.4
2015-12-11 05:12:00,421.26
2015-12-11 06:12:00,422.26
2015-12-11 07:12:00,423.51
2015-12-11 08:12:00,421.78
2015-12-11 09:12:00,421.39
2015-12-11 10:12:00,427.71
2015-12-11 11:12:00,432.02
2015-12-11 12:12:00,432.13
2015-12-11 13:12:00,435.15
2015-12-11 14:12:00,434.34
2015-12-11 15:12:00,435.27
2015-12-11 16:12:00,433.35
2015-12-11 17:12:00,432.09
2015-12-11 18:12:00,434.13
2015-12-11 19:12:00,436.88
2015-12-11 20:12:00,440.33
2015-12-11 21:12:00,445.37
2015-12-11 22:12:00,448.27
2015-12-11 23:12:00,449.55
2015-12-11 24:12:00,449.87
2015-12-12 01:12:00,450.87
2015-12-12 02:12:00,450.81
2015-12-12 03:12:00,452.69
2015-12-12 04:12:00,456.22
2015-12-12 05:12:00,464.84
2015-12-12 06:12:00,445.14
2015-12-12 07:12:00,428.94
2015-12-12 08:12:00,414.39
2015-12-12 09:12:00,420.42
2015-12-12 10:12:00,426.31
2015-12-12 11:12:00,421.9
2015-12-12 12:12:00,425.72
2015-12-12 13:12:00,431.18
2015-12-12 14:12:00,431.33
2015-12-12 15:12:00,425.62
2015-12-12 16:12:00,422.76
2015-12-12 17:12:00,424.85
2015-12-12 18:12:00,427.76
2015-12-12 19:12:00,428.05
2015-12-12 20:12:00,426.42
2015-12-12 21:12:00,424.41
2015-12-12 22:12:00,426.35
2015-12-12 23:12:00,424.12
2015-12-12 24:12:00,426
2015-12-13 01:12:00,432.77
2015-12-13 02:12:00,433.41
2015-12-13 03:12:00,436.12
2015-12-13 04:12:00,438.6
2015-12-13 05:12:00,438.6
2015-12-13 06:12:00,426.52
2015-12-13 07:12:00,431.1
2015-12-13 08:12:00,432.96
2015-12-13 09:12:00,433
2015-12-13 10:12:00,432.73
2015-12-13 11:12:00,434.62
2015-12-13 12:12:00,432.93
2015-12-13 13:12:00,431.68
2015-12-13 14:12:00,433.9
2015-12-13 15:12:00,436.1
2015-12-13 16:12:00,435.41
2015-12-13 17:12:00,438.92
2015-12-13 18:12:00,438.03
2015-12-13 19:12:00,440.66
2015-12-13 20:12:00,441.93
2015-12-13 21:12:00,441.58
2015-12-13 22:12:00,441.99
2015-12-13 23:12:00,437.3
2015-12-13 24:12:00,434.81
2015-12-14 01:12:00,434.81
2015-12-14 02:12:00,430.83
2015-12-14 03:12:00,435.49
2015-12-14 04:12:00,435.17
2015-12-14 05:12:00,438.03
2015-12-14 06:12:00,435.32
2015-12-14 07:12:00,438.22
2015-12-14 08:12:00,437.17
2015-12-14 09:12:00,437.95
2015-12-14 10:12:00,439.55
2015-12-14 11:12:00,439.98
2015-12-14 12:12:00,440.47
2015-12-14 13:12:00,444.88
2015-12-14 14:12:00,443.61
2015-12-14 15:12:00,444.95
2015-12-14 16:12:00,444.28
2015-12-14 17:12:00,445.27
2015-12-14 18:12:00,443.36
2015-12-14 19:12:00,445.99
2015-12-14 20:12:00,444.59
2015-12-14 21:12:00,444.4
2015-12-14 22:12:00,441.89
2015-12-14 23:12:00,443.68
2015-12-14 24:12:00,441.34
2015-12-15 01:12:00,447.29
2015-12-15 02:12:00,445.84
2015-12-15 03:12:00,450.26
2015-12-15 04:12:00,453.82
2015-12-15 05:12:00,454.97
2015-12-15 06:12:00,452.16
2015-12-15 07:12:00,453.94
2015-12-15 08:12:00,455.27
2015-12-15 09:12:00,457.45
2015-12-15 10:12:00,456.84
2015-12-15 11:12:00,456.09
2015-12-15 12:12:00,452.64
2015-12-15 13:12:00,453.18
2015-12-15 14:12:00,453.86
2015-12-15 15:12:00,454.6
2015-12-15 16:12:00,456.14
2015-12-15 17:12:00,459.52
2015-12-15 18:12:00,459.94
2015-12-15 19:12:00,461.05
2015-12-15 20:12:00,459.32
2015-12-15 21:12:00,458.56
2015-12-15 22:12:00,459.5
2015-12-15 23:12:00,461.12
2015-12-15 24:12:00,462.53
2015-12-16 01:12:00,463.85
2015-12-16 02:12:00,462.35
2015-12-16 03:12:00,464.53
2015-12-16 04:12:00,463.17
2015-12-16 05:12:00,462.69
2015-12-16 06:12:00,448.14
2015-12-16 07:12:00,450.54
2015-12-16 08:12:00,451.72
2015-12-16 09:12:00,453.61
2015-12-16 10:12:00,455.05
2015-12-16 11:12:00,457.09
2015-12-16 12:12:00,461.58
2015-12-16 13:12:00,457.55
2015-12-16 14:12:00,458.74
2015-12-16 15:12:00,458.06
2015-12-16 16:12:00,453.77
2015-12-16 17:12:00,454.57
2015-12-16 18:12:00,456.33
2015-12-16 19:12:00,455.76
2015-12-16 20:12:00,456.59
2015-12-16 21:12:00,452.81
2015-12-16 22:12:00,453.8
2015-12-16 23:12:00,453.73
2015-12-16 24:12:00,457.21
2015-12-17 01:12:00,453.05
2015-12-17 02:12:00,453.99
2015-12-17 03:12:00,451.93
2015-12-17 04:12:00,450.44
2015-12-17 05:12:00,451.13
2015-12-17 06:12:00,450.13
2015-12-17 07:12:00,454.48
2015-12-17 08:12:00,455.48
2015-12-17 09:12:00,455.92
2015-12-17 10:12:00,455.35
2015-12-17 11:12:00,455.64
2015-12-17 12:12:00,457.48
2015-12-17 13:12:00,457.24
2015-12-17 14:12:00,457
2015-12-17 15:12:00,456.93
2015-12-17 16:12:00,456.12
2015-12-17 17:12:00,458.33
2015-12-17 18:12:00,457.06
2015-12-17 19:12:00,455.12
2015-12-17 20:12:00,454.49
2015-12-17 21:12:00,453.63
2015-12-17 22:12:00,453.15
2015-12-17 23:12:00,453.97
2015-12-17 24:12:00,454.96
2015-12-18 01:12:00,456.78
2015-12-18 02:12:00,460.44
2015-12-18 03:12:00,455.53
2015-12-18 04:12:00,454.91
2015-12-18 05:12:00,457.17
2015-12-18 06:12:00,460.04
2015-12-18 07:12:00,456.71
2015-12-18 08:12:00,462.32
2015-12-18 09:12:00,463.48
2015-12-18 10:12:00,458.77
2015-12-18 11:12:00,459.02
2015-12-18 12:12:00,458.79
2015-12-18 13:12:00,459.05
2015-12-18 14:12:00,458.56
2015-12-18 15:12:00,460.22
2015-12-18 16:12:00,460.69
2015-12-18 17:12:00,459.84
2015-12-18 18:12:00,461.14
2015-12-18 19:12:00,462.81
2015-12-18 20:12:00,459.53
2015-12-18 21:12:00,459.42
2015-12-18 22:12:00,462.04
2015-12-18 23:12:00,464.56
2015-12-18 24:12:00,466.88
2015-12-19 01:12:00,465.3
2015-12-19 02:12:00,469.85
2015-12-19 03:12:00,466.21
2015-12-19 04:12:00,465.08
2015-12-19 05:12:00,465.37
2015-12-19 06:12:00,463.87
2015-12-19 07:12:00,463.93
2015-12-19 08:12:00,464.94
2015-12-19 09:12:00,463.96
2015-12-19 10:12:00,462.46
2015-12-19 11:12:00,464.09
2015-12-19 12:12:00,462.5
2015-12-19 13:12:00,463.88
2015-12-19 14:12:00,463.8
2015-12-19 15:12:00,464.5
2015-12-19 16:12:00,463.62
2015-12-19 17:12:00,462.22
2015-12-19 18:12:00,458.06
2015-12-19 19:12:00,458.15
2015-12-19 20:12:00,459.75
2015-12-19 21:12:00,459.86
2015-12-19 22:12:00,463.41
2015-12-19 23:12:00,459.87
2015-12-19 24:12:00,463.5
2015-12-20 01:12:00,463.65
2015-12-20 02:12:00,462.19
2015-12-20 03:12:00,462.7
2015-12-20 04:12:00,461.65
2015-12-20 05:12:00,458.57
2015-12-20 06:12:00,460.14
2015-12-20 07:12:00,459.56
2015-12-20 08:12:00,460.13
2015-12-20 09:12:00,460.73
2015-12-20 10:12:00,461.05
2015-12-20 11:12:00,461.28
2015-12-20 12:12:00,461.22
2015-12-20 13:12:00,459.76
2015-12-20 14:12:00,458.52
2015-12-20 15:12:00,457.33
2015-12-20 16:12:00,455.77
2015-12-20 17:12:00,452.88
2015-12-20 18:12:00,447.34
2015-12-20 19:12:00,445.28
2015-12-20 20:12:00,436.42
2015-12-20 21:12:00,440.22
2015-12-20 22:12:00,441.86
2015-12-20 23:12:00,442.3
2015-12-20 24:12:00,441.43
2015-12-21 01:12:00,441.43
2015-12-21 02:12:00,439.04
2015-12-21 03:12:00,429.69
2015-12-21 04:12:00,430.82
2015-12-21 05:12:00,431.71
2015-12-21 06:12:00,436.12
2015-12-21 07:12:00,438.5
2015-12-21 08:12:00,436.35
2015-12-21 09:12:00,436.74
2015-12-21 10:12:00,436.9
2015-12-21 11:12:00,436.36
2015-12-21 12:12:00,437.84
2015-12-21 13:12:00,442.55
2015-12-21 14:12:00,443.25
2015-12-21 15:12:00,440.64
2015-12-21 16:12:00,440.6
2015-12-21 17:12:00,437.84
2015-12-21 18:12:00,436.54
2015-12-21 19:12:00,438.3
2015-12-21 20:12:00,439.22
2015-12-21 21:12:00,435.9
2015-12-21 22:12:00,438.74
2015-12-21 23:12:00,435.16
2015-12-21 24:12:00,437.74
2015-12-22 01:12:00,437.96
2015-12-22 02:12:00,438.31
2015-12-22 03:12:00,442.65
2015-12-22 04:12:00,440.17
2015-12-22 05:12:00,439.09
2015-12-22 06:12:00,441.17
2015-12-22 07:12:00,439.87
2015-12-22 08:12:00,438.68
2015-12-22 09:12:00,440.04
2015-12-22 10:12:00,441.72
2015-12-22 11:12:00,442.07
2015-12-22 12:12:00,442.04
2015-12-22 13:12:00,440.33
2015-12-22 14:12:00,440.94
2015-12-22 15:12:00,439.19
2015-12-22 16:12:00,436.33
2015-12-22 17:12:00,437.69
2015-12-22 18:12:00,436.92
2015-12-22 19:12:00,437.88
2015-12-22 20:12:00,435.62
2015-12-22 21:12:00,435.21
2015-12-22 22:12:00,435.12
2015-12-22 23:12:00,436.08
2015-12-22 24:12:00,437.78
2015-12-23 01:12:00,435.7
2015-12-23 02:12:00,441.15
2015-12-23 03:12:00,437.55
2015-12-23 04:12:00,437.35
2015-12-23 05:12:00,439.94
2015-12-23 06:12:00,439.93
2015-12-23 07:12:00,439.15
2015-12-23 08:12:00,439.18
2015-12-23 09:12:00,439.21
2015-12-23 10:12:00,439.25
2015-12-23 11:12:00,438.79
2015-12-23 12:12:00,438.85
2015-12-23 13:12:00,440.2
2015-12-23 14:12:00,441.09
2015-12-23 15:12:00,440.23
2015-12-23 16:12:00,441.24
2015-12-23 17:12:00,440.56
2015-12-23 18:12:00,439.17
2015-12-23 19:12:00,440.18
2015-12-23 20:12:00,441.59
2015-12-23 21:12:00,442.91
2015-12-23 22:12:00,443.39
2015-12-23 23:12:00,443.86
2015-12-23 24:12:00,444.26
2015-12-24 01:12:00,445.48
2015-12-24 02:12:00,441.9
2015-12-24 03:12:00,444.88
2015-12-24 04:12:00,449.97
2015-12-24 05:12:00,453.47
2015-12-24 06:12:00,455.29
2015-12-24 07:12:00,454.51
2015-12-24 08:12:00,456.64
2015-12-24 09:12:00,457.24
2015-12-24 10:12:00,456.24
2015-12-24 11:12:00,457.69
2015-12-24 12:12:00,457.26
2015-12-24 13:12:00,456.8
2015-12-24 14:12:00,456.12
2015-12-24 15:12:00,453.07
2015-12-24 16:12:00,454.53
2015-12-24 17:12:00,455.23
2015-12-24 18:12:00,455.23
2015-12-24 19:12:00,457.1
2015-12-24 20:12:00,454.85
2015-12-24 21:12:00,452.79
2015-12-24 22:12:00,451.87
2015-12-24 23:12:00,453.12
2015-12-24 24:12:00,452.2
2015-12-25 01:12:00,453
2015-12-25 02:12:00,454.3
2015-12-25 03:12:00,457.93
2015-12-25 04:12:00,458.83
2015-12-25 05:12:00,457.64
2015-12-25 06:12:00,456.99
2015-12-25 07:12:00,457.96
2015-12-25 08:12:00,458.04
2015-12-25 09:12:00,457.41
2015-12-25 10:12:00,451.89
2015-12-25 11:12:00,452.19
2015-12-25 12:12:00,453.07
2015-12-25 13:12:00,451.55
2015-12-25 14:12:00,451.57
2015-12-25 15:12:00,451.9
2015-12-25 16:12:00,451.98
2015-12-25 17:12:00,453.33
2015-12-25 18:12:00,452.9
2015-12-25 19:12:00,452.62
2015-12-25 20:12:00,453.47
2015-12-25 21:12:00,455.85
2015-12-25 22:12:00,456.55
2015-12-25 23:12:00,455
2015-12-25 24:12:00,455.58
2015-12-26 01:12:00,455.36
2015-12-26 02:12:00,456.01
2015-12-26 03:12:00,457.26
2015-12-26 04:12:00,454.13
2015-12-26 05:12:00,454.2
2015-12-26 06:12:00,446.07
2015-12-26 07:12:00,441.11
2015-12-26 08:12:00,438.64
2015-12-26 09:12:00,438.9
2015-12-26 10:12:00,439.45
2015-12-26 11:12:00,433.45
2015-12-26 12:12:00,427.97
2015-12-26 13:12:00,421.47
2015-12-26 14:12:00,420.02
2015-12-26 15:12:00,422.35
2015-12-26 16:12:00,419.43
2015-12-26 17:12:00,420.94
2015-12-26 18:12:00,418.28
2015-12-26 19:12:00,409.23
2015-12-26 20:12:00,410.84
2015-12-26 21:12:00,417.56
2015-12-26 22:12:00,420.15
2015-12-26 23:12:00,417.55
2015-12-26 24:12:00,413.05
2015-12-27 01:12:00,416.38
2015-12-27 02:12:00,414.98
2015-12-27 03:12:00,410.52
2015-12-27 04:12:00,412.99
2015-12-27 05:12:00,417.64
2015-12-27 06:12:00,415.75
2015-12-27 07:12:00,413.55
2015-12-27 08:12:00,415.52
2015-12-27 09:12:00,418.77
2015-12-27 10:12:00,417.97
2015-12-27 11:12:00,416.16
2015-12-27 12:12:00,417.61
2015-12-27 13:12:00,422.58
2015-12-27 14:12:00,423.3
2015-12-27 15:12:00,419.33
2015-12-27 16:12:00,417.33
2015-12-27 17:12:00,419.44
2015-12-27 18:12:00,417.9
2015-12-27 19:12:00,418.83
2015-12-27 20:12:00,417.7
2015-12-27 21:12:00,419.2
2015-12-27 22:12:00,420.23
2015-12-27 23:12:00,422.78
2015-12-27 24:12:00,422.07
2015-12-28 01:12:00,423.11
2015-12-28 02:12:00,424.25
2015-12-28 03:12:00,426.01
2015-12-28 04:12:00,427.44
2015-12-28 05:12:00,428.82
2015-12-28 06:12:00,427.89
2015-12-28 07:12:00,427.61
2015-12-28 08:12:00,429.16
2015-12-28 09:12:00,427.81
2015-12-28 10:12:00,428.43
2015-12-28 11:12:00,423.45
2015-12-28 12:12:00,424.55
2015-12-28 13:12:00,424.82
2015-12-28 14:12:00,425.16
2015-12-28 15:12:00,423.39
2015-12-28 16:12:00,425.48
2015-12-28 17:12:00,425.25
2015-12-28 18:12:00,423.34
2015-12-28 19:12:00,422.67
2015-12-28 20:12:00,423.69
2015-12-28 21:12:00,422.28
2015-12-28 22:12:00,420.13
2015-12-28 23:12:00,418.76
2015-12-28 24:12:00,419.44
2015-12-29 01:12:00,421.1
2015-12-29 02:12:00,422.52
2015-12-29 03:12:00,424.15
2015-12-29 04:12:00,423.54
2015-12-29 05:12:00,426.98
2015-12-29 06:12:00,425.58
2015-12-29 07:12:00,422.86
2015-12-29 08:12:00,421.24
2015-12-29 09:12:00,423.3
2015-12-29 10:12:00,422.14
2015-12-29 11:12:00,420.76
2015-12-29 12:12:00,422.46
2015-12-29 13:12:00,423.58
2015-12-29 14:12:00,423.22
2015-12-29 15:12:00,422.99
2015-12-29 16:12:00,423.64
2015-12-29 17:12:00,425.91
2015-12-29 18:12:00,429.83
2015-12-29 19:12:00,431.25
2015-12-29 20:12:00,431
2015-12-29 21:12:00,430.17
2015-12-29 22:12:00,429.74
2015-12-29 23:12:00,429.12
2015-12-29 24:12:00,429.79
2015-12-30 01:12:00,431.58
2015-12-30 02:12:00,433.23
2015-12-30 03:12:00,433.47
2015-12-30 04:12:00,432.21
2015-12-30 05:12:00,431.75
2015-12-30 06:12:00,431.97
2015-12-30 07:12:00,431.59
2015-12-30 08:12:00,433.26
2015-12-30 09:12:00,431.79
2015-12-30 10:12:00,432.63
2015-12-30 11:12:00,431.47
2015-12-30 12:12:00,431.76
2015-12-30 13:12:00,431.59
2015-12-30 14:12:00,431.1
2015-12-30 15:12:00,425.64
2015-12-30 16:12:00,422.13
2015-12-30 17:12:00,425.1
2015-12-30 18:12:00,425.96
2015-12-30 19:12:00,426.1
2015-12-30 20:12:00,426.66
2015-12-30 21:12:00,426.8
2015-12-30 22:12:00,426.55
2015-12-30 23:12:00,431.92
2015-12-30 24:12:00,428.49
2015-12-31 01:12:00,426.95
2015-12-31 02:12:00,426.05
2015-12-31 03:12:00,424.8
2015-12-31 04:12:00,424.59
2015-12-31 05:12:00,424.79
2015-12-31 06:12:00,425.4
2015-12-31 07:12:00,424.73
2015-12-31 08:12:00,418
2015-12-31 09:12:00,420.1
2015-12-31 10:12:00,421.14
2015-12-31 11:12:00,421.99
2015-12-31 12:12:00,423.82
2015-12-31 13:12:00,424.08
2015-12-31 14:12:00,425.1
2015-12-31 15:12:00,426.11
2015-12-31 16:12:00,425.26
2015-12-31 17:12:00,424.21
2015-12-31 18:12:00,425.32
2015-12-31 19:12:00,429.61
2015-12-31 20:12:00,430.32
2015-12-31 21:12:00,430.57
2015-12-31 22:12:00,433.34
2015-12-31 23:12:00,432.36
2015-12-31 24:12:00,431.44
2016-01-01 01:01:00,431.16
2016-01-01 02:01:00,431.05
2016-01-01 03:01:00,431.22
2016-01-01 04:01:00,430.3
2016-01-01 05:01:00,431.15
2016-01-01 06:01:00,434.06
2016-01-01 07:01:00,435.18
2016-01-01 08:01:00,432.63
2016-01-01 09:01:00,434.97
2016-01-01 10:01:00,432.88
2016-01-01 11:01:00,433.38
2016-01-01 12:01:00,432.51
2016-01-01 13:01:00,431.69
2016-01-01 14:01:00,432.47
2016-01-01 15:01:00,433.19
2016-01-01 16:01:00,428.46
2016-01-01 17:01:00,432.73
2016-01-01 18:01:00,433.4
2016-01-01 19:01:00,433.23
2016-01-01 20:01:00,433.28
2016-01-01 21:01:00,433.11
2016-01-01 22:01:00,434.82
2016-01-01 23:01:00,433.52
2016-01-01 24:01:00,433.8
2016-01-02 01:01:00,435.52
2016-01-02 02:01:00,435.59
2016-01-02 03:01:00,435.2
2016-01-02 04:01:00,432.4
2016-01-02 05:01:00,432.84
2016-01-02 06:01:00,434.4
2016-01-02 07:01:00,434.08
2016-01-02 08:01:00,437.13
2016-01-02 09:01:00,433.62
2016-01-02 10:01:00,432.81
2016-01-02 11:01:00,433.2
2016-01-02 12:01:00,433.96
2016-01-02 13:01:00,434.36
2016-01-02 14:01:00,432.43
2016-01-02 15:01:00,433.59
2016-01-02 16:01:00,432.89
2016-01-02 17:01:00,432.4
2016-01-02 18:01:00,434.7
2016-01-02 19:01:00,433.5
2016-01-02 20:01:00,435.03
2016-01-02 21:01:00,434.36
2016-01-02 22:01:00,433.28
2016-01-02 23:01:00,434.16
2016-01-02 24:01:00,434.04
2016-01-03 01:01:00,433.93
2016-01-03 02:01:00,433.63
2016-01-03 03:01:00,431.97
2016-01-03 04:01:00,430.64
2016-01-03 05:01:00,432.7
2016-01-03 06:01:00,431.11
2016-01-03 07:01:00,431.26
2016-01-03 08:01:00,431.13
2016-01-03 09:01:00,431.2
2016-01-03 10:01:00,430.81
2016-01-03 11:01:00,430.87
2016-01-03 12:01:00,430.71
2016-01-03 13:01:00,430.65
2016-01-03 14:01:00,430.04
2016-01-03 15:01:00,429.7
2016-01-03 16:01:00,426.75
2016-01-03 17:01:00,427.17
2016-01-03 18:01:00,426.64
2016-01-03 19:01:00,426.13
2016-01-03 20:01:00,429.53
2016-01-03 21:01:00,425.8
2016-01-03 22:01:00,424.38
2016-01-03 23:01:00,426.87
2016-01-03 24:01:00,427.84
2016-01-04 01:01:00,428.71
2016-01-04 02:01:00,432.46
2016-01-04 03:01:00,431.18
2016-01-04 04:01:00,429.87
2016-01-04 05:01:00,433.04
2016-01-04 06:01:00,432.08
2016-01-04 07:01:00,431.09
2016-01-04 08:01:00,431.18
2016-01-04 09:01:00,431.41
2016-01-04 10:01:00,431.37
2016-01-04 11:01:00,431.47
2016-01-04 12:01:00,430.36
2016-01-04 13:01:00,431.31
2016-01-04 14:01:00,431.87
2016-01-04 15:01:00,431.29
2016-01-04 16:01:00,432.37
2016-01-04 17:01:00,432.13
2016-01-04 18:01:00,434.12
2016-01-04 19:01:00,435.66
2016-01-04 20:01:00,433.01
2016-01-04 21:01:00,432.94
2016-01-04 22:01:00,433.15
2016-01-04 23:01:00,435.05
2016-01-04 24:01:00,434.65
2016-01-05 01:01:00,434.19
2016-01-05 02:01:00,433.11
2016-01-05 03:01:00,435.77
2016-01-05 04:01:00,434.02
2016-01-05 05:01:00,433.23
2016-01-05 06:01:00,435.61
2016-01-05 07:01:00,433.92
2016-01-05 08:01:00,433.24
2016-01-05 09:01:00,433.92
2016-01-05 10:01:00,432.32
2016-01-05 11:01:00,431.86
2016-01-05 12:01:00,430.45
2016-01-05 13:01:00,431.79
2016-01-05 14:01:00,431
2016-01-05 15:01:00,429.71
2016-01-05 16:01:00,430.94
2016-01-05 17:01:00,432.43
2016-01-05 18:01:00,433.84
2016-01-05 19:01:00,434.14
2016-01-05 20:01:00,434.99
2016-01-05 21:01:00,431.8
2016-01-05 22:01:00,437.16
2016-01-05 23:01:00,432.42
2016-01-05 24:01:00,438.31
2016-01-06 01:01:00,435.28
2016-01-06 02:01:00,430.9
2016-01-06 03:01:00,432.34
2016-01-06 04:01:00,431.06
2016-01-06 05:01:00,429.01
2016-01-06 06:01:00,426.69
2016-01-06 07:01:00,429.24
2016-01-06 08:01:00,430.16
2016-01-06 09:01:00,429.94
2016-01-06 10:01:00,429.6
2016-01-06 11:01:00,430.39
2016-01-06 12:01:00,429.28
2016-01-06 13:01:00,429.37
2016-01-06 14:01:00,430.5
2016-01-06 15:01:00,430.88
2016-01-06 16:01:00,430.42
2016-01-06 17:01:00,433.09
2016-01-06 18:01:00,432.53
2016-01-06 19:01:00,430.16
2016-01-06 20:01:00,433.81
2016-01-06 21:01:00,430.6
2016-01-06 22:01:00,436.29
2016-01-06 23:01:00,430.71
2016-01-06 24:01:00,430.77
2016-01-07 01:01:00,433.94
2016-01-07 02:01:00,430.07
2016-01-07 03:01:00,429.42
2016-01-07 04:01:00,432.45
2016-01-07 05:01:00,439.93
2016-01-07 06:01:00,441.46
2016-01-07 07:01:00,440.27
2016-01-07 08:01:00,447.42
2016-01-07 09:01:00,449.29
2016-01-07 10:01:00,450.46
2016-01-07 11:01:00,448
2016-01-07 12:01:00,448.31
2016-01-07 13:01:00,448.84
2016-01-07 14:01:00,452.04
2016-01-07 15:01:00,453.62
2016-01-07 16:01:00,452.67
2016-01-07 17:01:00,453.58
2016-01-07 18:01:00,455.77
2016-01-07 19:01:00,456.51
2016-01-07 20:01:00,454.88
2016-01-07 21:01:00,457
2016-01-07 22:01:00,454.39
2016-01-07 23:01:00,454.76
2016-01-07 24:01:00,455.22
2016-01-08 01:01:00,457.91
2016-01-08 02:01:00,459.77
2016-01-08 03:01:00,462.32
2016-01-08 04:01:00,457.88
2016-01-08 05:01:00,457.96
2016-01-08 06:01:00,457.31
2016-01-08 07:01:00,456.19
2016-01-08 08:01:00,457.41
2016-01-08 09:01:00,454.7
2016-01-08 10:01:00,452.73
2016-01-08 11:01:00,455.29
2016-01-08 12:01:00,456.4
2016-01-08 13:01:00,455.75
2016-01-08 14:01:00,455.26
2016-01-08 15:01:00,455.88
2016-01-08 16:01:00,455.2
2016-01-08 17:01:00,455.38
2016-01-08 18:01:00,454.29
2016-01-08 19:01:00,451.31
2016-01-08 20:01:00,449.2
2016-01-08 21:01:00,451.27
2016-01-08 22:01:00,454.44
2016-01-08 23:01:00,457.98
2016-01-08 24:01:00,455.84
2016-01-09 01:01:00,453.88
2016-01-09 02:01:00,455.92
2016-01-09 03:01:00,455.83
2016-01-09 04:01:00,452.98
2016-01-09 05:01:00,457.02
2016-01-09 06:01:00,449.49
2016-01-09 07:01:00,450.23
2016-01-09 08:01:00,449.88
2016-01-09 09:01:00,449.8
2016-01-09 10:01:00,450.47
2016-01-09 11:01:00,451.63
2016-01-09 12:01:00,449.28
2016-01-09 13:01:00,448.57
2016-01-09 14:01:00,448.96
2016-01-09 15:01:00,449.4
2016-01-09 16:01:00,447.7
2016-01-09 17:01:00,446.78
2016-01-09 18:01:00,451.21
2016-01-09 19:01:00,449.83
2016-01-09 20:01:00,453.77
2016-01-09 21:01:00,450
2016-01-09 22:01:00,452.61
2016-01-09 23:01:00,452.14
2016-01-09 24:01:00,454.1
2016-01-10 01:01:00,449.82
2016-01-10 02:01:00,448.14
2016-01-10 03:01:00,446.65
2016-01-10 04:01:00,448.04
2016-01-10 05:01:00,446.01
2016-01-10 06:01:00,445.23
2016-01-10 07:01:00,445.91
2016-01-10 08:01:00,448.28
2016-01-10 09:01:00,446.32
2016-01-10 10:01:00,445.05
2016-01-10 11:01:00,443.97
2016-01-10 12:01:00,442.78
2016-01-10 13:01:00,441.37
2016-01-10 14:01:00,441.22
2016-01-10 15:01:00,441.96
2016-01-10 16:01:00,443.14
2016-01-10 17:01:00,442
2016-01-10 18:01:00,443.63
2016-01-10 19:01:00,445.52
2016-01-10 20:01:00,447
2016-01-10 21:01:00,447.66
2016-01-10 22:01:00,445.09
2016-01-10 23:01:00,445.1
2016-01-10 24:01:00,445.3
2016-01-11 01:01:00,449.8
2016-01-11 02:01:00,448.62
2016-01-11 03:01:00,449.95
2016-01-11 04:01:00,451.58
2016-01-11 05:01:00,452.25
2016-01-11 06:01:00,450.95
2016-01-11 07:01:00,450.66
2016-01-11 08:01:00,449.28
2016-01-11 09:01:00,444.87
2016-01-11 10:01:00,444.37
2016-01-11 11:01:00,444.72
2016-01-11 12:01:00,444.49
2016-01-11 13:01:00,444.87
2016-01-11 14:01:00,445.5
2016-01-11 15:01:00,446.52
2016-01-11 16:01:00,446.71
2016-01-11 17:01:00,445.88
2016-01-11 18:01:00,446.65
2016-01-11 19:01:00,449.85
2016-01-11 20:01:00,453.62
2016-01-11 21:01:00,447.39
2016-01-11 22:01:00,446.96
2016-01-11 23:01:00,453.61
2016-01-11 24:01:00,454.45
2016-01-12 01:01:00,454.22
2016-01-12 02:01:00,446.14
2016-01-12 03:01:00,445.93
2016-01-12 04:01:00,447.41
2016-01-12 05:01:00,448.71
2016-01-12 06:01:00,445.87
2016-01-12 07:01:00,445.77
2016-01-12 08:01:00,447.49
2016-01-12 09:01:00,446.65
2016-01-12 10:01:00,445.9
2016-01-12 11:01:00,445.21
2016-01-12 12:01:00,445.34
2016-01-12 13:01:00,445.81
2016-01-12 14:01:00,446.29
2016-01-12 15:01:00,446.51
2016-01-12 16:01:00,446.96
2016-01-12 17:01:00,446.84
2016-01-12 18:01:00,445.84
2016-01-12 19:01:00,446.79
2016-01-12 20:01:00,449.07
2016-01-12 21:01:00,446.31
2016-01-12 22:01:00,446.53
2016-01-12 23:01:00,445.92
2016-01-12 24:01:00,445.86
2016-01-13 01:01:00,445.58
2016-01-13 02:01:00,434.64
2016-01-13 03:01:00,425.17
2016-01-13 04:01:00,428.7
2016-01-13 05:01:00,430.05
2016-01-13 06:01:00,430.66
2016-01-13 07:01:00,428.53
2016-01-13 08:01:00,429.56
2016-01-13 09:01:00,430.08
2016-01-13 10:01:00,430.96
2016-01-13 11:01:00,430.31
2016-01-13 12:01:00,428.81
2016-01-13 13:01:00,428.07
2016-01-13 14:01:00,428.25
2016-01-13 15:01:00,426.05
2016-01-13 16:01:00,427.57
2016-01-13 17:01:00,430.29
2016-01-13 18:01:00,432.39
2016-01-13 19:01:00,428.98
2016-01-13 20:01:00,434.15
2016-01-13 21:01:00,432.94
2016-01-13 22:01:00,432.63
2016-01-13 23:01:00,433.57
2016-01-13 24:01:00,431.47
2016-01-14 01:01:00,434.09
2016-01-14 02:01:00,431.92
2016-01-14 03:01:00,434.07
2016-01-14 04:01:00,434.45
2016-01-14 05:01:00,432.73
2016-01-14 06:01:00,434.23
2016-01-14 07:01:00,431.21
2016-01-14 08:01:00,429.28
2016-01-14 09:01:00,428.82
2016-01-14 10:01:00,429.44
2016-01-14 11:01:00,429.95
2016-01-14 12:01:00,429.48
2016-01-14 13:01:00,427.93
2016-01-14 14:01:00,430.17
2016-01-14 15:01:00,431.45
2016-01-14 16:01:00,432.1
2016-01-14 17:01:00,435.63
2016-01-14 18:01:00,431.18
2016-01-14 19:01:00,434.45
2016-01-14 20:01:00,438.18
2016-01-14 21:01:00,441.64
2016-01-14 22:01:00,438.41
2016-01-14 23:01:00,431.61
2016-01-14 24:01:00,430.1
2016-01-15 01:01:00,434.42
2016-01-15 02:01:00,433.7
2016-01-15 03:01:00,427.87
2016-01-15 04:01:00,423.66
2016-01-15 05:01:00,420.57
2016-01-15 06:01:00,414.84
2016-01-15 07:01:00,416.66
2016-01-15 08:01:00,416.98
2016-01-15 09:01:00,415.03
2016-01-15 10:01:00,407.95
2016-01-15 11:01:00,410.35
2016-01-15 12:01:00,410.25
2016-01-15 13:01:00,408.82
2016-01-15 14:01:00,404.82
2016-01-15 15:01:00,398.39
2016-01-15 16:01:00,389.88
2016-01-15 17:01:00,390.39
2016-01-15 18:01:00,394.7
2016-01-15 19:01:00,393.68
2016-01-15 20:01:00,391.16
2016-01-15 21:01:00,394.97
2016-01-15 22:01:00,390.75
2016-01-15 23:01:00,392.15
2016-01-15 24:01:00,384.63
2016-01-16 01:01:00,372.7
2016-01-16 02:01:00,365.25
2016-01-16 03:01:00,374.58
2016-01-16 04:01:00,371.52
2016-01-16 05:01:00,373.78
2016-01-16 06:01:00,371.26
2016-01-16 07:01:00,373.06
2016-01-16 08:01:00,369.31
2016-01-16 09:01:00,366.26
2016-01-16 10:01:00,358.89
2016-01-16 11:01:00,358.99
2016-01-16 12:01:00,365.43
2016-01-16 13:01:00,370.12
2016-01-16 14:01:00,368.38
2016-01-16 15:01:00,369.37
2016-01-16 16:01:00,369.66
2016-01-16 17:01:00,371
2016-01-16 18:01:00,368.21
2016-01-16 19:01:00,368.13
2016-01-16 20:01:00,368.94
2016-01-16 21:01:00,374.98
2016-01-16 22:01:00,382.24
2016-01-16 23:01:00,382.67
2016-01-16 24:01:00,382.46
2016-01-17 01:01:00,385.74
2016-01-17 02:01:00,387.71
2016-01-17 03:01:00,389.9
2016-01-17 04:01:00,387.93
2016-01-17 05:01:00,384.71
2016-01-17 06:01:00,383.36
2016-01-17 07:01:00,384.89
2016-01-17 08:01:00,383.74
2016-01-17 09:01:00,380.1
2016-01-17 10:01:00,381.16
2016-01-17 11:01:00,384.06
2016-01-17 12:01:00,384.69
2016-01-17 13:01:00,380.84
2016-01-17 14:01:00,382.34
2016-01-17 15:01:00,382.66
2016-01-17 16:01:00,384.41
2016-01-17 17:01:00,385.36
2016-01-17 18:01:00,385.95
2016-01-17 19:01:00,384.6
2016-01-17 20:01:00,387.5
2016-01-17 21:01:00,387.59
2016-01-17 22:01:00,385.68
2016-01-17 23:01:00,386.95
2016-01-17 24:01:00,387.05
2016-01-18 01:01:00,385.8
2016-01-18 02:01:00,382.32
2016-01-18 03:01:00,384.79
2016-01-18 04:01:00,383.81
2016-01-18 05:01:00,381.94
2016-01-18 06:01:00,380.96
2016-01-18 07:01:00,377.54
2016-01-18 08:01:00,377.25
2016-01-18 09:01:00,377.22
2016-01-18 10:01:00,376.32
2016-01-18 11:01:00,381.25
2016-01-18 12:01:00,382.39
2016-01-18 13:01:00,383.34
2016-01-18 14:01:00,382.04
2016-01-18 15:01:00,383.64
2016-01-18 16:01:00,387.04
2016-01-18 17:01:00,386.08
2016-01-18 18:01:00,386.62
2016-01-18 19:01:00,387
2016-01-18 20:01:00,385.37
2016-01-18 21:01:00,385.2
2016-01-18 22:01:00,384.55
2016-01-18 23:01:00,384.37
2016-01-18 24:01:00,383.68
2016-01-19 01:01:00,387.79
2016-01-19 02:01:00,389.48
2016-01-19 03:01:00,384.88
2016-01-19 04:01:00,383.79
2016-01-19 05:01:00,383.82
2016-01-19 06:01:00,383.57
2016-01-19 07:01:00,385.62
2016-01-19 08:01:00,386.73
2016-01-19 09:01:00,385.81
2016-01-19 10:01:00,384.67
2016-01-19 11:01:00,384.92
2016-01-19 12:01:00,384.76
2016-01-19 13:01:00,385.28
2016-01-19 14:01:00,384.53
2016-01-19 15:01:00,384.74
2016-01-19 16:01:00,386.18
2016-01-19 17:01:00,385.48
2016-01-19 18:01:00,382.83
2016-01-19 19:01:00,381.5
2016-01-19 20:01:00,381.34
2016-01-19 21:01:00,380.76
2016-01-19 22:01:00,380.07
2016-01-19 23:01:00,383.46
2016-01-19 24:01:00,379.58
2016-01-20 01:01:00,382.4
2016-01-20 02:01:00,379.61
2016-01-20 03:01:00,377.61
2016-01-20 04:01:00,377.84
2016-01-20 05:01:00,377.61
2016-01-20 06:01:00,381.22
2016-01-20 07:01:00,380.63
2016-01-20 08:01:00,380.88
2016-01-20 09:01:00,380.9
2016-01-20 10:01:00,379.25
2016-01-20 11:01:00,380.38
2016-01-20 12:01:00,379.23
2016-01-20 13:01:00,379.74
2016-01-20 14:01:00,380.64
2016-01-20 15:01:00,393.25
2016-01-20 16:01:00,401.67
2016-01-20 17:01:00,411.08
2016-01-20 18:01:00,411.67
2016-01-20 19:01:00,411.2
2016-01-20 20:01:00,409.39
2016-01-20 21:01:00,410.02
2016-01-20 22:01:00,410.39
2016-01-20 23:01:00,411.47
2016-01-20 24:01:00,410.07
2016-01-21 01:01:00,419.06
2016-01-21 02:01:00,420.86
2016-01-21 03:01:00,420.59
2016-01-21 04:01:00,422.29
2016-01-21 05:01:00,421.58
2016-01-21 06:01:00,419.98
2016-01-21 07:01:00,414.91
2016-01-21 08:01:00,416.57
2016-01-21 09:01:00,415.78
2016-01-21 10:01:00,415.38
2016-01-21 11:01:00,417.04
2016-01-21 12:01:00,420.04
2016-01-21 13:01:00,416.55
2016-01-21 14:01:00,414.99
2016-01-21 15:01:00,415.38
2016-01-21 16:01:00,415.28
2016-01-21 17:01:00,414.66
2016-01-21 18:01:00,411.85
2016-01-21 19:01:00,408.07
2016-01-21 20:01:00,408.85
2016-01-21 21:01:00,408.14
2016-01-21 22:01:00,408.97
2016-01-21 23:01:00,410.58
2016-01-21 24:01:00,406.89
2016-01-22 01:01:00,413
2016-01-22 02:01:00,409.28
2016-01-22 03:01:00,412.68
2016-01-22 04:01:00,409.4
2016-01-22 05:01:00,404.25
2016-01-22 06:01:00,403.57
2016-01-22 07:01:00,397.17
2016-01-22 08:01:00,397.26
2016-01-22 09:01:00,398.95
2016-01-22 10:01:00,397.61
2016-01-22 11:01:00,399.95
2016-01-22 12:01:00,398.29
2016-01-22 13:01:00,396.67
2016-01-22 14:01:00,392.36
2016-01-22 15:01:00,395.1
2016-01-22 16:01:00,395.83
2016-01-22 17:01:00,394.8
2016-01-22 18:01:00,391.24
2016-01-22 19:01:00,383.72
2016-01-22 20:01:00,383.93
2016-01-22 21:01:00,383.17
2016-01-22 22:01:00,377.69
2016-01-22 23:01:00,378.62
2016-01-22 24:01:00,377.47
2016-01-23 01:01:00,380.19
2016-01-23 02:01:00,385.61
2016-01-23 03:01:00,387.45
2016-01-23 04:01:00,388.96
2016-01-23 05:01:00,390.44
2016-01-23 06:01:00,390.31
2016-01-23 07:01:00,393.36
2016-01-23 08:01:00,394.25
2016-01-23 09:01:00,389.29
2016-01-23 10:01:00,390.05
2016-01-23 11:01:00,389.63
2016-01-23 12:01:00,389.88
2016-01-23 13:01:00,391.12
2016-01-23 14:01:00,390.29
2016-01-23 15:01:00,384.33
2016-01-23 16:01:00,384.76
2016-01-23 17:01:00,386.25
2016-01-23 18:01:00,388.74
2016-01-23 19:01:00,390.45
2016-01-23 20:01:00,389.58
2016-01-23 21:01:00,393.05
2016-01-23 22:01:00,397.65
2016-01-23 23:01:00,394.13
2016-01-23 24:01:00,395.51
2016-01-24 01:01:00,396.41
2016-01-24 02:01:00,389.31
2016-01-24 03:01:00,391.49
2016-01-24 04:01:00,389.1
2016-01-24 05:01:00,389.44
2016-01-24 06:01:00,388.61
2016-01-24 07:01:00,390.18
2016-01-24 08:01:00,389.88
2016-01-24 09:01:00,390.24
2016-01-24 10:01:00,388.45
2016-01-24 11:01:00,389.52
2016-01-24 12:01:00,399.31
2016-01-24 13:01:00,399.82
2016-01-24 14:01:00,399.38
2016-01-24 15:01:00,398.84
2016-01-24 16:01:00,396.74
2016-01-24 17:01:00,400.62
2016-01-24 18:01:00,403.22
2016-01-24 19:01:00,401.85
2016-01-24 20:01:00,402.96
2016-01-24 21:01:00,403.18
2016-01-24 22:01:00,404.17
2016-01-24 23:01:00,402.97
2016-01-24 24:01:00,401.64
2016-01-25 01:01:00,402.51
2016-01-25 02:01:00,401.96
2016-01-25 03:01:00,397.08
2016-01-25 04:01:00,398.13
2016-01-25 05:01:00,401.81
2016-01-25 06:01:00,400.72
2016-01-25 07:01:00,398.32
2016-01-25 08:01:00,399.99
2016-01-25 09:01:00,399.15
2016-01-25 10:01:00,400.21
2016-01-25 11:01:00,399.98
2016-01-25 12:01:00,400.12
2016-01-25 13:01:00,399.7
2016-01-25 14:01:00,397.1
2016-01-25 15:01:00,399.05
2016-01-25 16:01:00,400.47
2016-01-25 17:01:00,399.74
2016-01-25 18:01:00,394.32
2016-01-25 19:01:00,391.1
2016-01-25 20:01:00,389.73
2016-01-25 21:01:00,393.22
2016-01-25 22:01:00,393.31
2016-01-25 23:01:00,391.8
2016-01-25 24:01:00,396.73
2016-01-26 01:01:00,393.49
2016-01-26 02:01:00,391.9
2016-01-26 03:01:00,392.82
2016-01-26 04:01:00,396.59
2016-01-26 05:01:00,394.19
2016-01-26 06:01:00,391.64
2016-01-26 07:01:00,391.98
2016-01-26 08:01:00,394.07
2016-01-26 09:01:00,392.79
2016-01-26 10:01:00,392.8
2016-01-26 11:01:00,392.49
2016-01-26 12:01:00,395.52
2016-01-26 13:01:00,395.48
2016-01-26 14:01:00,395.08
2016-01-26 15:01:00,395.36
2016-01-26 16:01:00,396.5
2016-01-26 17:01:00,393.21
2016-01-26 18:01:00,393.18
2016-01-26 19:01:00,393.72
2016-01-26 20:01:00,398.67
2016-01-26 21:01:00,396.43
2016-01-26 22:01:00,393.27
2016-01-26 23:01:00,393.44
2016-01-26 24:01:00,398.22
2016-01-27 01:01:00,391.98
2016-01-27 02:01:00,395.51
2016-01-27 03:01:00,391.43
2016-01-27 04:01:00,394.72
2016-01-27 05:01:00,395.82
2016-01-27 06:01:00,396.44
2016-01-27 07:01:00,395.55
2016-01-27 08:01:00,397
2016-01-27 09:01:00,396.02
2016-01-27 10:01:00,395.42
2016-01-27 11:01:00,394.69
2016-01-27 12:01:00,394.51
2016-01-27 13:01:00,394.98
2016-01-27 14:01:00,394.44
2016-01-27 15:01:00,393.99
2016-01-27 16:01:00,395.18
2016-01-27 17:01:00,396.09
2016-01-27 18:01:00,397.35
2016-01-27 19:01:00,398.29
2016-01-27 20:01:00,394.22
2016-01-27 21:01:00,394.15
2016-01-27 22:01:00,398.58
2016-01-27 23:01:00,400.32
2016-01-27 24:01:00,401.89
2016-01-28 01:01:00,394.8
2016-01-28 02:01:00,405.25
2016-01-28 03:01:00,394.6
2016-01-28 04:01:00,396.56
2016-01-28 05:01:00,383.67
2016-01-28 06:01:00,381.8
2016-01-28 07:01:00,380.35
2016-01-28 08:01:00,382.64
2016-01-28 09:01:00,381.54
2016-01-28 10:01:00,382.62
2016-01-28 11:01:00,383.19
2016-01-28 12:01:00,383.57
2016-01-28 13:01:00,382.88
2016-01-28 14:01:00,382.78
2016-01-28 15:01:00,382.64
2016-01-28 16:01:00,382.9
2016-01-28 17:01:00,383.78
2016-01-28 18:01:00,387.2
2016-01-28 19:01:00,386.05
2016-01-28 20:01:00,381.36
2016-01-28 21:01:00,386.74
2016-01-28 22:01:00,382.52
2016-01-28 23:01:00,388.01
2016-01-28 24:01:00,386.59
2016-01-29 01:01:00,381.88
2016-01-29 02:01:00,377.95
2016-01-29 03:01:00,368.15
2016-01-29 04:01:00,369.8
2016-01-29 05:01:00,366.53
2016-01-29 06:01:00,368.56
2016-01-29 07:01:00,370.08
2016-01-29 08:01:00,371.39
2016-01-29 09:01:00,373.66
2016-01-29 10:01:00,374.81
2016-01-29 11:01:00,373.49
2016-01-29 12:01:00,379.69
2016-01-29 13:01:00,382.99
2016-01-29 14:01:00,383.18
2016-01-29 15:01:00,381.27
2016-01-29 16:01:00,380.25
2016-01-29 17:01:00,379.18
2016-01-29 18:01:00,379.72
2016-01-29 19:01:00,378.77
2016-01-29 20:01:00,381.52
2016-01-29 21:01:00,380.27
2016-01-29 22:01:00,377.21
2016-01-29 23:01:00,375.5
2016-01-29 24:01:00,379.1
2016-01-30 01:01:00,378
2016-01-30 02:01:00,379.25
2016-01-30 03:01:00,379.54
2016-01-30 04:01:00,378.97
2016-01-30 05:01:00,380.22
2016-01-30 06:01:00,376.86
2016-01-30 07:01:00,378.41
2016-01-30 08:01:00,379.34
2016-01-30 09:01:00,381.51
2016-01-30 10:01:00,381.17
2016-01-30 11:01:00,379.38
2016-01-30 12:01:00,378.91
2016-01-30 13:01:00,379.51
2016-01-30 14:01:00,378.46
2016-01-30 15:01:00,376.89
2016-01-30 16:01:00,378.44
2016-01-30 17:01:00,382.27
2016-01-30 18:01:00,380.44
2016-01-30 19:01:00,380.88
2016-01-30 20:01:00,380.37
2016-01-30 21:01:00,377.47
2016-01-30 22:01:00,376.49
2016-01-30 23:01:00,385.51
2016-01-30 24:01:00,380.99
2016-01-31 01:01:00,376.39
2016-01-31 02:01:00,382.97
2016-01-31 03:01:00,383.52
2016-01-31 04:01:00,384.16
2016-01-31 05:01:00,379.01
2016-01-31 06:01:00,379.32
2016-01-31 07:01:00,380.79
2016-01-31 08:01:00,380.26
2016-01-31 09:01:00,382.58
2016-01-31 10:01:00,380.3
2016-01-31 11:01:00,378.55
2016-01-31 12:01:00,376.8
2016-01-31 13:01:00,379.66
2016-01-31 14:01:00,378.18
2016-01-31 15:01:00,379.67
2016-01-31 16:01:00,375.88
2016-01-31 17:01:00,378.91
2016-01-31 18:01:00,379.86
2016-01-31 19:01:00,379.66
2016-01-31 20:01:00,377.46
2016-01-31 21:01:00,377.21
2016-01-31 22:01:00,376.87
2016-01-31 23:01:00,377.36
2016-01-31 24:01:00,380.86
2016-02-01 01:02:00,371.04
2016-02-01 02:02:00,367.56
2016-02-01 03:02:00,367.72
2016-02-01 04:02:00,367.69
2016-02-01 05:02:00,371.39
2016-02-01 06:02:00,372.6
2016-02-01 07:02:00,373.2
2016-02-01 08:02:00,374.45
2016-02-01 09:02:00,376.46
2016-02-01 10:02:00,376.39
2016-02-01 11:02:00,375.17
2016-02-01 12:02:00,372.47
2016-02-01 13:02:00,377.3
2016-02-01 14:02:00,376.37
2016-02-01 15:02:00,376.38
2016-02-01 16:02:00,376.17
2016-02-01 17:02:00,374.91
2016-02-01 18:02:00,374.89
2016-02-01 19:02:00,374.04
2016-02-01 20:02:00,373.95
2016-02-01 21:02:00,371.22
2016-02-01 22:02:00,372.51
2016-02-01 23:02:00,371.1
2016-02-01 24:02:00,374.47
2016-02-02 01:02:00,371.35
2016-02-02 02:02:00,373.57
2016-02-02 03:02:00,376.4
2016-02-02 04:02:00,372.86
2016-02-02 05:02:00,373.38
2016-02-02 06:02:00,373.03
2016-02-02 07:02:00,375.22
2016-02-02 08:02:00,374.54
2016-02-02 09:02:00,374.15
2016-02-02 10:02:00,376.46
2016-02-02 11:02:00,374.56
2016-02-02 12:02:00,373.22
2016-02-02 13:02:00,374.2
2016-02-02 14:02:00,373.61
2016-02-02 15:02:00,373.46
2016-02-02 16:02:00,374.46
2016-02-02 17:02:00,375.53
2016-02-02 18:02:00,375.2
2016-02-02 19:02:00,378.47
2016-02-02 20:02:00,374.06
2016-02-02 21:02:00,373.47
2016-02-02 22:02:00,373.96
2016-02-02 23:02:00,378.02
2016-02-02 24:02:00,381.01
2016-02-03 01:02:00,383.55
2016-02-03 02:02:00,378.95
2016-02-03 03:02:00,373.19
2016-02-03 04:02:00,373.61
2016-02-03 05:02:00,371.38
2016-02-03 06:02:00,375.22
2016-02-03 07:02:00,374.21
2016-02-03 08:02:00,373.51
2016-02-03 09:02:00,374.22
2016-02-03 10:02:00,375.85
2016-02-03 11:02:00,375.52
2016-02-03 12:02:00,375.01
2016-02-03 13:02:00,374.27
2016-02-03 14:02:00,370.48
2016-02-03 15:02:00,373.14
2016-02-03 16:02:00,372.53
2016-02-03 17:02:00,372.4
2016-02-03 18:02:00,370.25
2016-02-03 19:02:00,369.9
2016-02-03 20:02:00,372.2
2016-02-03 21:02:00,372.92
2016-02-03 22:02:00,370.64
2016-02-03 23:02:00,370.16
2016-02-03 24:02:00,368.31
2016-02-04 01:02:00,370.51
2016-02-04 02:02:00,369.29
2016-02-04 03:02:00,371.14
2016-02-04 04:02:00,371.5
2016-02-04 05:02:00,373.96
2016-02-04 06:02:00,372.75
2016-02-04 07:02:00,373.52
2016-02-04 08:02:00,372.68
2016-02-04 09:02:00,373.88
2016-02-04 10:02:00,374.03
2016-02-04 11:02:00,373.36
2016-02-04 12:02:00,374.4
2016-02-04 13:02:00,374.42
2016-02-04 14:02:00,373.77
2016-02-04 15:02:00,374.63
2016-02-04 16:02:00,381.23
2016-02-04 17:02:00,384.58
2016-02-04 18:02:00,386.5
2016-02-04 19:02:00,387.5
2016-02-04 20:02:00,386.1
2016-02-04 21:02:00,384.8
2016-02-04 22:02:00,387.81
2016-02-04 23:02:00,389.51
2016-02-04 24:02:00,390.25
2016-02-05 01:02:00,391.11
2016-02-05 02:02:00,390.81
2016-02-05 03:02:00,388.46
2016-02-05 04:02:00,390.67
2016-02-05 05:02:00,389.22
2016-02-05 06:02:00,387.16
2016-02-05 07:02:00,388.67
2016-02-05 08:02:00,388.72
2016-02-05 09:02:00,386.58
2016-02-05 10:02:00,386.95
2016-02-05 11:02:00,389
2016-02-05 12:02:00,387.65
2016-02-05 13:02:00,389.29
2016-02-05 14:02:00,390.23
2016-02-05 15:02:00,389.54
2016-02-05 16:02:00,389.6
2016-02-05 17:02:00,390.68
2016-02-05 18:02:00,389.02
2016-02-05 19:02:00,389.12
2016-02-05 20:02:00,389.51
2016-02-05 21:02:00,386.99
2016-02-05 22:02:00,386.37
2016-02-05 23:02:00,388.81
2016-02-05 24:02:00,385.38
2016-02-06 01:02:00,395.29
2016-02-06 02:02:00,387.97
2016-02-06 03:02:00,379.61
2016-02-06 04:02:00,383.68
2016-02-06 05:02:00,383.7
2016-02-06 06:02:00,378.8
2016-02-06 07:02:00,373.94
2016-02-06 08:02:00,372.49
2016-02-06 09:02:00,374.01
2016-02-06 10:02:00,376.97
2016-02-06 11:02:00,377.9
2016-02-06 12:02:00,377.57
2016-02-06 13:02:00,377.06
2016-02-06 14:02:00,377.1
2016-02-06 15:02:00,378.72
2016-02-06 16:02:00,378.33
2016-02-06 17:02:00,378.74
2016-02-06 18:02:00,376.79
2016-02-06 19:02:00,375.52
2016-02-06 20:02:00,377.2
2016-02-06 21:02:00,374.76
2016-02-06 22:02:00,375.41
2016-02-06 23:02:00,380.25
2016-02-06 24:02:00,379.34
2016-02-07 01:02:00,377.76
2016-02-07 02:02:00,376.95
2016-02-07 03:02:00,375.71
2016-02-07 04:02:00,377.02
2016-02-07 05:02:00,375.97
2016-02-07 06:02:00,377.68
2016-02-07 07:02:00,379.84
2016-02-07 08:02:00,379.04
2016-02-07 09:02:00,377.45
2016-02-07 10:02:00,378.24
2016-02-07 11:02:00,378.3
2016-02-07 12:02:00,377.82
2016-02-07 13:02:00,378.57
2016-02-07 14:02:00,378.37
2016-02-07 15:02:00,379.82
2016-02-07 16:02:00,380.37
2016-02-07 17:02:00,379.48
2016-02-07 18:02:00,378.91
2016-02-07 19:02:00,380.36
2016-02-07 20:02:00,374.74
2016-02-07 21:02:00,379.51
2016-02-07 22:02:00,379.29
2016-02-07 23:02:00,373.72
2016-02-07 24:02:00,379.41
2016-02-08 01:02:00,379.11
2016-02-08 02:02:00,382.72
2016-02-08 03:02:00,376.84
2016-02-08 04:02:00,378.21
2016-02-08 05:02:00,377.41
2016-02-08 06:02:00,381.84
2016-02-08 07:02:00,379.49
2016-02-08 08:02:00,379.67
2016-02-08 09:02:00,379.96
2016-02-08 10:02:00,379.01
2016-02-08 11:02:00,379
2016-02-08 12:02:00,378.47
2016-02-08 13:02:00,378.46
2016-02-08 14:02:00,377.58
2016-02-08 15:02:00,377.32
2016-02-08 16:02:00,376.22
2016-02-08 17:02:00,375.96
2016-02-08 18:02:00,377.37
2016-02-08 19:02:00,374.81
2016-02-08 20:02:00,377.22
2016-02-08 21:02:00,373.49
2016-02-08 22:02:00,373.29
2016-02-08 23:02:00,374.92
2016-02-08 24:02:00,377.63
2016-02-09 01:02:00,372.12
2016-02-09 02:02:00,372.6
2016-02-09 03:02:00,372.56
2016-02-09 04:02:00,373.32
2016-02-09 05:02:00,375.85
2016-02-09 06:02:00,375.49
2016-02-09 07:02:00,372.52
2016-02-09 08:02:00,373.44
2016-02-09 09:02:00,373.36
2016-02-09 10:02:00,373.45
2016-02-09 11:02:00,373.31
2016-02-09 12:02:00,374.01
2016-02-09 13:02:00,374.65
2016-02-09 14:02:00,374.83
2016-02-09 15:02:00,375.88
2016-02-09 16:02:00,376.96
2016-02-09 17:02:00,376.29
2016-02-09 18:02:00,376.63
2016-02-09 19:02:00,374.71
2016-02-09 20:02:00,378.25
2016-02-09 21:02:00,375.16
2016-02-09 22:02:00,379.9
2016-02-09 23:02:00,381.09
2016-02-09 24:02:00,380.3
2016-02-10 01:02:00,378.63
2016-02-10 02:02:00,380.74
2016-02-10 03:02:00,379.96
2016-02-10 04:02:00,375.07
2016-02-10 05:02:00,374.86
2016-02-10 06:02:00,376.87
2016-02-10 07:02:00,377.34
2016-02-10 08:02:00,378.47
2016-02-10 09:02:00,377.4
2016-02-10 10:02:00,378.04
2016-02-10 11:02:00,378.45
2016-02-10 12:02:00,377.54
2016-02-10 13:02:00,378.3
2016-02-10 14:02:00,377.88
2016-02-10 15:02:00,380.61
2016-02-10 16:02:00,384.11
2016-02-10 17:02:00,383.79
2016-02-10 18:02:00,383.45
2016-02-10 19:02:00,381.93
2016-02-10 20:02:00,381.32
2016-02-10 21:02:00,385.63
2016-02-10 22:02:00,384.63
2016-02-10 23:02:00,385.66
2016-02-10 24:02:00,381.95
2016-02-11 01:02:00,380.41
2016-02-11 02:02:00,386.06
2016-02-11 03:02:00,386
2016-02-11 04:02:00,385.35
2016-02-11 05:02:00,386.64
2016-02-11 06:02:00,380.82
2016-02-11 07:02:00,380.5
2016-02-11 08:02:00,380.25
2016-02-11 09:02:00,380.75
2016-02-11 10:02:00,380.78
2016-02-11 11:02:00,379.73
2016-02-11 12:02:00,380.92
2016-02-11 13:02:00,381.27
2016-02-11 14:02:00,381.36
2016-02-11 15:02:00,381.63
2016-02-11 16:02:00,381.71
2016-02-11 17:02:00,380.33
2016-02-11 18:02:00,380.58
2016-02-11 19:02:00,378.97
2016-02-11 20:02:00,380.71
2016-02-11 21:02:00,376.09
2016-02-11 22:02:00,377.55
2016-02-11 23:02:00,382.55
2016-02-11 24:02:00,377.19
2016-02-12 01:02:00,382.3
2016-02-12 02:02:00,385.95
2016-02-12 03:02:00,380.26
2016-02-12 04:02:00,383.31
2016-02-12 05:02:00,386.45
2016-02-12 06:02:00,380.85
2016-02-12 07:02:00,382.7
2016-02-12 08:02:00,381.92
2016-02-12 09:02:00,383.43
2016-02-12 10:02:00,382
2016-02-12 11:02:00,381.9
2016-02-12 12:02:00,382.78
2016-02-12 13:02:00,383.09
2016-02-12 14:02:00,382.38
2016-02-12 15:02:00,384.57
2016-02-12 16:02:00,385.1
2016-02-12 17:02:00,385.86
2016-02-12 18:02:00,386.79
2016-02-12 19:02:00,383.47
2016-02-12 20:02:00,383.68
2016-02-12 21:02:00,389.86
2016-02-12 22:02:00,386.57
2016-02-12 23:02:00,390.3
2016-02-12 24:02:00,389.36
2016-02-13 01:02:00,388.1
2016-02-13 02:02:00,384.05
2016-02-13 03:02:00,387.48
2016-02-13 04:02:00,388.4
2016-02-13 05:02:00,386.9
2016-02-13 06:02:00,389.22
2016-02-13 07:02:00,390.67
2016-02-13 08:02:00,390.14
2016-02-13 09:02:00,389.43
2016-02-13 10:02:00,388
2016-02-13 11:02:00,390.87
2016-02-13 12:02:00,389.12
2016-02-13 13:02:00,391.44
2016-02-13 14:02:00,390.54
2016-02-13 15:02:00,389.36
2016-02-13 16:02:00,391.01
2016-02-13 17:02:00,391.22
2016-02-13 18:02:00,397.91
2016-02-13 19:02:00,389.07
2016-02-13 20:02:00,389.5
2016-02-13 21:02:00,389.74
2016-02-13 22:02:00,390.74
2016-02-13 23:02:00,390.39
2016-02-13 24:02:00,397.59
2016-02-14 01:02:00,390.11
2016-02-14 02:02:00,395.33
2016-02-14 03:02:00,396.26
2016-02-14 04:02:00,397.06
2016-02-14 05:02:00,396.81
2016-02-14 06:02:00,397.83
2016-02-14 07:02:00,396.22
2016-02-14 08:02:00,396.94
2016-02-14 09:02:00,397.62
2016-02-14 10:02:00,398.21
2016-02-14 11:02:00,399.9
2016-02-14 12:02:00,400.5
2016-02-14 13:02:00,400.1
2016-02-14 14:02:00,399.7
2016-02-14 15:02:00,398.22
2016-02-14 16:02:00,399.76
2016-02-14 17:02:00,401.3
2016-02-14 18:02:00,403.49
2016-02-14 19:02:00,401.46
2016-02-14 20:02:00,402.69
2016-02-14 21:02:00,405.09
2016-02-14 22:02:00,401.45
2016-02-14 23:02:00,401.39
2016-02-14 24:02:00,403.43
2016-02-15 01:02:00,405.52
2016-02-15 02:02:00,409.51
2016-02-15 03:02:00,407.18
2016-02-15 04:02:00,405.78
2016-02-15 05:02:00,407.91
2016-02-15 06:02:00,408.64
2016-02-15 07:02:00,406.42
2016-02-15 08:02:00,406.54
2016-02-15 09:02:00,409.01
2016-02-15 10:02:00,407.19
2016-02-15 11:02:00,404.97
2016-02-15 12:02:00,405.79
2016-02-15 13:02:00,401.38
2016-02-15 14:02:00,403.7
2016-02-15 15:02:00,406.58
2016-02-15 16:02:00,406.71
2016-02-15 17:02:00,406.84
2016-02-15 18:02:00,403.33
2016-02-15 19:02:00,401.95
2016-02-15 20:02:00,403.31
2016-02-15 21:02:00,404.23
2016-02-15 22:02:00,402.5
2016-02-15 23:02:00,399.89
2016-02-15 24:02:00,399.56
2016-02-16 01:02:00,402.13
2016-02-16 02:02:00,407.22
2016-02-16 03:02:00,401.3
2016-02-16 04:02:00,401.83
2016-02-16 05:02:00,407.26
2016-02-16 06:02:00,405.55
2016-02-16 07:02:00,402.96
2016-02-16 08:02:00,403.47
2016-02-16 09:02:00,403.57
2016-02-16 10:02:00,403.72
2016-02-16 11:02:00,403.52
2016-02-16 12:02:00,403.42
2016-02-16 13:02:00,404.43
2016-02-16 14:02:00,404.62
2016-02-16 15:02:00,403.15
2016-02-16 16:02:00,405.16
2016-02-16 17:02:00,407.46
2016-02-16 18:02:00,407.13
2016-02-16 19:02:00,410.61
2016-02-16 20:02:00,407.67
2016-02-16 21:02:00,406.99
2016-02-16 22:02:00,406.83
2016-02-16 23:02:00,406.76
2016-02-16 24:02:00,406.59
2016-02-17 01:02:00,410.95
2016-02-17 02:02:00,406.82
2016-02-17 03:02:00,411.41
2016-02-17 04:02:00,407.01
2016-02-17 05:02:00,410.69
2016-02-17 06:02:00,409.04
2016-02-17 07:02:00,408.95
2016-02-17 08:02:00,409.86
2016-02-17 09:02:00,412.48
2016-02-17 10:02:00,413.76
2016-02-17 11:02:00,415.4
2016-02-17 12:02:00,416.26
2016-02-17 13:02:00,413.63
2016-02-17 14:02:00,414.79
2016-02-17 15:02:00,417.26
2016-02-17 16:02:00,418.47
2016-02-17 17:02:00,420
2016-02-17 18:02:00,417.44
2016-02-17 19:02:00,418.1
2016-02-17 20:02:00,418.65
2016-02-17 21:02:00,420
2016-02-17 22:02:00,419.92
2016-02-17 23:02:00,420.29
2016-02-17 24:02:00,419
2016-02-18 01:02:00,419.83
2016-02-18 02:02:00,415.98
2016-02-18 03:02:00,416.26
2016-02-18 04:02:00,417.14
2016-02-18 05:02:00,419.18
2016-02-18 06:02:00,417.88
2016-02-18 07:02:00,420.1
2016-02-18 08:02:00,419.72
2016-02-18 09:02:00,420.07
2016-02-18 10:02:00,421.01
2016-02-18 11:02:00,422.78
2016-02-18 12:02:00,424.59
2016-02-18 13:02:00,424.63
2016-02-18 14:02:00,423.49
2016-02-18 15:02:00,423.49
2016-02-18 16:02:00,420.22
2016-02-18 17:02:00,420.43
2016-02-18 18:02:00,417.89
2016-02-18 19:02:00,418.82
2016-02-18 20:02:00,422.87
2016-02-18 21:02:00,420.08
2016-02-18 22:02:00,418.94
2016-02-18 23:02:00,420.87
2016-02-18 24:02:00,420.33
2016-02-19 01:02:00,421.48
2016-02-19 02:02:00,421.8
2016-02-19 03:02:00,422.12
2016-02-19 04:02:00,422.58
2016-02-19 05:02:00,422.72
2016-02-19 06:02:00,422.86
2016-02-19 07:02:00,426.41
2016-02-19 08:02:00,422.32
2016-02-19 09:02:00,417.13
2016-02-19 10:02:00,418.72
2016-02-19 11:02:00,420.15
2016-02-19 12:02:00,421.91
2016-02-19 13:02:00,419.33
2016-02-19 14:02:00,420.74
2016-02-19 15:02:00,422.29
2016-02-19 16:02:00,422.05
2016-02-19 17:02:00,421.46
2016-02-19 18:02:00,420.74
2016-02-19 19:02:00,419.24
2016-02-19 20:02:00,419.06
2016-02-19 21:02:00,418.89
2016-02-19 22:02:00,419.36
2016-02-19 23:02:00,419.69
2016-02-19 24:02:00,423.67
2016-02-20 01:02:00,434.53
2016-02-20 02:02:00,427.41
2016-02-20 03:02:00,427.15
2016-02-20 04:02:00,436.12
2016-02-20 05:02:00,422.17
2016-02-20 06:02:00,422.74
2016-02-20 07:02:00,423.33
2016-02-20 08:02:00,424.85
2016-02-20 09:02:00,424.52
2016-02-20 10:02:00,425.26
2016-02-20 11:02:00,425.33
2016-02-20 12:02:00,428.96
2016-02-20 13:02:00,430.08
2016-02-20 14:02:00,431.71
2016-02-20 15:02:00,432.79
2016-02-20 16:02:00,432.77
2016-02-20 17:02:00,431.53
2016-02-20 18:02:00,433.04
2016-02-20 19:02:00,437.38
2016-02-20 20:02:00,439.84
2016-02-20 21:02:00,441.95
2016-02-20 22:02:00,441.98
2016-02-20 23:02:00,440.62
2016-02-20 24:02:00,441.73
2016-02-21 01:02:00,443.84
2016-02-21 02:02:00,437.82
2016-02-21 03:02:00,437.4
2016-02-21 04:02:00,441.93
2016-02-21 05:02:00,440.45
2016-02-21 06:02:00,440.34
2016-02-21 07:02:00,439.21
2016-02-21 08:02:00,439.36
2016-02-21 09:02:00,443.59
2016-02-21 10:02:00,447.48
2016-02-21 11:02:00,446.46
2016-02-21 12:02:00,445.73
2016-02-21 13:02:00,446.85
2016-02-21 14:02:00,442.62
2016-02-21 15:02:00,433.27
2016-02-21 16:02:00,432.61
2016-02-21 17:02:00,429.82
2016-02-21 18:02:00,433.18
2016-02-21 19:02:00,436.64
2016-02-21 20:02:00,439.29
2016-02-21 21:02:00,436.46
2016-02-21 22:02:00,438.59
2016-02-21 23:02:00,439.29
2016-02-21 24:02:00,439.62
2016-02-22 01:02:00,444.54
2016-02-22 02:02:00,437.24
2016-02-22 03:02:00,436.44
2016-02-22 04:02:00,434.73
2016-02-22 05:02:00,437.65
2016-02-22 06:02:00,438.84
2016-02-22 07:02:00,436.67
2016-02-22 08:02:00,436.75
2016-02-22 09:02:00,434.74
2016-02-22 10:02:00,437.34
2016-02-22 11:02:00,437
2016-02-22 12:02:00,436.61
2016-02-22 13:02:00,436.49
2016-02-22 14:02:00,436.32
2016-02-22 15:02:00,437.07
2016-02-22 16:02:00,439.25
2016-02-22 17:02:00,441.35
2016-02-22 18:02:00,442.41
2016-02-22 19:02:00,439
2016-02-22 20:02:00,439.25
2016-02-22 21:02:00,439.29
2016-02-22 22:02:00,439.1
2016-02-22 23:02:00,440.23
2016-02-22 24:02:00,442.08
2016-02-23 01:02:00,444.96
2016-02-23 02:02:00,445.97
2016-02-23 03:02:00,439.52
2016-02-23 04:02:00,440.03
2016-02-23 05:02:00,445.74
2016-02-23 06:02:00,441.48
2016-02-23 07:02:00,439.61
2016-02-23 08:02:00,439.81
2016-02-23 09:02:00,436
2016-02-23 10:02:00,428.72
2016-02-23 11:02:00,421.87
2016-02-23 12:02:00,424.15
2016-02-23 13:02:00,425.19
2016-02-23 14:02:00,423.25
2016-02-23 15:02:00,423.73
2016-02-23 16:02:00,424.1
2016-02-23 17:02:00,424.18
2016-02-23 18:02:00,422.43
2016-02-23 19:02:00,420.28
2016-02-23 20:02:00,418.08
2016-02-23 21:02:00,417.32
2016-02-23 22:02:00,418.87
2016-02-23 23:02:00,420.34
2016-02-23 24:02:00,420.08
2016-02-24 01:02:00,420.85
2016-02-24 02:02:00,421.12
2016-02-24 03:02:00,423.86
2016-02-24 04:02:00,423.96
2016-02-24 05:02:00,424.55
2016-02-24 06:02:00,425.6
2016-02-24 07:02:00,423.39
2016-02-24 08:02:00,414.1
2016-02-24 09:02:00,414.82
2016-02-24 10:02:00,416.67
2016-02-24 11:02:00,416.4
2016-02-24 12:02:00,418.53
2016-02-24 13:02:00,418.62
2016-02-24 14:02:00,418.41
2016-02-24 15:02:00,422.09
2016-02-24 16:02:00,421.68
2016-02-24 17:02:00,423.73
2016-02-24 18:02:00,425.13
2016-02-24 19:02:00,426.3
2016-02-24 20:02:00,423.97
2016-02-24 21:02:00,424.42
2016-02-24 22:02:00,424.31
2016-02-24 23:02:00,432.02
2016-02-24 24:02:00,424
2016-02-25 01:02:00,427.2
2016-02-25 02:02:00,425.85
2016-02-25 03:02:00,427.11
2016-02-25 04:02:00,425.36
2016-02-25 05:02:00,425.81
2016-02-25 06:02:00,422.22
2016-02-25 07:02:00,422.13
2016-02-25 08:02:00,420.42
2016-02-25 09:02:00,421.58
2016-02-25 10:02:00,424.15
2016-02-25 11:02:00,423.91
2016-02-25 12:02:00,423.17
2016-02-25 13:02:00,423.75
2016-02-25 14:02:00,424.06
2016-02-25 15:02:00,422.02
2016-02-25 16:02:00,422.01
2016-02-25 17:02:00,425.97
2016-02-25 18:02:00,424.48
2016-02-25 19:02:00,422.71
2016-02-25 20:02:00,422.63
2016-02-25 21:02:00,422.35
2016-02-25 22:02:00,423.96
2016-02-25 23:02:00,423.1
2016-02-25 24:02:00,429.7
2016-02-26 01:02:00,423.48
2016-02-26 02:02:00,423.6
2016-02-26 03:02:00,425.89
2016-02-26 04:02:00,421.14
2016-02-26 05:02:00,426.66
2016-02-26 06:02:00,421.83
2016-02-26 07:02:00,422.96
2016-02-26 08:02:00,424.19
2016-02-26 09:02:00,424.4
2016-02-26 10:02:00,425.42
2016-02-26 11:02:00,425.01
2016-02-26 12:02:00,425.06
2016-02-26 13:02:00,424.98
2016-02-26 14:02:00,425.67
2016-02-26 15:02:00,425.37
2016-02-26 16:02:00,425.44
2016-02-26 17:02:00,427.61
2016-02-26 18:02:00,426.9
2016-02-26 19:02:00,428.21
2016-02-26 20:02:00,424.11
2016-02-26 21:02:00,423.91
2016-02-26 22:02:00,423.78
2016-02-26 23:02:00,424.24
2016-02-26 24:02:00,428.03
2016-02-27 01:02:00,428.23
2016-02-27 02:02:00,431.12
2016-02-27 03:02:00,434.65
2016-02-27 04:02:00,437.1
2016-02-27 05:02:00,435.17
2016-02-27 06:02:00,434.66
2016-02-27 07:02:00,433.27
2016-02-27 08:02:00,435.82
2016-02-27 09:02:00,434.64
2016-02-27 10:02:00,434.34
2016-02-27 11:02:00,431.85
2016-02-27 12:02:00,431.23
2016-02-27 13:02:00,430.93
2016-02-27 14:02:00,432.84
2016-02-27 15:02:00,432.25
2016-02-27 16:02:00,431.64
2016-02-27 17:02:00,435.09
2016-02-27 18:02:00,431.6
2016-02-27 19:02:00,434.56
2016-02-27 20:02:00,433.07
2016-02-27 21:02:00,432.4
2016-02-27 22:02:00,430.99
2016-02-27 23:02:00,431.35
2016-02-27 24:02:00,440.79
2016-02-28 01:02:00,432.58
2016-02-28 02:02:00,433.06
2016-02-28 03:02:00,427.18
2016-02-28 04:02:00,424.12
2016-02-28 05:02:00,424.95
2016-02-28 06:02:00,426.41
2016-02-28 07:02:00,425.58
2016-02-28 08:02:00,427.17
2016-02-28 09:02:00,429.13
2016-02-28 10:02:00,428.99
2016-02-28 11:02:00,426.17
2016-02-28 12:02:00,425.83
2016-02-28 13:02:00,424.06
2016-02-28 14:02:00,426.65
2016-02-28 15:02:00,427.98
2016-02-28 16:02:00,430.57
2016-02-28 17:02:00,434.41
2016-02-28 18:02:00,433.96
2016-02-28 19:02:00,434.46
2016-02-28 20:02:00,436.08
2016-02-28 21:02:00,434.68
2016-02-28 22:02:00,436.32
2016-02-28 23:02:00,435.3
2016-02-28 24:02:00,437.89
2016-02-29 01:02:00,435.33
2016-02-29 02:02:00,433.62
2016-02-29 03:02:00,433.57
2016-02-29 04:02:00,437.55
2016-02-29 05:02:00,439.74
2016-02-29 06:02:00,439.11
2016-02-29 07:02:00,437.68
2016-02-29 08:02:00,436.82
2016-02-29 09:02:00,437.93
2016-02-29 10:02:00,436.5
2016-02-29 11:02:00,437.21
2016-02-29 12:02:00,436.36
2016-02-29 13:02:00,440.65
2016-02-29 14:02:00,436.91
2016-02-29 15:02:00,436.87
2016-02-29 16:02:00,437.94
2016-02-29 17:02:00,438.95
2016-02-29 18:02:00,436.94
2016-02-29 19:02:00,438.1
2016-02-29 20:02:00,436.91
2016-02-29 21:02:00,436.04
2016-02-29 22:02:00,436.3
2016-02-29 23:02:00,435.33
2016-02-29 24:02:00,434.97
2016-03-01 01:03:00,437.36
2016-03-01 02:03:00,437.68
2016-03-01 03:03:00,439.22
2016-03-01 04:03:00,436.84
2016-03-01 05:03:00,435.8
2016-03-01 06:03:00,437.86
2016-03-01 07:03:00,437.02
2016-03-01 08:03:00,435.94
2016-03-01 09:03:00,436.62
2016-03-01 10:03:00,432.07
2016-03-01 11:03:00,434.45
2016-03-01 12:03:00,434.37
2016-03-01 13:03:00,435.99
2016-03-01 14:03:00,435.4
2016-03-01 15:03:00,436.09
2016-03-01 16:03:00,435.36
2016-03-01 17:03:00,434.29
2016-03-01 18:03:00,432.75
2016-03-01 19:03:00,432.48
2016-03-01 20:03:00,432.34
2016-03-01 21:03:00,432.93
2016-03-01 22:03:00,432.56
2016-03-01 23:03:00,431.5
2016-03-01 24:03:00,432.92
2016-03-02 01:03:00,432.77
2016-03-02 02:03:00,434.1
2016-03-02 03:03:00,435.06
2016-03-02 04:03:00,433.83
2016-03-02 05:03:00,435.16
2016-03-02 06:03:00,435.87
2016-03-02 07:03:00,437.28
2016-03-02 08:03:00,434.31
2016-03-02 09:03:00,434.66
2016-03-02 10:03:00,433.65
2016-03-02 11:03:00,432.55
2016-03-02 12:03:00,432.79
2016-03-02 13:03:00,437.35
2016-03-02 14:03:00,430.84
2016-03-02 15:03:00,431.81
2016-03-02 16:03:00,429.11
2016-03-02 17:03:00,430.17
2016-03-02 18:03:00,430.34
2016-03-02 19:03:00,430.18
2016-03-02 20:03:00,430.26
2016-03-02 21:03:00,430.12
2016-03-02 22:03:00,429.69
2016-03-02 23:03:00,429.39
2016-03-02 24:03:00,427.42
2016-03-03 01:03:00,425.26
2016-03-03 02:03:00,421.26
2016-03-03 03:03:00,419.2
2016-03-03 04:03:00,420.99
2016-03-03 05:03:00,424.79
2016-03-03 06:03:00,419.19
2016-03-03 07:03:00,418.16
2016-03-03 08:03:00,417.86
2016-03-03 09:03:00,419.11
2016-03-03 10:03:00,421.09
2016-03-03 11:03:00,423.2
2016-03-03 12:03:00,422.33
2016-03-03 13:03:00,423.68
2016-03-03 14:03:00,421.97
2016-03-03 15:03:00,423.35
2016-03-03 16:03:00,423.77
2016-03-03 17:03:00,423.4
2016-03-03 18:03:00,421.3
2016-03-03 19:03:00,419.3
2016-03-03 20:03:00,420.88
2016-03-03 21:03:00,419.28
2016-03-03 22:03:00,417.17
2016-03-03 23:03:00,418.5
2016-03-03 24:03:00,420.29
2016-03-04 01:03:00,420.27
2016-03-04 02:03:00,419.71
2016-03-04 03:03:00,420.2
2016-03-04 04:03:00,422.07
2016-03-04 05:03:00,422.37
2016-03-04 06:03:00,424.26
2016-03-04 07:03:00,423.23
2016-03-04 08:03:00,422.42
2016-03-04 09:03:00,422.8
2016-03-04 10:03:00,423.87
2016-03-04 11:03:00,421.53
2016-03-04 12:03:00,419.6
2016-03-04 13:03:00,418.71
2016-03-04 14:03:00,420.04
2016-03-04 15:03:00,420.57
2016-03-04 16:03:00,422.29
2016-03-04 17:03:00,421.24
2016-03-04 18:03:00,420
2016-03-04 19:03:00,419.39
2016-03-04 20:03:00,417.74
2016-03-04 21:03:00,417.19
2016-03-04 22:03:00,415.5
2016-03-04 23:03:00,412.91
2016-03-04 24:03:00,410.91
2016-03-05 01:03:00,409.69
2016-03-05 02:03:00,407.94
2016-03-05 03:03:00,406.16
2016-03-05 04:03:00,403.77
2016-03-05 05:03:00,405.32
2016-03-05 06:03:00,407.97
2016-03-05 07:03:00,410.71
2016-03-05 08:03:00,410.3
2016-03-05 09:03:00,406.37
2016-03-05 10:03:00,406.7
2016-03-05 11:03:00,403.91
2016-03-05 12:03:00,405.54
2016-03-05 13:03:00,405.9
2016-03-05 14:03:00,403.08
2016-03-05 15:03:00,403.18
2016-03-05 16:03:00,402.35
2016-03-05 17:03:00,394.95
2016-03-05 18:03:00,393.12
2016-03-05 19:03:00,394.69
2016-03-05 20:03:00,398.6
2016-03-05 21:03:00,399.16
2016-03-05 22:03:00,402.39
2016-03-05 23:03:00,402.8
2016-03-05 24:03:00,402.16
2016-03-06 01:03:00,399.28
2016-03-06 02:03:00,402.13
2016-03-06 03:03:00,394.37
2016-03-06 04:03:00,395.13
2016-03-06 05:03:00,396.97
2016-03-06 06:03:00,398.64
2016-03-06 07:03:00,399
2016-03-06 08:03:00,401.76
2016-03-06 09:03:00,405.49
2016-03-06 10:03:00,403.03
2016-03-06 11:03:00,401.9
2016-03-06 12:03:00,405.57
2016-03-06 13:03:00,407.28
2016-03-06 14:03:00,406.67
2016-03-06 15:03:00,405.26
2016-03-06 16:03:00,405.36
2016-03-06 17:03:00,409.09
2016-03-06 18:03:00,410.66
2016-03-06 19:03:00,409.26
2016-03-06 20:03:00,411.4
2016-03-06 21:03:00,411.93
2016-03-06 22:03:00,412.5
2016-03-06 23:03:00,410.78
2016-03-06 24:03:00,409.61
2016-03-07 01:03:00,407.3
2016-03-07 02:03:00,404.44
2016-03-07 03:03:00,402.74
2016-03-07 04:03:00,407.58
2016-03-07 05:03:00,406.15
2016-03-07 06:03:00,407.55
2016-03-07 07:03:00,408.4
2016-03-07 08:03:00,408.19
2016-03-07 09:03:00,406.94
2016-03-07 10:03:00,407.6
2016-03-07 11:03:00,407.95
2016-03-07 12:03:00,407.41
2016-03-07 13:03:00,409.53
2016-03-07 14:03:00,411.3
2016-03-07 15:03:00,411.71
2016-03-07 16:03:00,412.82
2016-03-07 17:03:00,411.56
2016-03-07 18:03:00,409.71
2016-03-07 19:03:00,410.65
2016-03-07 20:03:00,411.56
2016-03-07 21:03:00,415.27
2016-03-07 22:03:00,412.81
2016-03-07 23:03:00,412.69
2016-03-07 24:03:00,412.64
2016-03-08 01:03:00,414.44
2016-03-08 02:03:00,414.06
2016-03-08 03:03:00,413.08
2016-03-08 04:03:00,413.42
2016-03-08 05:03:00,419.99
2016-03-08 06:03:00,416.49
2016-03-08 07:03:00,414.84
2016-03-08 08:03:00,414.66
2016-03-08 09:03:00,414.4
2016-03-08 10:03:00,414.29
2016-03-08 11:03:00,413.17
2016-03-08 12:03:00,411.59
2016-03-08 13:03:00,411.88
2016-03-08 14:03:00,412.35
2016-03-08 15:03:00,411.31
2016-03-08 16:03:00,410.82
2016-03-08 17:03:00,410.64
2016-03-08 18:03:00,411.15
2016-03-08 19:03:00,418.02
2016-03-08 20:03:00,412.21
2016-03-08 21:03:00,410.55
2016-03-08 22:03:00,411.26
2016-03-08 23:03:00,411.58
2016-03-08 24:03:00,412.24
2016-03-09 01:03:00,412.18
2016-03-09 02:03:00,411.92
2016-03-09 03:03:00,409.86
2016-03-09 04:03:00,414.66
2016-03-09 05:03:00,423.8
2016-03-09 06:03:00,411.95
2016-03-09 07:03:00,414.15
2016-03-09 08:03:00,414.16
2016-03-09 09:03:00,412.8
2016-03-09 10:03:00,410.36
2016-03-09 11:03:00,409.86
2016-03-09 12:03:00,410.53
2016-03-09 13:03:00,411.95
2016-03-09 14:03:00,411.26
2016-03-09 15:03:00,411.39
2016-03-09 16:03:00,412.64
2016-03-09 17:03:00,412.87
2016-03-09 18:03:00,413.06
2016-03-09 19:03:00,413.86
2016-03-09 20:03:00,413.96
2016-03-09 21:03:00,416.35
2016-03-09 22:03:00,411.8
2016-03-09 23:03:00,415.2
2016-03-09 24:03:00,415.94
2016-03-10 01:03:00,412.52
2016-03-10 02:03:00,413.13
2016-03-10 03:03:00,412.16
2016-03-10 04:03:00,419
2016-03-10 05:03:00,411.91
2016-03-10 06:03:00,415.21
2016-03-10 07:03:00,412.71
2016-03-10 08:03:00,411.97
2016-03-10 09:03:00,414.01
2016-03-10 10:03:00,416.17
2016-03-10 11:03:00,412.77
2016-03-10 12:03:00,411.88
2016-03-10 13:03:00,412.41
2016-03-10 14:03:00,413.03
2016-03-10 15:03:00,413.24
2016-03-10 16:03:00,414.83
2016-03-10 17:03:00,415.51
2016-03-10 18:03:00,415.27
2016-03-10 19:03:00,418.4
2016-03-10 20:03:00,415.68
2016-03-10 21:03:00,416.37
2016-03-10 22:03:00,415.59
2016-03-10 23:03:00,416.24
2016-03-10 24:03:00,416.02
2016-03-11 01:03:00,416.09
2016-03-11 02:03:00,415.83
2016-03-11 03:03:00,416.02
2016-03-11 04:03:00,416.78
2016-03-11 05:03:00,416.78
2016-03-11 06:03:00,419.65
2016-03-11 07:03:00,419
2016-03-11 08:03:00,421.66
2016-03-11 09:03:00,420.2
2016-03-11 10:03:00,421.65
2016-03-11 11:03:00,420.25
2016-03-11 12:03:00,421.78
2016-03-11 13:03:00,421.35
2016-03-11 14:03:00,420.93
2016-03-11 15:03:00,419.55
2016-03-11 16:03:00,421.13
2016-03-11 17:03:00,421.79
2016-03-11 18:03:00,420.84
2016-03-11 19:03:00,420.95
2016-03-11 20:03:00,420.55
2016-03-11 21:03:00,419.53
2016-03-11 22:03:00,420.22
2016-03-11 23:03:00,419.23
2016-03-11 24:03:00,419.32
2016-03-12 01:03:00,419.49
2016-03-12 02:03:00,419.69
2016-03-12 03:03:00,420.11
2016-03-12 04:03:00,419.44
2016-03-12 05:03:00,416.93
2016-03-12 06:03:00,414.97
2016-03-12 07:03:00,412.89
2016-03-12 08:03:00,415.52
2016-03-12 09:03:00,415.44
2016-03-12 10:03:00,414.39
2016-03-12 11:03:00,414.44
2016-03-12 12:03:00,415.15
2016-03-12 13:03:00,414.43
2016-03-12 14:03:00,414.84
2016-03-12 15:03:00,414.55
2016-03-12 16:03:00,413.59
2016-03-12 17:03:00,413.75
2016-03-12 18:03:00,409.66
2016-03-12 19:03:00,409.66
2016-03-12 20:03:00,410.14
2016-03-12 21:03:00,409.13
2016-03-12 22:03:00,410.21
2016-03-12 23:03:00,413.3
2016-03-12 24:03:00,409.93
2016-03-13 01:03:00,411.1
2016-03-13 02:03:00,410.63
2016-03-13 03:03:00,411.11
2016-03-13 04:03:00,413.92
2016-03-13 05:03:00,411.47
2016-03-13 06:03:00,413.42
2016-03-13 07:03:00,413.55
2016-03-13 08:03:00,412.4
2016-03-13 09:03:00,413.12
2016-03-13 10:03:00,413.39
2016-03-13 11:03:00,413.76
2016-03-13 12:03:00,413.86
2016-03-13 13:03:00,415.38
2016-03-13 14:03:00,414.1
2016-03-13 15:03:00,415.74
2016-03-13 16:03:00,413.11
2016-03-13 17:03:00,412.06
2016-03-13 18:03:00,411.69
2016-03-13 19:03:00,414.92
2016-03-13 20:03:00,414.8
2016-03-13 21:03:00,416.1
2016-03-13 22:03:00,412.22
2016-03-13 23:03:00,412.27
2016-03-13 24:03:00,412.55
2016-03-14 01:03:00,412.72
2016-03-14 02:03:00,412.04
2016-03-14 03:03:00,412.14
2016-03-14 04:03:00,412.61
2016-03-14 05:03:00,415.41
2016-03-14 06:03:00,417.17
2016-03-14 07:03:00,415.18
2016-03-14 08:03:00,415.94
2016-03-14 09:03:00,415.23
2016-03-14 10:03:00,413.68
2016-03-14 11:03:00,414
2016-03-14 12:03:00,413.85
2016-03-14 13:03:00,414.37
2016-03-14 14:03:00,414.7
2016-03-14 15:03:00,414.7
2016-03-14 16:03:00,415.92
2016-03-14 17:03:00,416.22
2016-03-14 18:03:00,413.55
2016-03-14 19:03:00,416.31
2016-03-14 20:03:00,417.83
2016-03-14 21:03:00,413.22
2016-03-14 22:03:00,419.73
2016-03-14 23:03:00,413.91
2016-03-14 24:03:00,413.9
2016-03-15 01:03:00,414.82
2016-03-15 02:03:00,415.67
2016-03-15 03:03:00,415.95
2016-03-15 04:03:00,416.39
2016-03-15 05:03:00,415.27
2016-03-15 06:03:00,416.6
2016-03-15 07:03:00,419.01
2016-03-15 08:03:00,416.96
2016-03-15 09:03:00,417.64
2016-03-15 10:03:00,415.88
2016-03-15 11:03:00,415.81
2016-03-15 12:03:00,415.22
2016-03-15 13:03:00,415.87
2016-03-15 14:03:00,416.51
2016-03-15 15:03:00,416.16
2016-03-15 16:03:00,415.64
2016-03-15 17:03:00,413.91
2016-03-15 18:03:00,414.66
2016-03-15 19:03:00,415.1
2016-03-15 20:03:00,415
2016-03-15 21:03:00,424.63
2016-03-15 22:03:00,415.54
2016-03-15 23:03:00,415.4
2016-03-15 24:03:00,416.14
2016-03-16 01:03:00,415.82
2016-03-16 02:03:00,416.05
2016-03-16 03:03:00,415.6
2016-03-16 04:03:00,414.83
2016-03-16 05:03:00,415.33
2016-03-16 06:03:00,414.63
2016-03-16 07:03:00,415.15
2016-03-16 08:03:00,415.21
2016-03-16 09:03:00,414.91
2016-03-16 10:03:00,414.55
2016-03-16 11:03:00,415.37
2016-03-16 12:03:00,415.55
2016-03-16 13:03:00,416.01
2016-03-16 14:03:00,416.45
2016-03-16 15:03:00,416.73
2016-03-16 16:03:00,415.01
2016-03-16 17:03:00,415.03
2016-03-16 18:03:00,415.23
2016-03-16 19:03:00,415.46
2016-03-16 20:03:00,415.6
2016-03-16 21:03:00,415.25
2016-03-16 22:03:00,417.08
2016-03-16 23:03:00,415.48
2016-03-16 24:03:00,416.02
2016-03-17 01:03:00,417.05
2016-03-17 02:03:00,416.44
2016-03-17 03:03:00,416.84
2016-03-17 04:03:00,416.53
2016-03-17 05:03:00,416.92
2016-03-17 06:03:00,417.56
2016-03-17 07:03:00,418.99
2016-03-17 08:03:00,419.2
2016-03-17 09:03:00,419.03
2016-03-17 10:03:00,417.88
2016-03-17 11:03:00,417.54
2016-03-17 12:03:00,417.89
2016-03-17 13:03:00,419.66
2016-03-17 14:03:00,418.78
2016-03-17 15:03:00,419.19
2016-03-17 16:03:00,421.22
2016-03-17 17:03:00,430.35
2016-03-17 18:03:00,427.29
2016-03-17 19:03:00,419.03
2016-03-17 20:03:00,419.28
2016-03-17 21:03:00,425.64
2016-03-17 22:03:00,422.69
2016-03-17 23:03:00,419.06
2016-03-17 24:03:00,418.29
2016-03-18 01:03:00,418.98
2016-03-18 02:03:00,418.45
2016-03-18 03:03:00,420.15
2016-03-18 04:03:00,417.09
2016-03-18 05:03:00,421.25
2016-03-18 06:03:00,417.52
2016-03-18 07:03:00,417.25
2016-03-18 08:03:00,415.73
2016-03-18 09:03:00,415.74
2016-03-18 10:03:00,416.34
2016-03-18 11:03:00,415.07
2016-03-18 12:03:00,415.22
2016-03-18 13:03:00,415.63
2016-03-18 14:03:00,413.96
2016-03-18 15:03:00,414.53
2016-03-18 16:03:00,414.55
2016-03-18 17:03:00,410.05
2016-03-18 18:03:00,410.24
2016-03-18 19:03:00,408.71
2016-03-18 20:03:00,407.53
2016-03-18 21:03:00,406
2016-03-18 22:03:00,406.87
2016-03-18 23:03:00,406.07
2016-03-18 24:03:00,407.37
2016-03-19 01:03:00,408.06
2016-03-19 02:03:00,409.2
2016-03-19 03:03:00,409.34
2016-03-19 04:03:00,408.59
2016-03-19 05:03:00,409.02
2016-03-19 06:03:00,408.27
2016-03-19 07:03:00,407.33
2016-03-19 08:03:00,414.03
2016-03-19 09:03:00,409.87
2016-03-19 10:03:00,409.33
2016-03-19 11:03:00,410.39
2016-03-19 12:03:00,410.58
2016-03-19 13:03:00,408.4
2016-03-19 14:03:00,408.73
2016-03-19 15:03:00,409.12
2016-03-19 16:03:00,407.65
2016-03-19 17:03:00,407.04
2016-03-19 18:03:00,407.55
2016-03-19 19:03:00,405.91
2016-03-19 20:03:00,403.39
2016-03-19 21:03:00,405.13
2016-03-19 22:03:00,405.38
2016-03-19 23:03:00,409.7
2016-03-19 24:03:00,406.6
2016-03-20 01:03:00,408.2
2016-03-20 02:03:00,408.2
2016-03-20 03:03:00,408.88
2016-03-20 04:03:00,411.13
2016-03-20 05:03:00,412.31
2016-03-20 06:03:00,409.75
2016-03-20 07:03:00,411.59
2016-03-20 08:03:00,409.86
2016-03-20 09:03:00,410.32
2016-03-20 10:03:00,415.36
2016-03-20 11:03:00,412.66
2016-03-20 12:03:00,411.69
2016-03-20 13:03:00,410.94
2016-03-20 14:03:00,410.8
2016-03-20 15:03:00,410.51
2016-03-20 16:03:00,411.14
2016-03-20 17:03:00,411.4
2016-03-20 18:03:00,410.71
2016-03-20 19:03:00,411.64
2016-03-20 20:03:00,411.47
2016-03-20 21:03:00,412.47
2016-03-20 22:03:00,417.45
2016-03-20 23:03:00,414.38
2016-03-20 24:03:00,411.33
2016-03-21 01:03:00,415.78
2016-03-21 02:03:00,412.12
2016-03-21 03:03:00,411.79
2016-03-21 04:03:00,408.87
2016-03-21 05:03:00,410.4
2016-03-21 06:03:00,409.9
2016-03-21 07:03:00,408.61
2016-03-21 08:03:00,410.39
2016-03-21 09:03:00,410.22
2016-03-21 10:03:00,408.86
2016-03-21 11:03:00,409.74
2016-03-21 12:03:00,410.22
2016-03-21 13:03:00,409.06
2016-03-21 14:03:00,409.89
2016-03-21 15:03:00,410.27
2016-03-21 16:03:00,411.44
2016-03-21 17:03:00,410.61
2016-03-21 18:03:00,410.9
2016-03-21 19:03:00,413.01
2016-03-21 20:03:00,410.22
2016-03-21 21:03:00,411.35
2016-03-21 22:03:00,411.24
2016-03-21 23:03:00,410.93
2016-03-21 24:03:00,411.22
2016-03-22 01:03:00,411.7
2016-03-22 02:03:00,411.41
2016-03-22 03:03:00,411.69
2016-03-22 04:03:00,413.08
2016-03-22 05:03:00,414.27
2016-03-22 06:03:00,416.79
2016-03-22 07:03:00,416.35
2016-03-22 08:03:00,417.19
2016-03-22 09:03:00,417.43
2016-03-22 10:03:00,416.85
2016-03-22 11:03:00,416.34
2016-03-22 12:03:00,417.89
2016-03-22 13:03:00,417.44
2016-03-22 14:03:00,415.79
2016-03-22 15:03:00,417.16
2016-03-22 16:03:00,415.66
2016-03-22 17:03:00,419.19
2016-03-22 18:03:00,416.22
2016-03-22 19:03:00,415.49
2016-03-22 20:03:00,416.08
2016-03-22 21:03:00,416.36
2016-03-22 22:03:00,416.29
2016-03-22 23:03:00,416.77
2016-03-22 24:03:00,417.03
2016-03-23 01:03:00,416.3
2016-03-23 02:03:00,417.26
2016-03-23 03:03:00,417.7
2016-03-23 04:03:00,417.88
2016-03-23 05:03:00,417.86
2016-03-23 06:03:00,417.61
2016-03-23 07:03:00,417.48
2016-03-23 08:03:00,418.69
2016-03-23 09:03:00,417.55
2016-03-23 10:03:00,416.13
2016-03-23 11:03:00,416.91
2016-03-23 12:03:00,416.99
2016-03-23 13:03:00,416.95
2016-03-23 14:03:00,416.43
2016-03-23 15:03:00,416.56
2016-03-23 16:03:00,416.66
2016-03-23 17:03:00,415.93
2016-03-23 18:03:00,417.08
2016-03-23 19:03:00,417.64
2016-03-23 20:03:00,417.67
2016-03-23 21:03:00,417.63
2016-03-23 22:03:00,418.16
2016-03-23 23:03:00,418.4
2016-03-23 24:03:00,418.62
2016-03-24 01:03:00,417.61
2016-03-24 02:03:00,427.84
2016-03-24 03:03:00,416.92
2016-03-24 04:03:00,416.96
2016-03-24 05:03:00,416.43
2016-03-24 06:03:00,416.45
2016-03-24 07:03:00,418.04
2016-03-24 08:03:00,417.07
2016-03-24 09:03:00,417.24
2016-03-24 10:03:00,415.57
2016-03-24 11:03:00,414.42
2016-03-24 12:03:00,414.56
2016-03-24 13:03:00,414.71
2016-03-24 14:03:00,415.11
2016-03-24 15:03:00,417.25
2016-03-24 16:03:00,415.94
2016-03-24 17:03:00,420.44
2016-03-24 18:03:00,419.45
2016-03-24 19:03:00,421.57
2016-03-24 20:03:00,415.63
2016-03-24 21:03:00,415.79
2016-03-24 22:03:00,420.66
2016-03-24 23:03:00,417.3
2016-03-24 24:03:00,415.1
2016-03-25 01:03:00,419.25
2016-03-25 02:03:00,414.27
2016-03-25 03:03:00,413.71
2016-03-25 04:03:00,413.54
2016-03-25 05:03:00,414.64
2016-03-25 06:03:00,414.81
2016-03-25 07:03:00,415.89
2016-03-25 08:03:00,440.02
2016-03-25 09:03:00,416.36
2016-03-25 10:03:00,416.34
2016-03-25 11:03:00,415.2
2016-03-25 12:03:00,415.13
2016-03-25 13:03:00,415.33
2016-03-25 14:03:00,415.8
2016-03-25 15:03:00,415.89
2016-03-25 16:03:00,415.43
2016-03-25 17:03:00,416.21
2016-03-25 18:03:00,417.06
2016-03-25 19:03:00,417.22
2016-03-25 20:03:00,423.32
2016-03-25 21:03:00,415.76
2016-03-25 22:03:00,423.74
2016-03-25 23:03:00,415.32
2016-03-25 24:03:00,421.32
2016-03-26 01:03:00,415.83
2016-03-26 02:03:00,417.36
2016-03-26 03:03:00,417
2016-03-26 04:03:00,417.84
2016-03-26 05:03:00,417.22
2016-03-26 06:03:00,416.93
2016-03-26 07:03:00,417.64
2016-03-26 08:03:00,417.78
2016-03-26 09:03:00,418.71
2016-03-26 10:03:00,416.94
2016-03-26 11:03:00,416.22
2016-03-26 12:03:00,415.89
2016-03-26 13:03:00,415.95
2016-03-26 14:03:00,415.74
2016-03-26 15:03:00,416.5
2016-03-26 16:03:00,415.73
2016-03-26 17:03:00,417.93
2016-03-26 18:03:00,414.87
2016-03-26 19:03:00,415.91
2016-03-26 20:03:00,416.58
2016-03-26 21:03:00,416.71
2016-03-26 22:03:00,416.16
2016-03-26 23:03:00,424.08
2016-03-26 24:03:00,416.62
2016-03-27 01:03:00,417.22
2016-03-27 02:03:00,418.62
2016-03-27 04:03:00,416.89
2016-03-27 05:03:00,417.12
2016-03-27 06:03:00,416.73
2016-03-27 07:03:00,421.96
2016-03-27 08:03:00,417.3
2016-03-27 09:03:00,417.13
2016-03-27 10:03:00,417.52
2016-03-27 11:03:00,416.48
2016-03-27 12:03:00,415.99
2016-03-27 13:03:00,417.76
2016-03-27 14:03:00,417.75
2016-03-27 15:03:00,417.67
2016-03-27 16:03:00,417.21
2016-03-27 17:03:00,417.98
2016-03-27 18:03:00,418.78
2016-03-27 19:03:00,423.58
2016-03-27 20:03:00,427.46
2016-03-27 21:03:00,426.83
2016-03-27 22:03:00,427.58
2016-03-27 23:03:00,426.63
2016-03-27 24:03:00,425.96
2016-03-28 01:03:00,426.03
2016-03-28 02:03:00,425.09
2016-03-28 03:03:00,424.49
2016-03-28 04:03:00,425.7
2016-03-28 05:03:00,426.77
2016-03-28 06:03:00,424.2
2016-03-28 07:03:00,426.5
2016-03-28 08:03:00,425.05
2016-03-28 09:03:00,426.45
2016-03-28 10:03:00,425.5
2016-03-28 11:03:00,424.35
2016-03-28 12:03:00,424.26
2016-03-28 13:03:00,423.6
2016-03-28 14:03:00,424.06
2016-03-28 15:03:00,424.98
2016-03-28 16:03:00,422.81
2016-03-28 17:03:00,423.18
2016-03-28 18:03:00,422.43
2016-03-28 19:03:00,422.88
2016-03-28 20:03:00,422.5
2016-03-28 21:03:00,423.16
2016-03-28 22:03:00,422.84
2016-03-28 23:03:00,422.29
2016-03-28 24:03:00,422.53
2016-03-29 01:03:00,422.13
2016-03-29 02:03:00,423
2016-03-29 03:03:00,422.32
2016-03-29 04:03:00,424.03
2016-03-29 05:03:00,424.57
2016-03-29 06:03:00,423.92
2016-03-29 07:03:00,423.7
2016-03-29 08:03:00,423.36
2016-03-29 09:03:00,422.73
2016-03-29 10:03:00,423.72
2016-03-29 11:03:00,422.85
2016-03-29 12:03:00,422.78
2016-03-29 13:03:00,421.56
2016-03-29 14:03:00,419.95
2016-03-29 15:03:00,412.44
2016-03-29 16:03:00,413.29
2016-03-29 17:03:00,414.54
2016-03-29 18:03:00,418.32
2016-03-29 19:03:00,412.83
2016-03-29 20:03:00,413.42
2016-03-29 21:03:00,413.97
2016-03-29 22:03:00,415.22
2016-03-29 23:03:00,414.27
2016-03-29 24:03:00,414.56
2016-03-30 01:03:00,414.69
2016-03-30 02:03:00,415.37
2016-03-30 03:03:00,414.74
2016-03-30 04:03:00,413.86
2016-03-30 05:03:00,414.22
2016-03-30 06:03:00,415.23
2016-03-30 07:03:00,415.33
2016-03-30 08:03:00,416.21
2016-03-30 09:03:00,414.37
2016-03-30 10:03:00,412.1
2016-03-30 11:03:00,412.19
2016-03-30 12:03:00,412.93
2016-03-30 13:03:00,413.55
2016-03-30 14:03:00,413.22
2016-03-30 15:03:00,413.9
2016-03-30 16:03:00,415.39
2016-03-30 17:03:00,411
2016-03-30 18:03:00,412.16
2016-03-30 19:03:00,412.82
2016-03-30 20:03:00,412.57
2016-03-30 21:03:00,412.08
2016-03-30 22:03:00,415.68
2016-03-30 23:03:00,412.88
2016-03-30 24:03:00,413.76
2016-03-31 01:03:00,413.48
2016-03-31 02:03:00,412.68
2016-03-31 03:03:00,412.78
2016-03-31 04:03:00,415.01
2016-03-31 05:03:00,415.56
2016-03-31 06:03:00,417.35
2016-03-31 07:03:00,415.42
2016-03-31 08:03:00,418.35
2016-03-31 09:03:00,415.91
2016-03-31 10:03:00,415.59
2016-03-31 11:03:00,415.09
2016-03-31 12:03:00,414.17
2016-03-31 13:03:00,415.1
2016-03-31 14:03:00,414.65
2016-03-31 15:03:00,415.25
2016-03-31 16:03:00,416.34
2016-03-31 17:03:00,415.3
2016-03-31 18:03:00,414.74
2016-03-31 19:03:00,415.15
2016-03-31 20:03:00,416.48
2016-03-31 21:03:00,420.49
2016-03-31 22:03:00,416.63
2016-03-31 23:03:00,416.23
2016-03-31 24:03:00,420.38
2016-04-01 01:04:00,416.45
2016-04-01 02:04:00,416.12
2016-04-01 03:04:00,415.15
2016-04-01 04:04:00,413.1
2016-04-01 05:04:00,415.79
2016-04-01 06:04:00,418.44
2016-04-01 07:04:00,415.45
2016-04-01 08:04:00,415.22
2016-04-01 09:04:00,416.92
2016-04-01 10:04:00,414.61
2016-04-01 11:04:00,415.08
2016-04-01 12:04:00,414.94
2016-04-01 13:04:00,415.34
2016-04-01 14:04:00,415.32
2016-04-01 15:04:00,416.23
2016-04-01 16:04:00,416.11
2016-04-01 17:04:00,417.49
2016-04-01 18:04:00,416.25
2016-04-01 19:04:00,416.27
2016-04-01 20:04:00,416.41
2016-04-01 21:04:00,415.87
2016-04-01 22:04:00,415.87
2016-04-01 23:04:00,410.03
2016-04-01 24:04:00,397.98
2016-04-02 01:04:00,416.01
2016-04-02 02:04:00,416.37
2016-04-02 03:04:00,417.67
2016-04-02 04:04:00,420.22
2016-04-02 05:04:00,420.67
2016-04-02 06:04:00,419.54
2016-04-02 07:04:00,419.58
2016-04-02 08:04:00,418.67
2016-04-02 09:04:00,420.23
2016-04-02 10:04:00,419.39
2016-04-02 11:04:00,418.46
2016-04-02 12:04:00,418.85
2016-04-02 13:04:00,421.17
2016-04-02 14:04:00,418.99
2016-04-02 15:04:00,419.26
2016-04-02 16:04:00,420.61
2016-04-02 17:04:00,419.76
2016-04-02 18:04:00,418.32
2016-04-02 19:04:00,424.44
2016-04-02 20:04:00,418.63
2016-04-02 21:04:00,418.53
2016-04-02 22:04:00,418.61
2016-04-02 23:04:00,421.58
2016-04-02 24:04:00,419.19
2016-04-03 01:04:00,424.03
2016-04-03 02:04:00,420.03
2016-04-03 03:04:00,424.96
2016-04-03 04:04:00,423.66
2016-04-03 05:04:00,423.12
2016-04-03 06:04:00,423.59
2016-04-03 07:04:00,419.08
2016-04-03 08:04:00,420.54
2016-04-03 09:04:00,420.11
2016-04-03 10:04:00,419.73
2016-04-03 11:04:00,421.51
2016-04-03 12:04:00,418.84
2016-04-03 13:04:00,418.9
2016-04-03 14:04:00,418.58
2016-04-03 15:04:00,419.39
2016-04-03 16:04:00,421.11
2016-04-03 17:04:00,417.49
2016-04-03 18:04:00,420
2016-04-03 19:04:00,418.37
2016-04-03 20:04:00,421.75
2016-04-03 21:04:00,421.69
2016-04-03 22:04:00,424.53
2016-04-03 23:04:00,419.13
2016-04-03 24:04:00,419.8
2016-04-04 01:04:00,424.15
2016-04-04 02:04:00,425.39
2016-04-04 03:04:00,420.01
2016-04-04 04:04:00,422.44
2016-04-04 05:04:00,423.52
2016-04-04 06:04:00,421.08
2016-04-04 07:04:00,422.98
2016-04-04 08:04:00,420.11
2016-04-04 09:04:00,419.65
2016-04-04 10:04:00,418.99
2016-04-04 11:04:00,417.6
2016-04-04 12:04:00,418.26
2016-04-04 13:04:00,418.91
2016-04-04 14:04:00,417.97
2016-04-04 15:04:00,418.56
2016-04-04 16:04:00,417.91
2016-04-04 17:04:00,420.58
2016-04-04 18:04:00,418.37
2016-04-04 19:04:00,418.44
2016-04-04 20:04:00,419.06
2016-04-04 21:04:00,421.38
2016-04-04 22:04:00,422.91
2016-04-04 23:04:00,419.06
2016-04-04 24:04:00,418.95
2016-04-05 01:04:00,418.93
2016-04-05 02:04:00,419.65
2016-04-05 03:04:00,419.98
2016-04-05 04:04:00,419.49
2016-04-05 05:04:00,419.92
2016-04-05 06:04:00,422.06
2016-04-05 07:04:00,422.77
2016-04-05 08:04:00,423.31
2016-04-05 09:04:00,424.23
2016-04-05 10:04:00,423
2016-04-05 11:04:00,421.7
2016-04-05 12:04:00,420.88
2016-04-05 13:04:00,421.16
2016-04-05 14:04:00,421.68
2016-04-05 15:04:00,422.39
2016-04-05 16:04:00,422.33
2016-04-05 17:04:00,421.59
2016-04-05 18:04:00,420.92
2016-04-05 19:04:00,425.39
2016-04-05 20:04:00,420.87
2016-04-05 21:04:00,424.52
2016-04-05 22:04:00,420.83
2016-04-05 23:04:00,421.05
2016-04-05 24:04:00,421.25
2016-04-06 01:04:00,421.34
2016-04-06 02:04:00,422.58
2016-04-06 03:04:00,423.34
2016-04-06 04:04:00,428.6
2016-04-06 05:04:00,422.02
2016-04-06 06:04:00,421.89
2016-04-06 07:04:00,426.43
2016-04-06 08:04:00,422.86
2016-04-06 09:04:00,423.44
2016-04-06 10:04:00,423.57
2016-04-06 11:04:00,422.26
2016-04-06 12:04:00,421.68
2016-04-06 13:04:00,421.95
2016-04-06 14:04:00,420.16
2016-04-06 15:04:00,422.02
2016-04-06 16:04:00,422.7
2016-04-06 17:04:00,423.42
2016-04-06 18:04:00,425.04
2016-04-06 19:04:00,421.5
2016-04-06 20:04:00,421.91
2016-04-06 21:04:00,428.11
2016-04-06 22:04:00,427.48
2016-04-06 23:04:00,421.42
2016-04-06 24:04:00,426.27
2016-04-07 01:04:00,426.34
2016-04-07 02:04:00,421.88
2016-04-07 03:04:00,420.92
2016-04-07 04:04:00,422.89
2016-04-07 05:04:00,421.9
2016-04-07 06:04:00,421.83
2016-04-07 07:04:00,420.08
2016-04-07 08:04:00,419.43
2016-04-07 09:04:00,419.82
2016-04-07 10:04:00,421.28
2016-04-07 11:04:00,421.84
2016-04-07 12:04:00,421.55
2016-04-07 13:04:00,421.73
2016-04-07 14:04:00,420.24
2016-04-07 15:04:00,420.76
2016-04-07 16:04:00,422.02
2016-04-07 17:04:00,423.16
2016-04-07 18:04:00,423.07
2016-04-07 19:04:00,423.84
2016-04-07 20:04:00,421.18
2016-04-07 21:04:00,422.2
2016-04-07 22:04:00,426.99
2016-04-07 23:04:00,420.65
2016-04-07 24:04:00,421.35
2016-04-08 01:04:00,421.53
2016-04-08 02:04:00,420.59
2016-04-08 03:04:00,424.81
2016-04-08 04:04:00,420.7
2016-04-08 05:04:00,420.62
2016-04-08 06:04:00,424.1
2016-04-08 07:04:00,423.67
2016-04-08 08:04:00,422.29
2016-04-08 09:04:00,422.8
2016-04-08 10:04:00,422.67
2016-04-08 11:04:00,422.37
2016-04-08 12:04:00,423.24
2016-04-08 13:04:00,421.85
2016-04-08 14:04:00,421.34
2016-04-08 15:04:00,422.45
2016-04-08 16:04:00,423.01
2016-04-08 17:04:00,423.94
2016-04-08 18:04:00,424.69
2016-04-08 19:04:00,423.6
2016-04-08 20:04:00,422.71
2016-04-08 21:04:00,426.1
2016-04-08 22:04:00,422.91
2016-04-08 23:04:00,418.62
2016-04-08 24:04:00,418.15
2016-04-09 01:04:00,418.08
2016-04-09 02:04:00,422.86
2016-04-09 03:04:00,417.72
2016-04-09 04:04:00,414.97
2016-04-09 05:04:00,414.59
2016-04-09 06:04:00,415.36
2016-04-09 07:04:00,418.28
2016-04-09 08:04:00,417.98
2016-04-09 09:04:00,417.4
2016-04-09 10:04:00,418.33
2016-04-09 11:04:00,419.41
2016-04-09 12:04:00,415.73
2016-04-09 13:04:00,416.53
2016-04-09 14:04:00,418.64
2016-04-09 15:04:00,419.43
2016-04-09 16:04:00,416.85
2016-04-09 17:04:00,420.8
2016-04-09 18:04:00,421.92
2016-04-09 19:04:00,417.32
2016-04-09 20:04:00,421.84
2016-04-09 21:04:00,419.53
2016-04-09 22:04:00,417.57
2016-04-09 23:04:00,422.9
2016-04-09 24:04:00,423.66
2016-04-10 01:04:00,418.21
2016-04-10 02:04:00,418.23
2016-04-10 03:04:00,418.87
2016-04-10 04:04:00,418.41
2016-04-10 05:04:00,421.71
2016-04-10 06:04:00,422.05
2016-04-10 07:04:00,417.99
2016-04-10 08:04:00,420.1
2016-04-10 09:04:00,420.39
2016-04-10 10:04:00,419.55
2016-04-10 11:04:00,419.22
2016-04-10 12:04:00,417.84
2016-04-10 13:04:00,419.85
2016-04-10 14:04:00,421.13
2016-04-10 15:04:00,418.88
2016-04-10 16:04:00,421.52
2016-04-10 17:04:00,420.11
2016-04-10 18:04:00,422.52
2016-04-10 19:04:00,423.45
2016-04-10 20:04:00,425.85
2016-04-10 21:04:00,421.24
2016-04-10 22:04:00,420.21
2016-04-10 23:04:00,424.93
2016-04-10 24:04:00,421.6
2016-04-11 01:04:00,421
2016-04-11 02:04:00,421.67
2016-04-11 03:04:00,430.68
2016-04-11 04:04:00,421.97
2016-04-11 05:04:00,421.04
2016-04-11 06:04:00,423.75
2016-04-11 07:04:00,420.81
2016-04-11 08:04:00,421.31
2016-04-11 09:04:00,421.59
2016-04-11 10:04:00,420.65
2016-04-11 11:04:00,421.62
2016-04-11 12:04:00,419.59
2016-04-11 13:04:00,419.82
2016-04-11 14:04:00,421.32
2016-04-11 15:04:00,420.42
2016-04-11 16:04:00,422.26
2016-04-11 17:04:00,424.07
2016-04-11 18:04:00,424.01
2016-04-11 19:04:00,421.28
2016-04-11 20:04:00,425.31
2016-04-11 21:04:00,424.44
2016-04-11 22:04:00,421.49
2016-04-11 23:04:00,422.26
2016-04-11 24:04:00,422.22
2016-04-12 01:04:00,428.94
2016-04-12 02:04:00,422.49
2016-04-12 03:04:00,426.47
2016-04-12 04:04:00,427.74
2016-04-12 05:04:00,422.37
2016-04-12 06:04:00,424.15
2016-04-12 07:04:00,427.39
2016-04-12 08:04:00,425.21
2016-04-12 09:04:00,426.25
2016-04-12 10:04:00,425.02
2016-04-12 11:04:00,424.82
2016-04-12 12:04:00,424.93
2016-04-12 13:04:00,424.45
2016-04-12 14:04:00,425.88
2016-04-12 15:04:00,425.59
2016-04-12 16:04:00,425.23
2016-04-12 17:04:00,425.43
2016-04-12 18:04:00,425.88
2016-04-12 19:04:00,428.15
2016-04-12 20:04:00,425.04
2016-04-12 21:04:00,426.26
2016-04-12 22:04:00,427.49
2016-04-12 23:04:00,426.92
2016-04-12 24:04:00,425.15
2016-04-13 01:04:00,424.01
2016-04-13 02:04:00,427.12
2016-04-13 03:04:00,426.37
2016-04-13 04:04:00,425.73
2016-04-13 05:04:00,426.43
2016-04-13 06:04:00,426.39
2016-04-13 07:04:00,429.22
2016-04-13 08:04:00,425.73
2016-04-13 09:04:00,426.19
2016-04-13 10:04:00,425.39
2016-04-13 11:04:00,424.96
2016-04-13 12:04:00,424.92
2016-04-13 13:04:00,424.23
2016-04-13 14:04:00,423.61
2016-04-13 15:04:00,424.92
2016-04-13 16:04:00,423.43
2016-04-13 17:04:00,423.71
2016-04-13 18:04:00,424.2
2016-04-13 19:04:00,424.51
2016-04-13 20:04:00,424.95
2016-04-13 21:04:00,424.36
2016-04-13 22:04:00,424.8
2016-04-13 23:04:00,425.64
2016-04-13 24:04:00,422.44
2016-04-14 01:04:00,424.56
2016-04-14 02:04:00,424.3
2016-04-14 03:04:00,424.41
2016-04-14 04:04:00,425.1
2016-04-14 05:04:00,424.41
2016-04-14 06:04:00,427.48
2016-04-14 07:04:00,425.7
2016-04-14 08:04:00,425.9
2016-04-14 09:04:00,423.8
2016-04-14 10:04:00,425.31
2016-04-14 11:04:00,423.79
2016-04-14 12:04:00,423.06
2016-04-14 13:04:00,423.92
2016-04-14 14:04:00,424.13
2016-04-14 15:04:00,424.6
2016-04-14 16:04:00,425.54
2016-04-14 17:04:00,427.26
2016-04-14 18:04:00,423.41
2016-04-14 19:04:00,424.67
2016-04-14 20:04:00,424.57
2016-04-14 21:04:00,424.89
2016-04-14 22:04:00,424.47
2016-04-14 23:04:00,425.16
2016-04-14 24:04:00,424.64
2016-04-15 01:04:00,425.11
2016-04-15 02:04:00,434.86
2016-04-15 03:04:00,424.62
2016-04-15 04:04:00,429.16
2016-04-15 05:04:00,428.07
2016-04-15 06:04:00,427.51
2016-04-15 07:04:00,426.62
2016-04-15 08:04:00,426.3
2016-04-15 09:04:00,426.27
2016-04-15 10:04:00,423.25
2016-04-15 11:04:00,425.47
2016-04-15 12:04:00,426.86
2016-04-15 13:04:00,426.07
2016-04-15 14:04:00,428.68
2016-04-15 15:04:00,429
2016-04-15 16:04:00,428.79
2016-04-15 17:04:00,429.33
2016-04-15 18:04:00,430.22
2016-04-15 19:04:00,429.23
2016-04-15 20:04:00,428.67
2016-04-15 21:04:00,430.17
2016-04-15 22:04:00,430.56
2016-04-15 23:04:00,434.23
2016-04-15 24:04:00,435.89
2016-04-16 01:04:00,433.04
2016-04-16 02:04:00,430.1
2016-04-16 03:04:00,430.98
2016-04-16 04:04:00,429.73
2016-04-16 05:04:00,428.88
2016-04-16 06:04:00,430.18
2016-04-16 07:04:00,433.39
2016-04-16 08:04:00,431.89
2016-04-16 09:04:00,431.03
2016-04-16 10:04:00,433.68
2016-04-16 11:04:00,432.97
2016-04-16 12:04:00,431.21
2016-04-16 13:04:00,432.52
2016-04-16 14:04:00,432.15
2016-04-16 15:04:00,431.46
2016-04-16 16:04:00,431.15
2016-04-16 17:04:00,429.07
2016-04-16 18:04:00,429.55
2016-04-16 19:04:00,430.43
2016-04-16 20:04:00,429.85
2016-04-16 21:04:00,430.05
2016-04-16 22:04:00,429.5
2016-04-16 23:04:00,429.26
2016-04-16 24:04:00,430.44
2016-04-17 01:04:00,430.46
2016-04-17 02:04:00,429.99
2016-04-17 03:04:00,430
2016-04-17 04:04:00,430.82
2016-04-17 05:04:00,431.53
2016-04-17 06:04:00,432.05
2016-04-17 07:04:00,433.23
2016-04-17 08:04:00,430.78
2016-04-17 09:04:00,432.02
2016-04-17 10:04:00,432.16
2016-04-17 11:04:00,430.39
2016-04-17 12:04:00,429.38
2016-04-17 13:04:00,428.96
2016-04-17 14:04:00,429.54
2016-04-17 15:04:00,428.7
2016-04-17 16:04:00,429.45
2016-04-17 17:04:00,428.19
2016-04-17 18:04:00,431.13
2016-04-17 19:04:00,427.21
2016-04-17 20:04:00,426.84
2016-04-17 21:04:00,426.88
2016-04-17 22:04:00,430.89
2016-04-17 23:04:00,426.97
2016-04-17 24:04:00,427.27
2016-04-18 01:04:00,427.3
2016-04-18 02:04:00,426.93
2016-04-18 03:04:00,427.38
2016-04-18 04:04:00,434.31
2016-04-18 05:04:00,427.77
2016-04-18 06:04:00,428.02
2016-04-18 07:04:00,430.46
2016-04-18 08:04:00,428.93
2016-04-18 09:04:00,428.66
2016-04-18 10:04:00,427.92
2016-04-18 11:04:00,428.32
2016-04-18 12:04:00,427.77
2016-04-18 13:04:00,426.23
2016-04-18 14:04:00,427.9
2016-04-18 15:04:00,427.84
2016-04-18 16:04:00,428.32
2016-04-18 17:04:00,427.64
2016-04-18 18:04:00,427.55
2016-04-18 19:04:00,430.16
2016-04-18 20:04:00,427.35
2016-04-18 21:04:00,426.83
2016-04-18 22:04:00,428.27
2016-04-18 23:04:00,427.76
2016-04-18 24:04:00,427.73
2016-04-19 01:04:00,427.07
2016-04-19 02:04:00,428.6
2016-04-19 03:04:00,432.77
2016-04-19 04:04:00,429.27
2016-04-19 05:04:00,430.4
2016-04-19 06:04:00,433.14
2016-04-19 07:04:00,432.02
2016-04-19 08:04:00,429.05
2016-04-19 09:04:00,432.25
2016-04-19 10:04:00,428.61
2016-04-19 11:04:00,430.25
2016-04-19 12:04:00,428.62
2016-04-19 13:04:00,428.97
2016-04-19 14:04:00,428.59
2016-04-19 15:04:00,430.66
2016-04-19 16:04:00,428.64
2016-04-19 17:04:00,429.34
2016-04-19 18:04:00,431.79
2016-04-19 19:04:00,430.99
2016-04-19 20:04:00,429.86
2016-04-19 21:04:00,432.73
2016-04-19 22:04:00,430.12
2016-04-19 23:04:00,430.04
2016-04-19 24:04:00,431.44
2016-04-20 01:04:00,430.98
2016-04-20 02:04:00,435.65
2016-04-20 03:04:00,435.56
2016-04-20 04:04:00,437.92
2016-04-20 05:04:00,436.23
2016-04-20 06:04:00,437.34
2016-04-20 07:04:00,435.08
2016-04-20 08:04:00,437.31
2016-04-20 09:04:00,437.36
2016-04-20 10:04:00,436.9
2016-04-20 11:04:00,437.22
2016-04-20 12:04:00,436.68
2016-04-20 13:04:00,435.9
2016-04-20 14:04:00,434.35
2016-04-20 15:04:00,436.18
2016-04-20 16:04:00,434.25
2016-04-20 17:04:00,436.21
2016-04-20 18:04:00,437.39
2016-04-20 19:04:00,439.04
2016-04-20 20:04:00,441.53
2016-04-20 21:04:00,441.84
2016-04-20 22:04:00,443.35
2016-04-20 23:04:00,441.8
2016-04-20 24:04:00,443.89
2016-04-21 01:04:00,443.31
2016-04-21 02:04:00,442.17
2016-04-21 03:04:00,448.66
2016-04-21 04:04:00,442.57
2016-04-21 05:04:00,444.72
2016-04-21 06:04:00,445.93
2016-04-21 07:04:00,445.46
2016-04-21 08:04:00,443.38
2016-04-21 09:04:00,443.25
2016-04-21 10:04:00,441.3
2016-04-21 11:04:00,441.9
2016-04-21 12:04:00,441.14
2016-04-21 13:04:00,442.03
2016-04-21 14:04:00,443.39
2016-04-21 15:04:00,442.59
2016-04-21 16:04:00,443.7
2016-04-21 17:04:00,444.36
2016-04-21 18:04:00,442.33
2016-04-21 19:04:00,445.22
2016-04-21 20:04:00,445.7
2016-04-21 21:04:00,447.87
2016-04-21 22:04:00,447.34
2016-04-21 23:04:00,451.24
2016-04-21 24:04:00,450.47
2016-04-22 01:04:00,450.68
2016-04-22 02:04:00,451.17
2016-04-22 03:04:00,450.15
2016-04-22 04:04:00,449.76
2016-04-22 05:04:00,448.84
2016-04-22 06:04:00,446.99
2016-04-22 07:04:00,446.23
2016-04-22 08:04:00,445.19
2016-04-22 09:04:00,445.23
2016-04-22 10:04:00,445.4
2016-04-22 11:04:00,446.11
2016-04-22 12:04:00,445.88
2016-04-22 13:04:00,446.13
2016-04-22 14:04:00,446.72
2016-04-22 15:04:00,446.06
2016-04-22 16:04:00,446.56
2016-04-22 17:04:00,445.07
2016-04-22 18:04:00,445.27
2016-04-22 19:04:00,446.21
2016-04-22 20:04:00,446.84
2016-04-22 21:04:00,447.13
2016-04-22 22:04:00,450.33
2016-04-22 23:04:00,450.28
2016-04-22 24:04:00,448.8
2016-04-23 01:04:00,446.04
2016-04-23 02:04:00,445.2
2016-04-23 03:04:00,445.65
2016-04-23 04:04:00,448.7
2016-04-23 05:04:00,448.66
2016-04-23 06:04:00,451.38
2016-04-23 07:04:00,447.32
2016-04-23 08:04:00,444.96
2016-04-23 09:04:00,446.97
2016-04-23 10:04:00,447.18
2016-04-23 11:04:00,446.49
2016-04-23 12:04:00,445.5
2016-04-23 13:04:00,445.49
2016-04-23 14:04:00,447.9
2016-04-23 15:04:00,447.36
2016-04-23 16:04:00,449.35
2016-04-23 17:04:00,449.18
2016-04-23 18:04:00,448.46
2016-04-23 19:04:00,448.53
2016-04-23 20:04:00,448.76
2016-04-23 21:04:00,448.37
2016-04-23 22:04:00,447.93
2016-04-23 23:04:00,448.2
2016-04-23 24:04:00,448.43
2016-04-24 01:04:00,450.99
2016-04-24 02:04:00,450.93
2016-04-24 03:04:00,453.56
2016-04-24 04:04:00,457.07
2016-04-24 05:04:00,455.76
2016-04-24 06:04:00,454.79
2016-04-24 07:04:00,455.18
2016-04-24 08:04:00,455
2016-04-24 09:04:00,454.02
2016-04-24 10:04:00,454.26
2016-04-24 11:04:00,454.3
2016-04-24 12:04:00,454.6
2016-04-24 13:04:00,456.9
2016-04-24 14:04:00,455.16
2016-04-24 15:04:00,454.49
2016-04-24 16:04:00,452.71
2016-04-24 17:04:00,452.9
2016-04-24 18:04:00,450.12
2016-04-24 19:04:00,452.18
2016-04-24 20:04:00,450.87
2016-04-24 21:04:00,450.88
2016-04-24 22:04:00,458.38
2016-04-24 23:04:00,460.83
2016-04-24 24:04:00,461.02
2016-04-25 01:04:00,459.15
2016-04-25 02:04:00,457.68
2016-04-25 03:04:00,458.73
2016-04-25 04:04:00,461.89
2016-04-25 05:04:00,458.86
2016-04-25 06:04:00,460.62
2016-04-25 07:04:00,458.91
2016-04-25 08:04:00,459.63
2016-04-25 09:04:00,456.85
2016-04-25 10:04:00,457.53
2016-04-25 11:04:00,456.19
2016-04-25 12:04:00,459.01
2016-04-25 13:04:00,456.21
2016-04-25 14:04:00,456.56
2016-04-25 15:04:00,454.88
2016-04-25 16:04:00,458.21
2016-04-25 17:04:00,457.42
2016-04-25 18:04:00,458.46
2016-04-25 19:04:00,457.41
2016-04-25 20:04:00,460.85
2016-04-25 21:04:00,462.51
2016-04-25 22:04:00,462.41
2016-04-25 23:04:00,465.25
2016-04-25 24:04:00,466.03
2016-04-26 01:04:00,468.15
2016-04-26 02:04:00,464.93
2016-04-26 03:04:00,462.73
2016-04-26 04:04:00,464.29
2016-04-26 05:04:00,464.96
2016-04-26 06:04:00,464.93
2016-04-26 07:04:00,463.2
2016-04-26 08:04:00,462.96
2016-04-26 09:04:00,465.05
2016-04-26 10:04:00,463.96
2016-04-26 11:04:00,464.4
2016-04-26 12:04:00,463.28
2016-04-26 13:04:00,463.47
2016-04-26 14:04:00,463.53
2016-04-26 15:04:00,461.84
2016-04-26 16:04:00,463.4
2016-04-26 17:04:00,463.57
2016-04-26 18:04:00,465.36
2016-04-26 19:04:00,467.76
2016-04-26 20:04:00,468.1
2016-04-26 21:04:00,468.13
2016-04-26 22:04:00,466.5
2016-04-26 23:04:00,468.47
2016-04-26 24:04:00,467.81
2016-04-27 01:04:00,467.46
2016-04-27 02:04:00,466.83
2016-04-27 03:04:00,468.2
2016-04-27 04:04:00,467.86
2016-04-27 05:04:00,466.78
2016-04-27 06:04:00,470.51
2016-04-27 07:04:00,468.86
2016-04-27 08:04:00,466.2
2016-04-27 09:04:00,466.67
2016-04-27 10:04:00,466.98
2016-04-27 11:04:00,466.47
2016-04-27 12:04:00,464.81
2016-04-27 13:04:00,465
2016-04-27 14:04:00,463.06
2016-04-27 15:04:00,464.63
2016-04-27 16:04:00,456.19
2016-04-27 17:04:00,453.74
2016-04-27 18:04:00,456.46
2016-04-27 19:04:00,455.71
2016-04-27 20:04:00,455.3
2016-04-27 21:04:00,457.81
2016-04-27 22:04:00,454.25
2016-04-27 23:04:00,454.32
2016-04-27 24:04:00,450.55
2016-04-28 01:04:00,450.63
2016-04-28 02:04:00,447.99
2016-04-28 03:04:00,443.77
2016-04-28 04:04:00,438.34
2016-04-28 05:04:00,443.23
2016-04-28 06:04:00,443.07
2016-04-28 07:04:00,440.7
2016-04-28 08:04:00,441.84
2016-04-28 09:04:00,442.38
2016-04-28 10:04:00,442.53
2016-04-28 11:04:00,444.64
2016-04-28 12:04:00,443.29
2016-04-28 13:04:00,441.41
2016-04-28 14:04:00,444.29
2016-04-28 15:04:00,445.88
2016-04-28 16:04:00,446.76
2016-04-28 17:04:00,445.86
2016-04-28 18:04:00,446.4
2016-04-28 19:04:00,448.4
2016-04-28 20:04:00,447.2
2016-04-28 21:04:00,447.42
2016-04-28 22:04:00,447.03
2016-04-28 23:04:00,446.56
2016-04-28 24:04:00,451.7
2016-04-29 01:04:00,445.65
2016-04-29 02:04:00,449.2
2016-04-29 03:04:00,449.31
2016-04-29 04:04:00,448.42
2016-04-29 05:04:00,450.5
2016-04-29 06:04:00,452.6
2016-04-29 07:04:00,447.78
2016-04-29 08:04:00,448.04
2016-04-29 09:04:00,449.46
2016-04-29 10:04:00,449.28
2016-04-29 11:04:00,447.59
2016-04-29 12:04:00,448.66
2016-04-29 13:04:00,448.55
2016-04-29 14:04:00,449.44
2016-04-29 15:04:00,450.83
2016-04-29 16:04:00,451.35
2016-04-29 17:04:00,450.76
2016-04-29 18:04:00,450.21
2016-04-29 19:04:00,451.8
2016-04-29 20:04:00,452.43
2016-04-29 21:04:00,453.29
2016-04-29 22:04:00,454.56
2016-04-29 23:04:00,454.59
2016-04-29 24:04:00,455.22
2016-04-30 01:04:00,455.58
2016-04-30 02:04:00,454.95
2016-04-30 03:04:00,461.18
2016-04-30 04:04:00,456.08
2016-04-30 05:04:00,458.7
2016-04-30 06:04:00,455.08
2016-04-30 07:04:00,456.84
2016-04-30 08:04:00,454.77
2016-04-30 09:04:00,453.36
2016-04-30 10:04:00,453.96
2016-04-30 11:04:00,456.63
2016-04-30 12:04:00,454.45
2016-04-30 13:04:00,453.41
2016-04-30 14:04:00,454.5
2016-04-30 15:04:00,452.64
2016-04-30 16:04:00,451.88
2016-04-30 17:04:00,455.79
2016-04-30 18:04:00,453.53
2016-04-30 19:04:00,452.3
2016-04-30 20:04:00,453.22
2016-04-30 21:04:00,450.24
2016-04-30 22:04:00,448.8
2016-04-30 23:04:00,449.92
2016-04-30 24:04:00,454.17
2016-05-01 01:05:00,452.57
2016-05-01 02:05:00,450.26
2016-05-01 03:05:00,450.7
2016-05-01 04:05:00,453.78
2016-05-01 05:05:00,450.12
2016-05-01 06:05:00,452.56
2016-05-01 07:05:00,450.46
2016-05-01 08:05:00,451.7
2016-05-01 09:05:00,450.96
2016-05-01 10:05:00,450.54
2016-05-01 11:05:00,449.84
2016-05-01 12:05:00,451.99
2016-05-01 13:05:00,452.17
2016-05-01 14:05:00,452.36
2016-05-01 15:05:00,452.96
2016-05-01 16:05:00,452.76
2016-05-01 17:05:00,454.48
2016-05-01 18:05:00,454.78
2016-05-01 19:05:00,453.33
2016-05-01 20:05:00,457.83
2016-05-01 21:05:00,450.95
2016-05-01 22:05:00,450.99
2016-05-01 23:05:00,454.75
2016-05-01 24:05:00,455.32
2016-05-02 01:05:00,452.89
2016-05-02 02:05:00,452.99
2016-05-02 03:05:00,454.5
2016-05-02 04:05:00,453.96
2016-05-02 05:05:00,452.55
2016-05-02 06:05:00,454
2016-05-02 07:05:00,456.37
2016-05-02 08:05:00,454.56
2016-05-02 09:05:00,453.72
2016-05-02 10:05:00,451.59
2016-05-02 11:05:00,447.82
2016-05-02 12:05:00,442.71
2016-05-02 13:05:00,441.36
2016-05-02 14:05:00,443.12
2016-05-02 15:05:00,441.82
2016-05-02 16:05:00,444.14
2016-05-02 17:05:00,444.08
2016-05-02 18:05:00,441.93
2016-05-02 19:05:00,445.82
2016-05-02 20:05:00,442.82
2016-05-02 21:05:00,447.13
2016-05-02 22:05:00,442.17
2016-05-02 23:05:00,443.12
2016-05-02 24:05:00,445.11
2016-05-03 01:05:00,445.41
2016-05-03 02:05:00,447.16
2016-05-03 03:05:00,444.93
2016-05-03 04:05:00,442.6
2016-05-03 05:05:00,444.06
2016-05-03 06:05:00,443.19
2016-05-03 07:05:00,443.56
2016-05-03 08:05:00,444.84
2016-05-03 09:05:00,446.14
2016-05-03 10:05:00,445.82
2016-05-03 11:05:00,446.43
2016-05-03 12:05:00,446.93
2016-05-03 13:05:00,448.26
2016-05-03 14:05:00,449.97
2016-05-03 15:05:00,448
2016-05-03 16:05:00,449.18
2016-05-03 17:05:00,447.93
2016-05-03 18:05:00,447.77
2016-05-03 19:05:00,447.54
2016-05-03 20:05:00,447.62
2016-05-03 21:05:00,449.01
2016-05-03 22:05:00,450.93
2016-05-03 23:05:00,452.44
2016-05-03 24:05:00,450.36
2016-05-04 01:05:00,450.67
2016-05-04 02:05:00,453.08
2016-05-04 03:05:00,456.47
2016-05-04 04:05:00,451.19
2016-05-04 05:05:00,449.66
2016-05-04 06:05:00,450.38
2016-05-04 07:05:00,449.9
2016-05-04 08:05:00,450.32
2016-05-04 09:05:00,450.92
2016-05-04 10:05:00,450.63
2016-05-04 11:05:00,449.94
2016-05-04 12:05:00,448.04
2016-05-04 13:05:00,446.98
2016-05-04 14:05:00,445.85
2016-05-04 15:05:00,446.11
2016-05-04 16:05:00,446.79
2016-05-04 17:05:00,448
2016-05-04 18:05:00,449.7
2016-05-04 19:05:00,447.32
2016-05-04 20:05:00,446.9
2016-05-04 21:05:00,446.52
2016-05-04 22:05:00,446.55
2016-05-04 23:05:00,446.33
2016-05-04 24:05:00,446.02
2016-05-05 01:05:00,446.94
2016-05-05 02:05:00,447.25
2016-05-05 03:05:00,448.27
2016-05-05 04:05:00,448.59
2016-05-05 05:05:00,447.69
2016-05-05 06:05:00,450.66
2016-05-05 07:05:00,447.66
2016-05-05 08:05:00,447.17
2016-05-05 09:05:00,447.37
2016-05-05 10:05:00,447.78
2016-05-05 11:05:00,447.45
2016-05-05 12:05:00,447.44
2016-05-05 13:05:00,446.18
2016-05-05 14:05:00,445.65
2016-05-05 15:05:00,446.04
2016-05-05 16:05:00,448.16
2016-05-05 17:05:00,449.01
2016-05-05 18:05:00,448.18
2016-05-05 19:05:00,447.32
2016-05-05 20:05:00,449.65
2016-05-05 21:05:00,447.86
2016-05-05 22:05:00,448
2016-05-05 23:05:00,448.41
2016-05-05 24:05:00,448.42
2016-05-06 01:05:00,447.49
2016-05-06 02:05:00,448.74
2016-05-06 03:05:00,448.3
2016-05-06 04:05:00,448.17
2016-05-06 05:05:00,448.06
2016-05-06 06:05:00,450.58
2016-05-06 07:05:00,447.54
2016-05-06 08:05:00,448.35
2016-05-06 09:05:00,449.74
2016-05-06 10:05:00,450.11
2016-05-06 11:05:00,451.16
2016-05-06 12:05:00,450.45
2016-05-06 13:05:00,451.07
2016-05-06 14:05:00,450.94
2016-05-06 15:05:00,450.54
2016-05-06 16:05:00,450.32
2016-05-06 17:05:00,451.81
2016-05-06 18:05:00,453.3
2016-05-06 19:05:00,454.72
2016-05-06 20:05:00,453.86
2016-05-06 21:05:00,454.84
2016-05-06 22:05:00,455.65
2016-05-06 23:05:00,456.74
2016-05-06 24:05:00,461.6
2016-05-07 01:05:00,460.44
2016-05-07 02:05:00,461.1
2016-05-07 03:05:00,460.06
2016-05-07 04:05:00,462.16
2016-05-07 05:05:00,459.26
2016-05-07 06:05:00,458.18
2016-05-07 07:05:00,458.42
2016-05-07 08:05:00,459.35
2016-05-07 09:05:00,458.53
2016-05-07 10:05:00,459.24
2016-05-07 11:05:00,458.55
2016-05-07 12:05:00,459.42
2016-05-07 13:05:00,460.32
2016-05-07 14:05:00,460.12
2016-05-07 15:05:00,459.58
2016-05-07 16:05:00,459.36
2016-05-07 17:05:00,460.06
2016-05-07 18:05:00,457.32
2016-05-07 19:05:00,461.11
2016-05-07 20:05:00,464.05
2016-05-07 21:05:00,459.09
2016-05-07 22:05:00,460.41
2016-05-07 23:05:00,464.34
2016-05-07 24:05:00,460.35
2016-05-08 01:05:00,461.56
2016-05-08 02:05:00,460.07
2016-05-08 03:05:00,459.88
2016-05-08 04:05:00,461.88
2016-05-08 05:05:00,464.03
2016-05-08 06:05:00,466.65
2016-05-08 07:05:00,468.55
2016-05-08 08:05:00,463.02
2016-05-08 09:05:00,460.77
2016-05-08 10:05:00,461.92
2016-05-08 11:05:00,459.26
2016-05-08 12:05:00,457.19
2016-05-08 13:05:00,456.83
2016-05-08 14:05:00,459.6
2016-05-08 15:05:00,457.96
2016-05-08 16:05:00,458.62
2016-05-08 17:05:00,461.66
2016-05-08 18:05:00,460.26
2016-05-08 19:05:00,459.73
2016-05-08 20:05:00,460.69
2016-05-08 21:05:00,459.27
2016-05-08 22:05:00,459.13
2016-05-08 23:05:00,458.51
2016-05-08 24:05:00,458.71
2016-05-09 01:05:00,457.79
2016-05-09 02:05:00,457.87
2016-05-09 03:05:00,458.93
2016-05-09 04:05:00,469.64
2016-05-09 05:05:00,469.27
2016-05-09 06:05:00,462.98
2016-05-09 07:05:00,463.21
2016-05-09 08:05:00,457.76
2016-05-09 09:05:00,458.15
2016-05-09 10:05:00,457.27
2016-05-09 11:05:00,456.44
2016-05-09 12:05:00,457.83
2016-05-09 13:05:00,457.18
2016-05-09 14:05:00,456.52
2016-05-09 15:05:00,457.66
2016-05-09 16:05:00,458.4
2016-05-09 17:05:00,459.27
2016-05-09 18:05:00,459.97
2016-05-09 19:05:00,462.98
2016-05-09 20:05:00,463.45
2016-05-09 21:05:00,462.95
2016-05-09 22:05:00,461.51
2016-05-09 23:05:00,462.04
2016-05-09 24:05:00,460.79
2016-05-10 01:05:00,460.53
2016-05-10 02:05:00,460.95
2016-05-10 03:05:00,462.24
2016-05-10 04:05:00,462.55
2016-05-10 05:05:00,462.45
2016-05-10 06:05:00,461.24
2016-05-10 07:05:00,463.13
2016-05-10 08:05:00,462.77
2016-05-10 09:05:00,460.74
2016-05-10 10:05:00,459.99
2016-05-10 11:05:00,460.08
2016-05-10 12:05:00,458.99
2016-05-10 13:05:00,454.72
2016-05-10 14:05:00,449.53
2016-05-10 15:05:00,451.41
2016-05-10 16:05:00,452.29
2016-05-10 17:05:00,452.02
2016-05-10 18:05:00,451.88
2016-05-10 19:05:00,451.67
2016-05-10 20:05:00,452.56
2016-05-10 21:05:00,452.72
2016-05-10 22:05:00,452.84
2016-05-10 23:05:00,451.94
2016-05-10 24:05:00,452.62
2016-05-11 01:05:00,451.56
2016-05-11 02:05:00,449.72
2016-05-11 03:05:00,451
2016-05-11 04:05:00,451.7
2016-05-11 05:05:00,453.11
2016-05-11 06:05:00,453.42
2016-05-11 07:05:00,457.3
2016-05-11 08:05:00,455.68
2016-05-11 09:05:00,454.33
2016-05-11 10:05:00,454.32
2016-05-11 11:05:00,454.22
2016-05-11 12:05:00,455.33
2016-05-11 13:05:00,454.83
2016-05-11 14:05:00,455.33
2016-05-11 15:05:00,454.23
2016-05-11 16:05:00,454.93
2016-05-11 17:05:00,451.87
2016-05-11 18:05:00,455.77
2016-05-11 19:05:00,454.04
2016-05-11 20:05:00,453.84
2016-05-11 21:05:00,453.68
2016-05-11 22:05:00,452.66
2016-05-11 23:05:00,453.74
2016-05-11 24:05:00,452.22
2016-05-12 01:05:00,452.42
2016-05-12 02:05:00,452.12
2016-05-12 03:05:00,451.91
2016-05-12 04:05:00,453.05
2016-05-12 05:05:00,452.82
2016-05-12 06:05:00,458.4
2016-05-12 07:05:00,452.08
2016-05-12 08:05:00,453.05
2016-05-12 09:05:00,448.38
2016-05-12 10:05:00,449.9
2016-05-12 11:05:00,450.28
2016-05-12 12:05:00,451.52
2016-05-12 13:05:00,450.41
2016-05-12 14:05:00,451.87
2016-05-12 15:05:00,451.63
2016-05-12 16:05:00,450.84
2016-05-12 17:05:00,451.99
2016-05-12 18:05:00,453.22
2016-05-12 19:05:00,453.6
2016-05-12 20:05:00,450.69
2016-05-12 21:05:00,459.19
2016-05-12 22:05:00,450.97
2016-05-12 23:05:00,458.32
2016-05-12 24:05:00,454.67
2016-05-13 01:05:00,454.12
2016-05-13 02:05:00,455.23
2016-05-13 03:05:00,455.08
2016-05-13 04:05:00,456.21
2016-05-13 05:05:00,455.21
2016-05-13 06:05:00,455.17
2016-05-13 07:05:00,458.11
2016-05-13 08:05:00,455.74
2016-05-13 09:05:00,453.02
2016-05-13 10:05:00,456.04
2016-05-13 11:05:00,454.48
2016-05-13 12:05:00,454.81
2016-05-13 13:05:00,455.27
2016-05-13 14:05:00,455.36
2016-05-13 15:05:00,456.23
2016-05-13 16:05:00,455.16
2016-05-13 17:05:00,454.19
2016-05-13 18:05:00,454.96
2016-05-13 19:05:00,455.78
2016-05-13 20:05:00,455.72
2016-05-13 21:05:00,456.24
2016-05-13 22:05:00,458.91
2016-05-13 23:05:00,456.56
2016-05-13 24:05:00,456.01
2016-05-14 01:05:00,456.7
2016-05-14 02:05:00,464.24
2016-05-14 03:05:00,456
2016-05-14 04:05:00,460.07
2016-05-14 05:05:00,457.18
2016-05-14 06:05:00,461.56
2016-05-14 07:05:00,457.19
2016-05-14 08:05:00,455.26
2016-05-14 09:05:00,457.87
2016-05-14 10:05:00,455.05
2016-05-14 11:05:00,456.06
2016-05-14 12:05:00,456.77
2016-05-14 13:05:00,455.93
2016-05-14 14:05:00,454.58
2016-05-14 15:05:00,456.51
2016-05-14 16:05:00,455.29
2016-05-14 17:05:00,459.68
2016-05-14 18:05:00,462.8
2016-05-14 19:05:00,455.61
2016-05-14 20:05:00,455.3
2016-05-14 21:05:00,456.41
2016-05-14 22:05:00,463.75
2016-05-14 23:05:00,456.88
2016-05-14 24:05:00,462.71
2016-05-15 01:05:00,456.65
2016-05-15 02:05:00,457.31
2016-05-15 03:05:00,461
2016-05-15 04:05:00,456.68
2016-05-15 05:05:00,460.97
2016-05-15 06:05:00,460.52
2016-05-15 07:05:00,459.74
2016-05-15 08:05:00,459.83
2016-05-15 09:05:00,464.5
2016-05-15 10:05:00,458.16
2016-05-15 11:05:00,457
2016-05-15 12:05:00,455.1
2016-05-15 13:05:00,457.07
2016-05-15 14:05:00,459.63
2016-05-15 15:05:00,458.46
2016-05-15 16:05:00,459.03
2016-05-15 17:05:00,456.69
2016-05-15 18:05:00,457.11
2016-05-15 19:05:00,463.1
2016-05-15 20:05:00,462.02
2016-05-15 21:05:00,458.82
2016-05-15 22:05:00,463.71
2016-05-15 23:05:00,463.7
2016-05-15 24:05:00,459.39
2016-05-16 01:05:00,460.37
2016-05-16 02:05:00,463.33
2016-05-16 03:05:00,458.72
2016-05-16 04:05:00,463.87
2016-05-16 05:05:00,462.87
2016-05-16 06:05:00,457.89
2016-05-16 07:05:00,459.01
2016-05-16 08:05:00,459.31
2016-05-16 09:05:00,457.11
2016-05-16 10:05:00,457.14
2016-05-16 11:05:00,457.28
2016-05-16 12:05:00,458.16
2016-05-16 13:05:00,457.78
2016-05-16 14:05:00,458.88
2016-05-16 15:05:00,460.16
2016-05-16 16:05:00,460.39
2016-05-16 17:05:00,457.15
2016-05-16 18:05:00,460.26
2016-05-16 19:05:00,460.03
2016-05-16 20:05:00,457.33
2016-05-16 21:05:00,457.15
2016-05-16 22:05:00,456.27
2016-05-16 23:05:00,452.79
2016-05-16 24:05:00,453.56
2016-05-17 01:05:00,454.84
2016-05-17 02:05:00,455.12
2016-05-17 03:05:00,454.08
2016-05-17 04:05:00,454.58
2016-05-17 05:05:00,454.21
2016-05-17 06:05:00,454.4
2016-05-17 07:05:00,458.37
2016-05-17 08:05:00,454.53
2016-05-17 09:05:00,456.14
2016-05-17 10:05:00,456.54
2016-05-17 11:05:00,454.69
2016-05-17 12:05:00,453.56
2016-05-17 13:05:00,454.46
2016-05-17 14:05:00,454.26
2016-05-17 15:05:00,453.87
2016-05-17 16:05:00,453.79
2016-05-17 17:05:00,453.5
2016-05-17 18:05:00,454.05
2016-05-17 19:05:00,456.43
2016-05-17 20:05:00,454.52
2016-05-17 21:05:00,454.37
2016-05-17 22:05:00,453.84
2016-05-17 23:05:00,453.85
2016-05-17 24:05:00,454.52
2016-05-18 01:05:00,453.57
2016-05-18 02:05:00,457.26
2016-05-18 03:05:00,462.03
2016-05-18 04:05:00,459.62
2016-05-18 05:05:00,453.71
2016-05-18 06:05:00,457.13
2016-05-18 07:05:00,456.77
2016-05-18 08:05:00,454.51
2016-05-18 09:05:00,456.68
2016-05-18 10:05:00,459.53
2016-05-18 11:05:00,455.34
2016-05-18 12:05:00,454.69
2016-05-18 13:05:00,454.68
2016-05-18 14:05:00,454.19
2016-05-18 15:05:00,455.2
2016-05-18 16:05:00,457.06
2016-05-18 17:05:00,457.3
2016-05-18 18:05:00,456.08
2016-05-18 19:05:00,456.43
2016-05-18 20:05:00,456.11
2016-05-18 21:05:00,455.96
2016-05-18 22:05:00,455.26
2016-05-18 23:05:00,455.95
2016-05-18 24:05:00,455.22
2016-05-19 01:05:00,455.03
2016-05-19 02:05:00,458.16
2016-05-19 03:05:00,459.71
2016-05-19 04:05:00,454.38
2016-05-19 05:05:00,455.33
2016-05-19 06:05:00,456.58
2016-05-19 07:05:00,454.28
2016-05-19 08:05:00,456.58
2016-05-19 09:05:00,457.33
2016-05-19 10:05:00,454.93
2016-05-19 11:05:00,454.46
2016-05-19 12:05:00,449.29
2016-05-19 13:05:00,449.74
2016-05-19 14:05:00,450.21
2016-05-19 15:05:00,448.61
2016-05-19 16:05:00,447.37
2016-05-19 17:05:00,448.63
2016-05-19 18:05:00,449.42
2016-05-19 19:05:00,448.49
2016-05-19 20:05:00,448.35
2016-05-19 21:05:00,448.72
2016-05-19 22:05:00,448.34
2016-05-19 23:05:00,443.89
2016-05-19 24:05:00,444.04
2016-05-20 01:05:00,442.53
2016-05-20 02:05:00,442.14
2016-05-20 03:05:00,438.33
2016-05-20 04:05:00,438.67
2016-05-20 05:05:00,443.54
2016-05-20 06:05:00,441.24
2016-05-20 07:05:00,442.08
2016-05-20 08:05:00,441.85
2016-05-20 09:05:00,441.71
2016-05-20 10:05:00,442.17
2016-05-20 11:05:00,443.26
2016-05-20 12:05:00,442.43
2016-05-20 13:05:00,442.87
2016-05-20 14:05:00,442.51
2016-05-20 15:05:00,448.04
2016-05-20 16:05:00,444.63
2016-05-20 17:05:00,446.17
2016-05-20 18:05:00,443.48
2016-05-20 19:05:00,442.7
2016-05-20 20:05:00,443.21
2016-05-20 21:05:00,442.29
2016-05-20 22:05:00,444.91
2016-05-20 23:05:00,441.62
2016-05-20 24:05:00,442.17
2016-05-21 01:05:00,441.49
2016-05-21 02:05:00,441.01
2016-05-21 03:05:00,443.58
2016-05-21 04:05:00,442.98
2016-05-21 05:05:00,442.67
2016-05-21 06:05:00,446.42
2016-05-21 07:05:00,443
2016-05-21 08:05:00,443.37
2016-05-21 09:05:00,439.77
2016-05-21 10:05:00,441.12
2016-05-21 11:05:00,443.18
2016-05-21 12:05:00,444.24
2016-05-21 13:05:00,441.66
2016-05-21 14:05:00,442.5
2016-05-21 15:05:00,444.1
2016-05-21 16:05:00,446.58
2016-05-21 17:05:00,449.58
2016-05-21 18:05:00,448.07
2016-05-21 19:05:00,443.15
2016-05-21 20:05:00,442.49
2016-05-21 21:05:00,448.7
2016-05-21 22:05:00,447.04
2016-05-21 23:05:00,448.06
2016-05-21 24:05:00,448.97
2016-05-22 01:05:00,443.9
2016-05-22 02:05:00,448.85
2016-05-22 03:05:00,443.51
2016-05-22 04:05:00,444.67
2016-05-22 05:05:00,444.64
2016-05-22 06:05:00,442.88
2016-05-22 07:05:00,445.87
2016-05-22 08:05:00,445.22
2016-05-22 09:05:00,444.66
2016-05-22 10:05:00,444.78
2016-05-22 11:05:00,442.29
2016-05-22 12:05:00,443.18
2016-05-22 13:05:00,443.59
2016-05-22 14:05:00,443.53
2016-05-22 15:05:00,443.21
2016-05-22 16:05:00,444.78
2016-05-22 17:05:00,443.38
2016-05-22 18:05:00,440.26
2016-05-22 19:05:00,441.94
2016-05-22 20:05:00,443.56
2016-05-22 21:05:00,438.89
2016-05-22 22:05:00,438.02
2016-05-22 23:05:00,439.36
2016-05-22 24:05:00,441.81
2016-05-23 01:05:00,439.35
2016-05-23 02:05:00,441.59
2016-05-23 03:05:00,440.62
2016-05-23 04:05:00,444.4
2016-05-23 05:05:00,439.38
2016-05-23 06:05:00,440.52
2016-05-23 07:05:00,440.38
2016-05-23 08:05:00,441.51
2016-05-23 09:05:00,442.16
2016-05-23 10:05:00,440.72
2016-05-23 11:05:00,442.58
2016-05-23 12:05:00,443.78
2016-05-23 13:05:00,442.45
2016-05-23 14:05:00,443.09
2016-05-23 15:05:00,442.37
2016-05-23 16:05:00,442.25
2016-05-23 17:05:00,442.67
2016-05-23 18:05:00,445.2
2016-05-23 19:05:00,443.16
2016-05-23 20:05:00,442.8
2016-05-23 21:05:00,443.17
2016-05-23 22:05:00,443.51
2016-05-23 23:05:00,442.98
2016-05-23 24:05:00,443.97
2016-05-24 01:05:00,443.45
2016-05-24 02:05:00,443.39
2016-05-24 03:05:00,444.78
2016-05-24 04:05:00,444.92
2016-05-24 05:05:00,455.64
2016-05-24 06:05:00,450.09
2016-05-24 07:05:00,445.42
2016-05-24 08:05:00,444.7
2016-05-24 09:05:00,445.63
2016-05-24 10:05:00,447.29
2016-05-24 11:05:00,444.85
2016-05-24 12:05:00,446
2016-05-24 13:05:00,444.62
2016-05-24 14:05:00,449.43
2016-05-24 15:05:00,445.64
2016-05-24 16:05:00,447.07
2016-05-24 17:05:00,446.05
2016-05-24 18:05:00,446.66
2016-05-24 19:05:00,446.36
2016-05-24 20:05:00,452.83
2016-05-24 21:05:00,446.77
2016-05-24 22:05:00,446.91
2016-05-24 23:05:00,446.33
2016-05-24 24:05:00,445.74
2016-05-25 01:05:00,445.19
2016-05-25 02:05:00,445.87
2016-05-25 03:05:00,457.83
2016-05-25 04:05:00,447.67
2016-05-25 05:05:00,447.18
2016-05-25 06:05:00,447
2016-05-25 07:05:00,447.84
2016-05-25 08:05:00,448.48
2016-05-25 09:05:00,449.61
2016-05-25 10:05:00,448.5
2016-05-25 11:05:00,447.87
2016-05-25 12:05:00,449.39
2016-05-25 13:05:00,449.84
2016-05-25 14:05:00,449.59
2016-05-25 15:05:00,449.77
2016-05-25 16:05:00,449.88
2016-05-25 17:05:00,452.68
2016-05-25 18:05:00,448.5
2016-05-25 19:05:00,448.67
2016-05-25 20:05:00,455.7
2016-05-25 21:05:00,449.09
2016-05-25 22:05:00,448.69
2016-05-25 23:05:00,448.67
2016-05-25 24:05:00,449.72
2016-05-26 01:05:00,449.16
2016-05-26 02:05:00,449.8
2016-05-26 03:05:00,450.41
2016-05-26 04:05:00,448.72
2016-05-26 05:05:00,447.84
2016-05-26 06:05:00,448.42
2016-05-26 07:05:00,448.95
2016-05-26 08:05:00,449.28
2016-05-26 09:05:00,452.67
2016-05-26 10:05:00,450.42
2016-05-26 11:05:00,449.65
2016-05-26 12:05:00,449.6
2016-05-26 13:05:00,450.47
2016-05-26 14:05:00,452.2
2016-05-26 15:05:00,452.89
2016-05-26 16:05:00,453.2
2016-05-26 17:05:00,455.2
2016-05-26 18:05:00,455.29
2016-05-26 19:05:00,453.19
2016-05-26 20:05:00,452.72
2016-05-26 21:05:00,458.94
2016-05-26 22:05:00,453.02
2016-05-26 23:05:00,459.56
2016-05-26 24:05:00,458.96
2016-05-27 01:05:00,458.33
2016-05-27 02:05:00,462.84
2016-05-27 03:05:00,454.02
2016-05-27 04:05:00,460.04
2016-05-27 05:05:00,466.09
2016-05-27 06:05:00,469.11
2016-05-27 07:05:00,468.1
2016-05-27 08:05:00,471.57
2016-05-27 09:05:00,473.79
2016-05-27 10:05:00,477.34
2016-05-27 11:05:00,475.6
2016-05-27 12:05:00,471.75
2016-05-27 13:05:00,473.62
2016-05-27 14:05:00,475.4
2016-05-27 15:05:00,473.6
2016-05-27 16:05:00,476.97
2016-05-27 17:05:00,476.19
2016-05-27 18:05:00,473.99
2016-05-27 19:05:00,471.84
2016-05-27 20:05:00,474.67
2016-05-27 21:05:00,473.3
2016-05-27 22:05:00,477.33
2016-05-27 23:05:00,471.39
2016-05-27 24:05:00,469.35
2016-05-28 01:05:00,472.27
2016-05-28 02:05:00,472.24
2016-05-28 03:05:00,470.87
2016-05-28 04:05:00,473.98
2016-05-28 05:05:00,480.86
2016-05-28 06:05:00,486.93
2016-05-28 07:05:00,493.77
2016-05-28 08:05:00,494.84
2016-05-28 09:05:00,501.15
2016-05-28 10:05:00,500.54
2016-05-28 11:05:00,495.79
2016-05-28 12:05:00,495.3
2016-05-28 13:05:00,498.56
2016-05-28 14:05:00,496.21
2016-05-28 15:05:00,490.91
2016-05-28 16:05:00,497.73
2016-05-28 17:05:00,498.07
2016-05-28 18:05:00,496.1
2016-05-28 19:05:00,495.4
2016-05-28 20:05:00,496.01
2016-05-28 21:05:00,498.42
2016-05-28 22:05:00,498.53
2016-05-28 23:05:00,500.34
2016-05-28 24:05:00,515.14
2016-05-29 01:05:00,524.17
2016-05-29 02:05:00,531.62
2016-05-29 03:05:00,526.44
2016-05-29 04:05:00,524.63
2016-05-29 05:05:00,525.92
2016-05-29 06:05:00,524.91
2016-05-29 07:05:00,514.02
2016-05-29 08:05:00,517.86
2016-05-29 09:05:00,518.94
2016-05-29 10:05:00,519.2
2016-05-29 11:05:00,517.58
2016-05-29 12:05:00,516.18
2016-05-29 13:05:00,515.06
2016-05-29 14:05:00,520.27
2016-05-29 15:05:00,523.06
2016-05-29 16:05:00,528.93
2016-05-29 17:05:00,525.77
2016-05-29 18:05:00,526.13
2016-05-29 19:05:00,524.04
2016-05-29 20:05:00,525.67
2016-05-29 21:05:00,527.77
2016-05-29 22:05:00,547.65
2016-05-29 23:05:00,546.17
2016-05-29 24:05:00,533.34
2016-05-30 01:05:00,522.29
2016-05-30 02:05:00,521.03
2016-05-30 03:05:00,524.83
2016-05-30 04:05:00,523.5
2016-05-30 05:05:00,527.47
2016-05-30 06:05:00,527.84
2016-05-30 07:05:00,533.89
2016-05-30 08:05:00,534.39
2016-05-30 09:05:00,526.56
2016-05-30 10:05:00,532.17
2016-05-30 11:05:00,532.48
2016-05-30 12:05:00,534.49
2016-05-30 13:05:00,537.74
2016-05-30 14:05:00,540.74
2016-05-30 15:05:00,544.15
2016-05-30 16:05:00,535.33
2016-05-30 17:05:00,535.2
2016-05-30 18:05:00,535.21
2016-05-30 19:05:00,532.62
2016-05-30 20:05:00,538.15
2016-05-30 21:05:00,540.34
2016-05-30 22:05:00,536.79
2016-05-30 23:05:00,536.9
2016-05-30 24:05:00,532.85
2016-05-31 01:05:00,536.01
2016-05-31 02:05:00,533.67
2016-05-31 03:05:00,533.2
2016-05-31 04:05:00,534.63
2016-05-31 05:05:00,537.27
2016-05-31 06:05:00,541.41
2016-05-31 07:05:00,540.84
2016-05-31 08:05:00,538.94
2016-05-31 09:05:00,538.18
2016-05-31 10:05:00,538.85
2016-05-31 11:05:00,541.17
2016-05-31 12:05:00,545.7
2016-05-31 13:05:00,545.04
2016-05-31 14:05:00,542.67
2016-05-31 15:05:00,543.15
2016-05-31 16:05:00,543.1
2016-05-31 17:05:00,540.9
2016-05-31 18:05:00,536.79
2016-05-31 19:05:00,527.79
2016-05-31 20:05:00,531.16
2016-05-31 21:05:00,528.56
2016-05-31 22:05:00,530.18
2016-05-31 23:05:00,523.07
2016-05-31 24:05:00,520.82
2016-06-01 01:06:00,525.95
2016-06-01 02:06:00,529.19
2016-06-01 03:06:00,529.27
2016-06-01 04:06:00,531.93
2016-06-01 05:06:00,529.07
2016-06-01 06:06:00,527.48
2016-06-01 07:06:00,528.7
2016-06-01 08:06:00,530.04
2016-06-01 09:06:00,530.02
2016-06-01 10:06:00,529.96
2016-06-01 11:06:00,532.43
2016-06-01 12:06:00,531.27
2016-06-01 13:06:00,530.69
2016-06-01 14:06:00,534.56
2016-06-01 15:06:00,535.64
2016-06-01 16:06:00,539.5
2016-06-01 17:06:00,541.89
2016-06-01 18:06:00,540
2016-06-01 19:06:00,536.37
2016-06-01 20:06:00,535.15
2016-06-01 21:06:00,535.64
2016-06-01 22:06:00,533.1
2016-06-01 23:06:00,533.45
2016-06-01 24:06:00,540.79
2016-06-02 01:06:00,536.04
2016-06-02 02:06:00,538.62
2016-06-02 03:06:00,543.05
2016-06-02 04:06:00,535.35
2016-06-02 05:06:00,538.06
2016-06-02 06:06:00,539.03
2016-06-02 07:06:00,538.53
2016-06-02 08:06:00,539.44
2016-06-02 09:06:00,538.38
2016-06-02 10:06:00,537.81
2016-06-02 11:06:00,535.52
2016-06-02 12:06:00,536.7
2016-06-02 13:06:00,538.68
2016-06-02 14:06:00,535.75
2016-06-02 15:06:00,537.66
2016-06-02 16:06:00,533.05
2016-06-02 17:06:00,533.8
2016-06-02 18:06:00,533.05
2016-06-02 19:06:00,535.81
2016-06-02 20:06:00,536.2
2016-06-02 21:06:00,536.68
2016-06-02 22:06:00,536.8
2016-06-02 23:06:00,534.93
2016-06-02 24:06:00,536.34
2016-06-03 01:06:00,536.53
2016-06-03 02:06:00,539.66
2016-06-03 03:06:00,543.73
2016-06-03 04:06:00,539.65
2016-06-03 05:06:00,539.52
2016-06-03 06:06:00,538.54
2016-06-03 07:06:00,536.52
2016-06-03 08:06:00,538.51
2016-06-03 09:06:00,537.73
2016-06-03 10:06:00,537.9
2016-06-03 11:06:00,545.74
2016-06-03 12:06:00,551.43
2016-06-03 13:06:00,552.53
2016-06-03 14:06:00,551.42
2016-06-03 15:06:00,552.25
2016-06-03 16:06:00,555.12
2016-06-03 17:06:00,557.27
2016-06-03 18:06:00,562.41
2016-06-03 19:06:00,568.5
2016-06-03 20:06:00,571.29
2016-06-03 21:06:00,568.2
2016-06-03 22:06:00,571.29
2016-06-03 23:06:00,570.05
2016-06-03 24:06:00,575.63
2016-06-04 01:06:00,571.17
2016-06-04 02:06:00,568.21
2016-06-04 03:06:00,571.33
2016-06-04 04:06:00,576.62
2016-06-04 05:06:00,570.31
2016-06-04 06:06:00,571.58
2016-06-04 07:06:00,573.14
2016-06-04 08:06:00,571.84
2016-06-04 09:06:00,572.93
2016-06-04 10:06:00,578.87
2016-06-04 11:06:00,580.98
2016-06-04 12:06:00,583.18
2016-06-04 13:06:00,585.73
2016-06-04 14:06:00,575.58
2016-06-04 15:06:00,573.1
2016-06-04 16:06:00,578.44
2016-06-04 17:06:00,575.19
2016-06-04 18:06:00,575.45
2016-06-04 19:06:00,579.21
2016-06-04 20:06:00,565.41
2016-06-04 21:06:00,568.41
2016-06-04 22:06:00,572.65
2016-06-04 23:06:00,571.15
2016-06-04 24:06:00,574.14
2016-06-05 01:06:00,580.08
2016-06-05 02:06:00,572.59
2016-06-05 03:06:00,581
2016-06-05 04:06:00,581.95
2016-06-05 05:06:00,583.52
2016-06-05 06:06:00,579.71
2016-06-05 07:06:00,579.97
2016-06-05 08:06:00,580.98
2016-06-05 09:06:00,575.16
2016-06-05 10:06:00,576.21
2016-06-05 11:06:00,578.4
2016-06-05 12:06:00,578.11
2016-06-05 13:06:00,576.35
2016-06-05 14:06:00,577.79
2016-06-05 15:06:00,578.26
2016-06-05 16:06:00,576.36
2016-06-05 17:06:00,574.57
2016-06-05 18:06:00,574.82
2016-06-05 19:06:00,574.26
2016-06-05 20:06:00,575.63
2016-06-05 21:06:00,579.53
2016-06-05 22:06:00,575.72
2016-06-05 23:06:00,575.55
2016-06-05 24:06:00,570.13
2016-06-06 01:06:00,572.21
2016-06-06 02:06:00,575.75
2016-06-06 03:06:00,576.51
2016-06-06 04:06:00,579.81
2016-06-06 05:06:00,579.23
2016-06-06 06:06:00,581.77
2016-06-06 07:06:00,580.4
2016-06-06 08:06:00,583.82
2016-06-06 09:06:00,583.77
2016-06-06 10:06:00,583.13
2016-06-06 11:06:00,586.41
2016-06-06 12:06:00,581.25
2016-06-06 13:06:00,579.51
2016-06-06 14:06:00,580.05
2016-06-06 15:06:00,582.4
2016-06-06 16:06:00,581.86
2016-06-06 17:06:00,584.45
2016-06-06 18:06:00,585.6
2016-06-06 19:06:00,585.76
2016-06-06 20:06:00,583.88
2016-06-06 21:06:00,585.32
2016-06-06 22:06:00,582.66
2016-06-06 23:06:00,583.99
2016-06-06 24:06:00,581.61
2016-06-07 01:06:00,585.29
2016-06-07 02:06:00,590.83
2016-06-07 03:06:00,588.03
2016-06-07 04:06:00,592.23
2016-06-07 05:06:00,589.65
2016-06-07 06:06:00,588.59
2016-06-07 07:06:00,586.5
2016-06-07 08:06:00,586.71
2016-06-07 09:06:00,584.79
2016-06-07 10:06:00,583.62
2016-06-07 11:06:00,584.09
2016-06-07 12:06:00,590.82
2016-06-07 13:06:00,585.27
2016-06-07 14:06:00,587.74
2016-06-07 15:06:00,584.94
2016-06-07 16:06:00,588.85
2016-06-07 17:06:00,580.75
2016-06-07 18:06:00,575.1
2016-06-07 19:06:00,571.03
2016-06-07 20:06:00,570.88
2016-06-07 21:06:00,572.2
2016-06-07 22:06:00,578.25
2016-06-07 23:06:00,573.32
2016-06-07 24:06:00,576.27
2016-06-08 01:06:00,575.07
2016-06-08 02:06:00,576.73
2016-06-08 03:06:00,578.11
2016-06-08 04:06:00,576.08
2016-06-08 05:06:00,578.38
2016-06-08 06:06:00,574.22
2016-06-08 07:06:00,574.64
2016-06-08 08:06:00,573.16
2016-06-08 09:06:00,573.28
2016-06-08 10:06:00,571.34
2016-06-08 11:06:00,575.18
2016-06-08 12:06:00,576.08
2016-06-08 13:06:00,578.75
2016-06-08 14:06:00,579.82
2016-06-08 15:06:00,581.38
2016-06-08 16:06:00,578.65
2016-06-08 17:06:00,580.69
2016-06-08 18:06:00,577.76
2016-06-08 19:06:00,577.51
2016-06-08 20:06:00,577.45
2016-06-08 21:06:00,583.53
2016-06-08 22:06:00,577.72
2016-06-08 23:06:00,583.86
2016-06-08 24:06:00,580.23
2016-06-09 01:06:00,581.85
2016-06-09 02:06:00,582.26
2016-06-09 03:06:00,579.62
2016-06-09 04:06:00,576.52
2016-06-09 05:06:00,577.66
2016-06-09 06:06:00,581.26
2016-06-09 07:06:00,585.72
2016-06-09 08:06:00,579.33
2016-06-09 09:06:00,579.03
2016-06-09 10:06:00,579.82
2016-06-09 11:06:00,578.55
2016-06-09 12:06:00,578.55
2016-06-09 13:06:00,575.36
2016-06-09 14:06:00,578.76
2016-06-09 15:06:00,579.85
2016-06-09 16:06:00,575.4
2016-06-09 17:06:00,572.28
2016-06-09 18:06:00,576.22
2016-06-09 19:06:00,574.48
2016-06-09 20:06:00,574.97
2016-06-09 21:06:00,574.19
2016-06-09 22:06:00,576.73
2016-06-09 23:06:00,576.7
2016-06-09 24:06:00,573.09
2016-06-10 01:06:00,576.87
2016-06-10 02:06:00,582.9
2016-06-10 03:06:00,574.04
2016-06-10 04:06:00,578.23
2016-06-10 05:06:00,578.06
2016-06-10 06:06:00,575.79
2016-06-10 07:06:00,576.96
2016-06-10 08:06:00,572.7
2016-06-10 09:06:00,573.79
2016-06-10 10:06:00,576.96
2016-06-10 11:06:00,578.41
2016-06-10 12:06:00,577.71
2016-06-10 13:06:00,578.22
2016-06-10 14:06:00,576.75
2016-06-10 15:06:00,576
2016-06-10 16:06:00,577.23
2016-06-10 17:06:00,576.62
2016-06-10 18:06:00,575.42
2016-06-10 19:06:00,575.64
2016-06-10 20:06:00,582.2
2016-06-10 21:06:00,575.91
2016-06-10 22:06:00,578.17
2016-06-10 23:06:00,580.92
2016-06-10 24:06:00,585.49
2016-06-11 01:06:00,579.06
2016-06-11 02:06:00,582.55
2016-06-11 03:06:00,587.74
2016-06-11 04:06:00,583.7
2016-06-11 05:06:00,585.43
2016-06-11 06:06:00,586.52
2016-06-11 07:06:00,585.73
2016-06-11 08:06:00,584.26
2016-06-11 09:06:00,581.47
2016-06-11 10:06:00,582.67
2016-06-11 11:06:00,584.3
2016-06-11 12:06:00,586.16
2016-06-11 13:06:00,584.89
2016-06-11 14:06:00,584.49
2016-06-11 15:06:00,582.92
2016-06-11 16:06:00,586.51
2016-06-11 17:06:00,586.84
2016-06-11 18:06:00,584.22
2016-06-11 19:06:00,590.65
2016-06-11 20:06:00,593.43
2016-06-11 21:06:00,582.78
2016-06-11 22:06:00,585.1
2016-06-11 23:06:00,583.12
2016-06-11 24:06:00,585.17
2016-06-12 01:06:00,591.66
2016-06-12 02:06:00,592.01
2016-06-12 03:06:00,605.6
2016-06-12 04:06:00,618.4
2016-06-12 05:06:00,619.5
2016-06-12 06:06:00,623.23
2016-06-12 07:06:00,630.17
2016-06-12 08:06:00,631.46
2016-06-12 09:06:00,628.51
2016-06-12 10:06:00,627.24
2016-06-12 11:06:00,624.49
2016-06-12 12:06:00,627.66
2016-06-12 13:06:00,635.69
2016-06-12 14:06:00,640.96
2016-06-12 15:06:00,640.65
2016-06-12 16:06:00,647.78
2016-06-12 17:06:00,641.88
2016-06-12 18:06:00,646.23
2016-06-12 19:06:00,647.09
2016-06-12 20:06:00,648.94
2016-06-12 21:06:00,641.72
2016-06-12 22:06:00,646.48
2016-06-12 23:06:00,657.09
2016-06-12 24:06:00,668.85
2016-06-13 01:06:00,669.63
2016-06-13 02:06:00,674.14
2016-06-13 03:06:00,664.08
2016-06-13 04:06:00,669.95
2016-06-13 05:06:00,672.56
2016-06-13 06:06:00,676.39
2016-06-13 07:06:00,678.87
2016-06-13 08:06:00,682.96
2016-06-13 09:06:00,683.43
2016-06-13 10:06:00,677.39
2016-06-13 11:06:00,683.67
2016-06-13 12:06:00,689.08
2016-06-13 13:06:00,683.41
2016-06-13 14:06:00,689.09
2016-06-13 15:06:00,696.76
2016-06-13 16:06:00,700.18
2016-06-13 17:06:00,703.33
2016-06-13 18:06:00,699.39
2016-06-13 19:06:00,687.41
2016-06-13 20:06:00,691.67
2016-06-13 21:06:00,690.38
2016-06-13 22:06:00,688.54
2016-06-13 23:06:00,687.25
2016-06-13 24:06:00,687.43
2016-06-14 01:06:00,701.15
2016-06-14 02:06:00,700.59
2016-06-14 03:06:00,699.16
2016-06-14 04:06:00,696.51
2016-06-14 05:06:00,688.1
2016-06-14 06:06:00,692.59
2016-06-14 07:06:00,693.18
2016-06-14 08:06:00,691.88
2016-06-14 09:06:00,690.92
2016-06-14 10:06:00,686.51
2016-06-14 11:06:00,692.85
2016-06-14 12:06:00,690.96
2016-06-14 13:06:00,688.07
2016-06-14 14:06:00,688.5
2016-06-14 15:06:00,685.63
2016-06-14 16:06:00,687.4
2016-06-14 17:06:00,686.75
2016-06-14 18:06:00,676.27
2016-06-14 19:06:00,671.26
2016-06-14 20:06:00,665.99
2016-06-14 21:06:00,683.63
2016-06-14 22:06:00,683.16
2016-06-14 23:06:00,681.6
2016-06-14 24:06:00,689.52
2016-06-15 01:06:00,686.79
2016-06-15 02:06:00,685.47
2016-06-15 03:06:00,688.67
2016-06-15 04:06:00,682.93
2016-06-15 05:06:00,680.49
2016-06-15 06:06:00,682.58
2016-06-15 07:06:00,683.16
2016-06-15 08:06:00,679.96
2016-06-15 09:06:00,680.97
2016-06-15 10:06:00,680.1
2016-06-15 11:06:00,675.78
2016-06-15 12:06:00,674.47
2016-06-15 13:06:00,672.81
2016-06-15 14:06:00,673.41
2016-06-15 15:06:00,680.05
2016-06-15 16:06:00,679.64
2016-06-15 17:06:00,686.61
2016-06-15 18:06:00,687.75
2016-06-15 19:06:00,690.63
2016-06-15 20:06:00,689.75
2016-06-15 21:06:00,694.59
2016-06-15 22:06:00,695.23
2016-06-15 23:06:00,693.1
2016-06-15 24:06:00,692.95
2016-06-16 01:06:00,691.88
2016-06-16 02:06:00,692.77
2016-06-16 03:06:00,701.27
2016-06-16 04:06:00,720.02
2016-06-16 05:06:00,728.29
2016-06-16 06:06:00,729.97
2016-06-16 07:06:00,732.75
2016-06-16 08:06:00,729.12
2016-06-16 09:06:00,730.6
2016-06-16 10:06:00,732.57
2016-06-16 11:06:00,732.42
2016-06-16 12:06:00,733.38
2016-06-16 13:06:00,736.61
2016-06-16 14:06:00,741.85
2016-06-16 15:06:00,734.65
2016-06-16 16:06:00,734.4
2016-06-16 17:06:00,733.15
2016-06-16 18:06:00,738.72
2016-06-16 19:06:00,739.46
2016-06-16 20:06:00,743.29
2016-06-16 21:06:00,747.25
2016-06-16 22:06:00,760.78
2016-06-16 23:06:00,763.67
2016-06-16 24:06:00,763.21
2016-06-17 01:06:00,769.19
2016-06-17 02:06:00,770.27
2016-06-17 03:06:00,763.71
2016-06-17 04:06:00,773.02
2016-06-17 05:06:00,773.23
2016-06-17 06:06:00,773.94
2016-06-17 07:06:00,771.19
2016-06-17 08:06:00,754.03
2016-06-17 09:06:00,735.25
2016-06-17 10:06:00,720.02
2016-06-17 11:06:00,735.42
2016-06-17 12:06:00,736.75
2016-06-17 13:06:00,731.02
2016-06-17 14:06:00,733.34
2016-06-17 15:06:00,738.6
2016-06-17 16:06:00,747.69
2016-06-17 17:06:00,748.11
2016-06-17 18:06:00,745.38
2016-06-17 19:06:00,741.38
2016-06-17 20:06:00,747.29
2016-06-17 21:06:00,749.48
2016-06-17 22:06:00,749.82
2016-06-17 23:06:00,755.7
2016-06-17 24:06:00,756.25
2016-06-18 01:06:00,742.33
2016-06-18 02:06:00,747.4
2016-06-18 03:06:00,747.18
2016-06-18 04:06:00,731.94
2016-06-18 05:06:00,734.1
2016-06-18 06:06:00,736.51
2016-06-18 07:06:00,735.27
2016-06-18 08:06:00,741.15
2016-06-18 09:06:00,744.94
2016-06-18 10:06:00,744.34
2016-06-18 11:06:00,747.85
2016-06-18 12:06:00,754.98
2016-06-18 13:06:00,751.81
2016-06-18 14:06:00,750.66
2016-06-18 15:06:00,751.69
2016-06-18 16:06:00,751.26
2016-06-18 17:06:00,750.27
2016-06-18 18:06:00,751.98
2016-06-18 19:06:00,765.4
2016-06-18 20:06:00,773.74
2016-06-18 21:06:00,775.42
2016-06-18 22:06:00,774.52
2016-06-18 23:06:00,762.05
2016-06-18 24:06:00,748
2016-06-19 01:06:00,753.11
2016-06-19 02:06:00,754.73
2016-06-19 03:06:00,759.08
2016-06-19 04:06:00,754.61
2016-06-19 05:06:00,755.09
2016-06-19 06:06:00,750.71
2016-06-19 07:06:00,743.71
2016-06-19 08:06:00,750.41
2016-06-19 09:06:00,748.05
2016-06-19 10:06:00,752.81
2016-06-19 11:06:00,752.52
2016-06-19 12:06:00,752.45
2016-06-19 13:06:00,750.48
2016-06-19 14:06:00,758.42
2016-06-19 15:06:00,751.11
2016-06-19 16:06:00,755.19
2016-06-19 17:06:00,763.33
2016-06-19 18:06:00,766.03
2016-06-19 19:06:00,760.09
2016-06-19 20:06:00,764.86
2016-06-19 21:06:00,762.1
2016-06-19 22:06:00,761.02
2016-06-19 23:06:00,758.87
2016-06-19 24:06:00,763.59
2016-06-20 01:06:00,764.47
2016-06-20 02:06:00,766.47
2016-06-20 03:06:00,764.17
2016-06-20 04:06:00,765.48
2016-06-20 05:06:00,756.93
2016-06-20 06:06:00,761.34
2016-06-20 07:06:00,761.61
2016-06-20 08:06:00,758.19
2016-06-20 09:06:00,760.73
2016-06-20 10:06:00,759.87
2016-06-20 11:06:00,761.43
2016-06-20 12:06:00,761.49
2016-06-20 13:06:00,758.94
2016-06-20 14:06:00,752.99
2016-06-20 15:06:00,745.67
2016-06-20 16:06:00,748.52
2016-06-20 17:06:00,746.65
2016-06-20 18:06:00,735.64
2016-06-20 19:06:00,741.22
2016-06-20 20:06:00,737.84
2016-06-20 21:06:00,739.41
2016-06-20 22:06:00,738.62
2016-06-20 23:06:00,733.94
2016-06-20 24:06:00,742.87
2016-06-21 01:06:00,740.24
2016-06-21 02:06:00,735.51
2016-06-21 03:06:00,717.76
2016-06-21 04:06:00,697.88
2016-06-21 05:06:00,695.23
2016-06-21 06:06:00,690.62
2016-06-21 07:06:00,697.94
2016-06-21 08:06:00,705.15
2016-06-21 09:06:00,704.37
2016-06-21 10:06:00,710.22
2016-06-21 11:06:00,710.7
2016-06-21 12:06:00,711.01
2016-06-21 13:06:00,706.26
2016-06-21 14:06:00,690.3
2016-06-21 15:06:00,667.05
2016-06-21 16:06:00,671.33
2016-06-21 17:06:00,659.56
2016-06-21 18:06:00,669.58
2016-06-21 19:06:00,670.61
2016-06-21 20:06:00,681.26
2016-06-21 21:06:00,655.88
2016-06-21 22:06:00,651.91
2016-06-21 23:06:00,650.39
2016-06-21 24:06:00,657.33
2016-06-22 01:06:00,660.59
2016-06-22 02:06:00,668.22
2016-06-22 03:06:00,670.7
2016-06-22 04:06:00,678.28
2016-06-22 05:06:00,673.55
2016-06-22 06:06:00,670.45
2016-06-22 07:06:00,661.6
2016-06-22 08:06:00,659.6
2016-06-22 09:06:00,667.26
2016-06-22 10:06:00,664.9
2016-06-22 11:06:00,672.27
2016-06-22 12:06:00,676.17
2016-06-22 13:06:00,669.62
2016-06-22 14:06:00,666.64
2016-06-22 15:06:00,664.5
2016-06-22 16:06:00,666.32
2016-06-22 17:06:00,666.44
2016-06-22 18:06:00,665.97
2016-06-22 19:06:00,643.66
2016-06-22 20:06:00,629.37
2016-06-22 21:06:00,621.39
2016-06-22 22:06:00,629.28
2016-06-22 23:06:00,623.01
2016-06-22 24:06:00,618.3
2016-06-23 01:06:00,617.69
2016-06-23 02:06:00,601.12
2016-06-23 03:06:00,580.19
2016-06-23 04:06:00,586.89
2016-06-23 05:06:00,562.79
2016-06-23 06:06:00,579.78
2016-06-23 07:06:00,580.05
2016-06-23 08:06:00,572.88
2016-06-23 09:06:00,572.55
2016-06-23 10:06:00,587.89
2016-06-23 11:06:00,592.44
2016-06-23 12:06:00,588.13
2016-06-23 13:06:00,588.31
2016-06-23 14:06:00,592.19
2016-06-23 15:06:00,592.83
2016-06-23 16:06:00,582.04
2016-06-23 17:06:00,582.81
2016-06-23 18:06:00,573.02
2016-06-23 19:06:00,566.74
2016-06-23 20:06:00,604.79
2016-06-23 21:06:00,613.27
2016-06-23 22:06:00,622.98
2016-06-23 23:06:00,611.05
2016-06-23 24:06:00,615.26
2016-06-24 01:06:00,622.45
2016-06-24 02:06:00,626.71
2016-06-24 03:06:00,626.9
2016-06-24 04:06:00,637.71
2016-06-24 05:06:00,638.63
2016-06-24 06:06:00,653.36
2016-06-24 07:06:00,655.93
2016-06-24 08:06:00,670.11
2016-06-24 09:06:00,668.26
2016-06-24 10:06:00,656.45
2016-06-24 11:06:00,656.93
2016-06-24 12:06:00,649.79
2016-06-24 13:06:00,659.7
2016-06-24 14:06:00,661.78
2016-06-24 15:06:00,658.6
2016-06-24 16:06:00,659.87
2016-06-24 17:06:00,662.71
2016-06-24 18:06:00,654.65
2016-06-24 19:06:00,644.85
2016-06-24 20:06:00,649.23
2016-06-24 21:06:00,652.41
2016-06-24 22:06:00,660.82
2016-06-24 23:06:00,656.5
2016-06-24 24:06:00,654.61
2016-06-25 01:06:00,655.97
2016-06-25 02:06:00,656.11
2016-06-25 03:06:00,664.88
2016-06-25 04:06:00,676.41
2016-06-25 05:06:00,687.5
2016-06-25 06:06:00,689.39
2016-06-25 07:06:00,689.95
2016-06-25 08:06:00,682.19
2016-06-25 09:06:00,675.5
2016-06-25 10:06:00,676.87
2016-06-25 11:06:00,678.91
2016-06-25 12:06:00,676.35
2016-06-25 13:06:00,681.65
2016-06-25 14:06:00,677.14
2016-06-25 15:06:00,679.77
2016-06-25 16:06:00,678.67
2016-06-25 17:06:00,680.89
2016-06-25 18:06:00,678.75
2016-06-25 19:06:00,679.29
2016-06-25 20:06:00,654.89
2016-06-25 21:06:00,653.56
2016-06-25 22:06:00,650.98
2016-06-25 23:06:00,657.24
2016-06-25 24:06:00,661.3
2016-06-26 01:06:00,663.8
2016-06-26 02:06:00,669.1
2016-06-26 03:06:00,663.6
2016-06-26 04:06:00,664.15
2016-06-26 05:06:00,663.76
2016-06-26 06:06:00,658.13
2016-06-26 07:06:00,654.68
2016-06-26 08:06:00,648.68
2016-06-26 09:06:00,650.17
2016-06-26 10:06:00,651.74
2016-06-26 11:06:00,654.33
2016-06-26 12:06:00,654.53
2016-06-26 13:06:00,651.26
2016-06-26 14:06:00,645.63
2016-06-26 15:06:00,642.52
2016-06-26 16:06:00,623.5
2016-06-26 17:06:00,625.87
2016-06-26 18:06:00,623.86
2016-06-26 19:06:00,619.85
2016-06-26 20:06:00,628.46
2016-06-26 21:06:00,630.59
2016-06-26 22:06:00,626.25
2016-06-26 23:06:00,628.31
2016-06-26 24:06:00,632.85
2016-06-27 01:06:00,634.91
2016-06-27 02:06:00,630.45
2016-06-27 03:06:00,623.74
2016-06-27 04:06:00,624.62
2016-06-27 05:06:00,641.71
2016-06-27 06:06:00,638.8
2016-06-27 07:06:00,641.12
2016-06-27 08:06:00,640.05
2016-06-27 09:06:00,641.52
2016-06-27 10:06:00,647.13
2016-06-27 11:06:00,645.97
2016-06-27 12:06:00,645.13
2016-06-27 13:06:00,645.07
2016-06-27 14:06:00,636.12
2016-06-27 15:06:00,635.36
2016-06-27 16:06:00,635.49
2016-06-27 17:06:00,629.43
2016-06-27 18:06:00,630.76
2016-06-27 19:06:00,634.62
2016-06-27 20:06:00,636.36
2016-06-27 21:06:00,641.53
2016-06-27 22:06:00,638.68
2016-06-27 23:06:00,645.51
2016-06-27 24:06:00,644.01
2016-06-28 01:06:00,645.48
2016-06-28 02:06:00,649.55
2016-06-28 03:06:00,655.43
2016-06-28 04:06:00,658.77
2016-06-28 05:06:00,658.01
2016-06-28 06:06:00,660.05
2016-06-28 07:06:00,655.36
2016-06-28 08:06:00,650.36
2016-06-28 09:06:00,650.53
2016-06-28 10:06:00,645.19
2016-06-28 11:06:00,645.8
2016-06-28 12:06:00,648.25
2016-06-28 13:06:00,644.74
2016-06-28 14:06:00,650.64
2016-06-28 15:06:00,649.43
2016-06-28 16:06:00,645.8
2016-06-28 17:06:00,642.21
2016-06-28 18:06:00,639.49
2016-06-28 19:06:00,645.6
2016-06-28 20:06:00,646.42
2016-06-28 21:06:00,650.82
2016-06-28 22:06:00,645.71
2016-06-28 23:06:00,644.26
2016-06-28 24:06:00,647.88
2016-06-29 01:06:00,650.2
2016-06-29 02:06:00,646.27
2016-06-29 03:06:00,642.62
2016-06-29 04:06:00,644.17
2016-06-29 05:06:00,629.5
2016-06-29 06:06:00,628.82
2016-06-29 07:06:00,633.55
2016-06-29 08:06:00,628.1
2016-06-29 09:06:00,632.08
2016-06-29 10:06:00,632.97
2016-06-29 11:06:00,636.59
2016-06-29 12:06:00,634.32
2016-06-29 13:06:00,632.91
2016-06-29 14:06:00,630.15
2016-06-29 15:06:00,632.97
2016-06-29 16:06:00,631.92
2016-06-29 17:06:00,632.01
2016-06-29 18:06:00,633.06
2016-06-29 19:06:00,635.87
2016-06-29 20:06:00,639
2016-06-29 21:06:00,643.91
2016-06-29 22:06:00,639.34
2016-06-29 23:06:00,642.23
2016-06-29 24:06:00,640.63
2016-06-30 01:06:00,635.63
2016-06-30 02:06:00,641.01
2016-06-30 03:06:00,639.64
2016-06-30 04:06:00,643.37
2016-06-30 05:06:00,637.48
2016-06-30 06:06:00,645.77
2016-06-30 07:06:00,637.16
2016-06-30 08:06:00,637.1
2016-06-30 09:06:00,640
2016-06-30 10:06:00,640.7
2016-06-30 11:06:00,638.61
2016-06-30 12:06:00,635.6
2016-06-30 13:06:00,649.99
2016-06-30 14:06:00,652.38
2016-06-30 15:06:00,652.73
2016-06-30 16:06:00,662.05
2016-06-30 17:06:00,669.37
2016-06-30 18:06:00,667.95
2016-06-30 19:06:00,667.6
2016-06-30 20:06:00,672.07
2016-06-30 21:06:00,671.54
2016-06-30 22:06:00,667.98
2016-06-30 23:06:00,664.31
2016-06-30 24:06:00,665.27
2016-07-01 01:07:00,669.08
2016-07-01 02:07:00,671.79
2016-07-01 03:07:00,668.59
2016-07-01 04:07:00,672.41
2016-07-01 05:07:00,678.8
2016-07-01 06:07:00,679.22
2016-07-01 07:07:00,685.78
2016-07-01 08:07:00,683.49
2016-07-01 09:07:00,682.71
2016-07-01 10:07:00,676.01
2016-07-01 11:07:00,674.08
2016-07-01 12:07:00,669.36
2016-07-01 13:07:00,677.01
2016-07-01 14:07:00,679.29
2016-07-01 15:07:00,677.17
2016-07-01 16:07:00,675.66
2016-07-01 17:07:00,674.56
2016-07-01 18:07:00,671.93
2016-07-01 19:07:00,672.88
2016-07-01 20:07:00,676.9
2016-07-01 21:07:00,677.29
2016-07-01 22:07:00,672.3
2016-07-01 23:07:00,674.27
2016-07-01 24:07:00,675.31
2016-07-02 01:07:00,679.21
2016-07-02 02:07:00,678.4
2016-07-02 03:07:00,679.74
2016-07-02 04:07:00,678.33
2016-07-02 05:07:00,678.06
2016-07-02 06:07:00,678.36
2016-07-02 07:07:00,680.5
2016-07-02 08:07:00,680.94
2016-07-02 09:07:00,679.78
2016-07-02 10:07:00,677.38
2016-07-02 11:07:00,675.82
2016-07-02 12:07:00,681.35
2016-07-02 13:07:00,689.29
2016-07-02 14:07:00,691.96
2016-07-02 15:07:00,693.74
2016-07-02 16:07:00,693.16
2016-07-02 17:07:00,692.93
2016-07-02 18:07:00,690.79
2016-07-02 19:07:00,693.13
2016-07-02 20:07:00,694.66
2016-07-02 21:07:00,690.41
2016-07-02 22:07:00,695.12
2016-07-02 23:07:00,694.48
2016-07-02 24:07:00,694.11
2016-07-03 01:07:00,699.61
2016-07-03 02:07:00,699.99
2016-07-03 03:07:00,704.85
2016-07-03 04:07:00,700.78
2016-07-03 05:07:00,701.48
2016-07-03 06:07:00,689.03
2016-07-03 07:07:00,692.05
2016-07-03 08:07:00,693.47
2016-07-03 09:07:00,690.96
2016-07-03 10:07:00,681.37
2016-07-03 11:07:00,676.99
2016-07-03 12:07:00,668.78
2016-07-03 13:07:00,672.96
2016-07-03 14:07:00,677.54
2016-07-03 15:07:00,677.43
2016-07-03 16:07:00,674.39
2016-07-03 17:07:00,678.92
2016-07-03 18:07:00,658.58
2016-07-03 19:07:00,653.79
2016-07-03 20:07:00,651.37
2016-07-03 21:07:00,658.24
2016-07-03 22:07:00,662.25
2016-07-03 23:07:00,665.25
2016-07-03 24:07:00,657.84
2016-07-04 01:07:00,659.87
2016-07-04 02:07:00,662.99
2016-07-04 03:07:00,663.29
2016-07-04 04:07:00,649.87
2016-07-04 05:07:00,661.15
2016-07-04 06:07:00,667.86
2016-07-04 07:07:00,670.81
2016-07-04 08:07:00,671.71
2016-07-04 09:07:00,670.34
2016-07-04 10:07:00,672.21
2016-07-04 11:07:00,669.77
2016-07-04 12:07:00,669.52
2016-07-04 13:07:00,666.79
2016-07-04 14:07:00,666.43
2016-07-04 15:07:00,667.25
2016-07-04 16:07:00,672.18
2016-07-04 17:07:00,677.93
2016-07-04 18:07:00,676.19
2016-07-04 19:07:00,669.72
2016-07-04 20:07:00,665.84
2016-07-04 21:07:00,666.95
2016-07-04 22:07:00,673.43
2016-07-04 23:07:00,672.74
2016-07-04 24:07:00,674.59
2016-07-05 01:07:00,676.04
2016-07-05 02:07:00,678.22
2016-07-05 03:07:00,682.4
2016-07-05 04:07:00,679.95
2016-07-05 05:07:00,677.54
2016-07-05 06:07:00,679.93
2016-07-05 07:07:00,677.68
2016-07-05 08:07:00,674.49
2016-07-05 09:07:00,680.61
2016-07-05 10:07:00,676.19
2016-07-05 11:07:00,671.84
2016-07-05 12:07:00,672.7
2016-07-05 13:07:00,668.13
2016-07-05 14:07:00,665.4
2016-07-05 15:07:00,668.22
2016-07-05 16:07:00,669.94
2016-07-05 17:07:00,669.12
2016-07-05 18:07:00,662.31
2016-07-05 19:07:00,666.61
2016-07-05 20:07:00,668.49
2016-07-05 21:07:00,668.53
2016-07-05 22:07:00,678.53
2016-07-05 23:07:00,668.73
2016-07-05 24:07:00,674.18
2016-07-06 01:07:00,674.53
2016-07-06 02:07:00,670.59
2016-07-06 03:07:00,667.35
2016-07-06 04:07:00,674.07
2016-07-06 05:07:00,676.06
2016-07-06 06:07:00,676.57
2016-07-06 07:07:00,679.66
2016-07-06 08:07:00,677.4
2016-07-06 09:07:00,674.88
2016-07-06 10:07:00,675.88
2016-07-06 11:07:00,671.89
2016-07-06 12:07:00,671.29
2016-07-06 13:07:00,669.63
2016-07-06 14:07:00,667.17
2016-07-06 15:07:00,667.6
2016-07-06 16:07:00,672.44
2016-07-06 17:07:00,670.16
2016-07-06 18:07:00,671.18
2016-07-06 19:07:00,674.28
2016-07-06 20:07:00,677.18
2016-07-06 21:07:00,674.21
2016-07-06 22:07:00,674
2016-07-06 23:07:00,673.43
2016-07-06 24:07:00,674.16
2016-07-07 01:07:00,676.69
2016-07-07 02:07:00,675.32
2016-07-07 03:07:00,669.97
2016-07-07 04:07:00,680.75
2016-07-07 05:07:00,678.4
2016-07-07 06:07:00,676.24
2016-07-07 07:07:00,654.98
2016-07-07 08:07:00,642.16
2016-07-07 09:07:00,638.88
2016-07-07 10:07:00,636.89
2016-07-07 11:07:00,639.83
2016-07-07 12:07:00,643.04
2016-07-07 13:07:00,641.86
2016-07-07 14:07:00,640.74
2016-07-07 15:07:00,644.35
2016-07-07 16:07:00,640.63
2016-07-07 17:07:00,641.53
2016-07-07 18:07:00,639.01
2016-07-07 19:07:00,634.29
2016-07-07 20:07:00,620.77
2016-07-07 21:07:00,619.76
2016-07-07 22:07:00,617.8
2016-07-07 23:07:00,619.88
2016-07-07 24:07:00,615.6
2016-07-08 01:07:00,621.17
2016-07-08 02:07:00,636.06
2016-07-08 03:07:00,644.76
2016-07-08 04:07:00,647.09
2016-07-08 05:07:00,647.32
2016-07-08 06:07:00,644.48
2016-07-08 07:07:00,642.62
2016-07-08 08:07:00,636.75
2016-07-08 09:07:00,639.13
2016-07-08 10:07:00,640.08
2016-07-08 11:07:00,642.11
2016-07-08 12:07:00,640.66
2016-07-08 13:07:00,639.16
2016-07-08 14:07:00,641.6
2016-07-08 15:07:00,643.12
2016-07-08 16:07:00,648.78
2016-07-08 17:07:00,650.17
2016-07-08 18:07:00,648.77
2016-07-08 19:07:00,653.11
2016-07-08 20:07:00,651.04
2016-07-08 21:07:00,651.47
2016-07-08 22:07:00,653.13
2016-07-08 23:07:00,655.24
2016-07-08 24:07:00,660.07
2016-07-09 01:07:00,657.73
2016-07-09 02:07:00,662.87
2016-07-09 03:07:00,660.92
2016-07-09 04:07:00,664.32
2016-07-09 05:07:00,659.04
2016-07-09 06:07:00,654.89
2016-07-09 07:07:00,653.79
2016-07-09 08:07:00,657.01
2016-07-09 09:07:00,658.56
2016-07-09 10:07:00,656.75
2016-07-09 11:07:00,653.79
2016-07-09 12:07:00,647.7
2016-07-09 13:07:00,647.13
2016-07-09 14:07:00,651.84
2016-07-09 15:07:00,650.73
2016-07-09 16:07:00,647.85
2016-07-09 17:07:00,647.56
2016-07-09 18:07:00,659.33
2016-07-09 19:07:00,638.23
2016-07-09 20:07:00,635.71
2016-07-09 21:07:00,638.32
2016-07-09 22:07:00,639.83
2016-07-09 23:07:00,641.52
2016-07-09 24:07:00,647.82
2016-07-10 01:07:00,651.46
2016-07-10 02:07:00,654.3
2016-07-10 03:07:00,654.99
2016-07-10 04:07:00,655.47
2016-07-10 05:07:00,649.04
2016-07-10 06:07:00,647.63
2016-07-10 07:07:00,652.28
2016-07-10 08:07:00,648.43
2016-07-10 09:07:00,646.63
2016-07-10 10:07:00,642.09
2016-07-10 11:07:00,645.66
2016-07-10 12:07:00,645.8
2016-07-10 13:07:00,648.07
2016-07-10 14:07:00,645.41
2016-07-10 15:07:00,645.85
2016-07-10 16:07:00,650.65
2016-07-10 17:07:00,639.61
2016-07-10 18:07:00,640.08
2016-07-10 19:07:00,646.19
2016-07-10 20:07:00,654.8
2016-07-10 21:07:00,650.72
2016-07-10 22:07:00,650.32
2016-07-10 23:07:00,650.99
2016-07-10 24:07:00,654.09
2016-07-11 01:07:00,651.13
2016-07-11 02:07:00,658.35
2016-07-11 03:07:00,654.24
2016-07-11 04:07:00,654.66
2016-07-11 05:07:00,657.44
2016-07-11 06:07:00,656.76
2016-07-11 07:07:00,656.5
2016-07-11 08:07:00,657.88
2016-07-11 09:07:00,650.37
2016-07-11 10:07:00,653.33
2016-07-11 11:07:00,646.38
2016-07-11 12:07:00,644.3
2016-07-11 13:07:00,645.2
2016-07-11 14:07:00,645.29
2016-07-11 15:07:00,644.66
2016-07-11 16:07:00,647.5
2016-07-11 17:07:00,649.17
2016-07-11 18:07:00,646.24
2016-07-11 19:07:00,645.95
2016-07-11 20:07:00,652.04
2016-07-11 21:07:00,647.9
2016-07-11 22:07:00,655.93
2016-07-11 23:07:00,648.25
2016-07-11 24:07:00,656.73
2016-07-12 01:07:00,648.3
2016-07-12 02:07:00,647.6
2016-07-12 03:07:00,648.63
2016-07-12 04:07:00,651.92
2016-07-12 05:07:00,650.33
2016-07-12 06:07:00,654.74
2016-07-12 07:07:00,651.74
2016-07-12 08:07:00,647.55
2016-07-12 09:07:00,650.46
2016-07-12 10:07:00,646.61
2016-07-12 11:07:00,647.04
2016-07-12 12:07:00,648.98
2016-07-12 13:07:00,653.63
2016-07-12 14:07:00,654.25
2016-07-12 15:07:00,659.13
2016-07-12 16:07:00,653.8
2016-07-12 17:07:00,652.29
2016-07-12 18:07:00,657.04
2016-07-12 19:07:00,668.27
2016-07-12 20:07:00,670.75
2016-07-12 21:07:00,668.64
2016-07-12 22:07:00,669.02
2016-07-12 23:07:00,668.38
2016-07-12 24:07:00,669.67
2016-07-13 01:07:00,671.44
2016-07-13 02:07:00,674.3
2016-07-13 03:07:00,663.61
2016-07-13 04:07:00,665.65
2016-07-13 05:07:00,665.82
2016-07-13 06:07:00,665.15
2016-07-13 07:07:00,664.35
2016-07-13 08:07:00,664.05
2016-07-13 09:07:00,666.12
2016-07-13 10:07:00,665.33
2016-07-13 11:07:00,666.4
2016-07-13 12:07:00,668.46
2016-07-13 13:07:00,667.92
2016-07-13 14:07:00,668.16
2016-07-13 15:07:00,664.21
2016-07-13 16:07:00,660.72
2016-07-13 17:07:00,661.44
2016-07-13 18:07:00,659.64
2016-07-13 19:07:00,662.87
2016-07-13 20:07:00,665.9
2016-07-13 21:07:00,663.72
2016-07-13 22:07:00,660.26
2016-07-13 23:07:00,659.98
2016-07-13 24:07:00,667.6
2016-07-14 01:07:00,665.31
2016-07-14 02:07:00,660.91
2016-07-14 03:07:00,653.96
2016-07-14 04:07:00,664.54
2016-07-14 05:07:00,657.39
2016-07-14 06:07:00,658.62
2016-07-14 07:07:00,652.28
2016-07-14 08:07:00,654.99
2016-07-14 09:07:00,656.35
2016-07-14 10:07:00,654.38
2016-07-14 11:07:00,653.38
2016-07-14 12:07:00,653.7
2016-07-14 13:07:00,654.21
2016-07-14 14:07:00,657.43
2016-07-14 15:07:00,661.35
2016-07-14 16:07:00,658.47
2016-07-14 17:07:00,660.92
2016-07-14 18:07:00,662.03
2016-07-14 19:07:00,660.74
2016-07-14 20:07:00,663.49
2016-07-14 21:07:00,662.6
2016-07-14 22:07:00,664.17
2016-07-14 23:07:00,659.53
2016-07-14 24:07:00,667.48
2016-07-15 01:07:00,661.35
2016-07-15 02:07:00,660.19
2016-07-15 03:07:00,660.36
2016-07-15 04:07:00,662.96
2016-07-15 05:07:00,659.65
2016-07-15 06:07:00,662.63
2016-07-15 07:07:00,665.73
2016-07-15 08:07:00,665.71
2016-07-15 09:07:00,663.21
2016-07-15 10:07:00,664.69
2016-07-15 11:07:00,663.54
2016-07-15 12:07:00,665.86
2016-07-15 13:07:00,663.93
2016-07-15 14:07:00,664.76
2016-07-15 15:07:00,661.9
2016-07-15 16:07:00,663.26
2016-07-15 17:07:00,664.83
2016-07-15 18:07:00,662.87
2016-07-15 19:07:00,662.93
2016-07-15 20:07:00,665.01
2016-07-15 21:07:00,664.26
2016-07-15 22:07:00,663.22
2016-07-15 23:07:00,673.15
2016-07-15 24:07:00,667.35
2016-07-16 01:07:00,667.62
2016-07-16 02:07:00,665.82
2016-07-16 03:07:00,666.27
2016-07-16 04:07:00,672.26
2016-07-16 05:07:00,676.22
2016-07-16 06:07:00,676.06
2016-07-16 07:07:00,673.01
2016-07-16 08:07:00,671.2
2016-07-16 09:07:00,668.52
2016-07-16 10:07:00,667.21
2016-07-16 11:07:00,663.81
2016-07-16 12:07:00,661.9
2016-07-16 13:07:00,666.85
2016-07-16 14:07:00,665.26
2016-07-16 15:07:00,663.08
2016-07-16 16:07:00,659.58
2016-07-16 17:07:00,661.81
2016-07-16 18:07:00,659.65
2016-07-16 19:07:00,660.1
2016-07-16 20:07:00,660.99
2016-07-16 21:07:00,672.27
2016-07-16 22:07:00,662.96
2016-07-16 23:07:00,661.2
2016-07-16 24:07:00,661.57
2016-07-17 01:07:00,669.38
2016-07-17 02:07:00,666.25
2016-07-17 03:07:00,664.71
2016-07-17 04:07:00,668.52
2016-07-17 05:07:00,664.46
2016-07-17 06:07:00,666.63
2016-07-17 07:07:00,666.32
2016-07-17 08:07:00,667.38
2016-07-17 09:07:00,668.07
2016-07-17 10:07:00,670.17
2016-07-17 11:07:00,668.85
2016-07-17 12:07:00,665.99
2016-07-17 13:07:00,664.31
2016-07-17 14:07:00,668.67
2016-07-17 15:07:00,668.68
2016-07-17 16:07:00,670.39
2016-07-17 17:07:00,667.89
2016-07-17 18:07:00,668.95
2016-07-17 19:07:00,677.76
2016-07-17 20:07:00,683.85
2016-07-17 21:07:00,682.01
2016-07-17 22:07:00,681.59
2016-07-17 23:07:00,679.66
2016-07-17 24:07:00,684.68
2016-07-18 01:07:00,683.41
2016-07-18 02:07:00,679.27
2016-07-18 03:07:00,686.08
2016-07-18 04:07:00,687.8
2016-07-18 05:07:00,683.33
2016-07-18 06:07:00,684.36
2016-07-18 07:07:00,683.81
2016-07-18 08:07:00,682.93
2016-07-18 09:07:00,680.07
2016-07-18 10:07:00,680.28
2016-07-18 11:07:00,677.36
2016-07-18 12:07:00,676.35
2016-07-18 13:07:00,676.95
2016-07-18 14:07:00,678.71
2016-07-18 15:07:00,679.07
2016-07-18 16:07:00,677.46
2016-07-18 17:07:00,676.54
2016-07-18 18:07:00,680.64
2016-07-18 19:07:00,676.62
2016-07-18 20:07:00,674.89
2016-07-18 21:07:00,673.15
2016-07-18 22:07:00,669.88
2016-07-18 23:07:00,672.27
2016-07-18 24:07:00,671.98
2016-07-19 01:07:00,671.89
2016-07-19 02:07:00,673.48
2016-07-19 03:07:00,687.47
2016-07-19 04:07:00,680.41
2016-07-19 05:07:00,677.11
2016-07-19 06:07:00,673.93
2016-07-19 07:07:00,675.83
2016-07-19 08:07:00,670.01
2016-07-19 09:07:00,672.56
2016-07-19 10:07:00,671.2
2016-07-19 11:07:00,672.42
2016-07-19 12:07:00,670.25
2016-07-19 13:07:00,668.6
2016-07-19 14:07:00,668.98
2016-07-19 15:07:00,672.77
2016-07-19 16:07:00,670.12
2016-07-19 17:07:00,670.84
2016-07-19 18:07:00,671.67
2016-07-19 19:07:00,668.41
2016-07-19 20:07:00,667.32
2016-07-19 21:07:00,666.56
2016-07-19 22:07:00,667.28
2016-07-19 23:07:00,669.07
2016-07-19 24:07:00,670.47
2016-07-20 01:07:00,675.54
2016-07-20 02:07:00,674.75
2016-07-20 03:07:00,671.91
2016-07-20 04:07:00,675.58
2016-07-20 05:07:00,671.16
2016-07-20 06:07:00,673.6
2016-07-20 07:07:00,672.68
2016-07-20 08:07:00,673.42
2016-07-20 09:07:00,671.91
2016-07-20 10:07:00,669.39
2016-07-20 11:07:00,667.53
2016-07-20 12:07:00,668.77
2016-07-20 13:07:00,670.29
2016-07-20 14:07:00,671.93
2016-07-20 15:07:00,669.96
2016-07-20 16:07:00,668.19
2016-07-20 17:07:00,669.14
2016-07-20 18:07:00,664.99
2016-07-20 19:07:00,666.3
2016-07-20 20:07:00,665.13
2016-07-20 21:07:00,665.32
2016-07-20 22:07:00,663.84
2016-07-20 23:07:00,663.48
2016-07-20 24:07:00,664.1
2016-07-21 01:07:00,662.6
2016-07-21 02:07:00,664.77
2016-07-21 03:07:00,662.19
2016-07-21 04:07:00,664.43
2016-07-21 05:07:00,661.86
2016-07-21 06:07:00,662.19
2016-07-21 07:07:00,661.37
2016-07-21 08:07:00,662.05
2016-07-21 09:07:00,662.09
2016-07-21 10:07:00,662.86
2016-07-21 11:07:00,662.79
2016-07-21 12:07:00,662.56
2016-07-21 13:07:00,662.3
2016-07-21 14:07:00,662.02
2016-07-21 15:07:00,663.33
2016-07-21 16:07:00,662.68
2016-07-21 17:07:00,667.06
2016-07-21 18:07:00,663.97
2016-07-21 19:07:00,664.02
2016-07-21 20:07:00,671.57
2016-07-21 21:07:00,666.11
2016-07-21 22:07:00,665.3
2016-07-21 23:07:00,665.5
2016-07-21 24:07:00,665
2016-07-22 01:07:00,665.51
2016-07-22 02:07:00,665.85
2016-07-22 03:07:00,665.56
2016-07-22 04:07:00,666.92
2016-07-22 05:07:00,666.6
2016-07-22 06:07:00,666.95
2016-07-22 07:07:00,666.26
2016-07-22 08:07:00,666.17
2016-07-22 09:07:00,666.25
2016-07-22 10:07:00,667.29
2016-07-22 11:07:00,664.99
2016-07-22 12:07:00,663.82
2016-07-22 13:07:00,662.98
2016-07-22 14:07:00,661.64
2016-07-22 15:07:00,660.38
2016-07-22 16:07:00,653.56
2016-07-22 17:07:00,653.3
2016-07-22 18:07:00,654.44
2016-07-22 19:07:00,653.74
2016-07-22 20:07:00,656.21
2016-07-22 21:07:00,657.36
2016-07-22 22:07:00,657.1
2016-07-22 23:07:00,661.36
2016-07-22 24:07:00,656.37
2016-07-23 01:07:00,648.98
2016-07-23 02:07:00,644.94
2016-07-23 03:07:00,651.68
2016-07-23 04:07:00,652.09
2016-07-23 05:07:00,652.39
2016-07-23 06:07:00,655.18
2016-07-23 07:07:00,655.86
2016-07-23 08:07:00,653.33
2016-07-23 09:07:00,651.8
2016-07-23 10:07:00,650.79
2016-07-23 11:07:00,648.12
2016-07-23 12:07:00,655.37
2016-07-23 13:07:00,653.57
2016-07-23 14:07:00,655.34
2016-07-23 15:07:00,654.38
2016-07-23 16:07:00,654.18
2016-07-23 17:07:00,655.15
2016-07-23 18:07:00,655.85
2016-07-23 19:07:00,654.99
2016-07-23 20:07:00,652.9
2016-07-23 21:07:00,659.64
2016-07-23 22:07:00,655.64
2016-07-23 23:07:00,658.89
2016-07-23 24:07:00,655.61
2016-07-24 01:07:00,661.28
2016-07-24 02:07:00,654.31
2016-07-24 03:07:00,659.4
2016-07-24 04:07:00,657.14
2016-07-24 05:07:00,652.76
2016-07-24 06:07:00,653.81
2016-07-24 07:07:00,656.96
2016-07-24 08:07:00,657.68
2016-07-24 09:07:00,661.13
2016-07-24 10:07:00,656.8
2016-07-24 11:07:00,655.37
2016-07-24 12:07:00,655.97
2016-07-24 13:07:00,653.74
2016-07-24 14:07:00,655.1
2016-07-24 15:07:00,660.57
2016-07-24 16:07:00,654.78
2016-07-24 17:07:00,655.19
2016-07-24 18:07:00,657.83
2016-07-24 19:07:00,662.15
2016-07-24 20:07:00,664.5
2016-07-24 21:07:00,663.29
2016-07-24 22:07:00,664.11
2016-07-24 23:07:00,666.72
2016-07-24 24:07:00,664.95
2016-07-25 01:07:00,668.37
2016-07-25 02:07:00,661.2
2016-07-25 03:07:00,672.34
2016-07-25 04:07:00,661.7
2016-07-25 05:07:00,660.64
2016-07-25 06:07:00,659.69
2016-07-25 07:07:00,660.55
2016-07-25 08:07:00,661.63
2016-07-25 09:07:00,659.51
2016-07-25 10:07:00,653.15
2016-07-25 11:07:00,656.73
2016-07-25 12:07:00,656.22
2016-07-25 13:07:00,655.84
2016-07-25 14:07:00,653.84
2016-07-25 15:07:00,653.07
2016-07-25 16:07:00,655.06
2016-07-25 17:07:00,652.38
2016-07-25 18:07:00,655.07
2016-07-25 19:07:00,656.27
2016-07-25 20:07:00,655.54
2016-07-25 21:07:00,661.09
2016-07-25 22:07:00,655.85
2016-07-25 23:07:00,654.78
2016-07-25 24:07:00,655.55
2016-07-26 01:07:00,656.39
2016-07-26 02:07:00,654.15
2016-07-26 03:07:00,655.7
2016-07-26 04:07:00,657.13
2016-07-26 05:07:00,655.18
2016-07-26 06:07:00,665.5
2016-07-26 07:07:00,655.22
2016-07-26 08:07:00,660.26
2016-07-26 09:07:00,646.51
2016-07-26 10:07:00,646.1
2016-07-26 11:07:00,647.08
2016-07-26 12:07:00,647.75
2016-07-26 13:07:00,650.59
2016-07-26 14:07:00,648.16
2016-07-26 15:07:00,648.37
2016-07-26 16:07:00,649.49
2016-07-26 17:07:00,651.67
2016-07-26 18:07:00,651.92
2016-07-26 19:07:00,657.06
2016-07-26 20:07:00,653.4
2016-07-26 21:07:00,659.75
2016-07-26 22:07:00,656
2016-07-26 23:07:00,655.22
2016-07-26 24:07:00,655.74
2016-07-27 01:07:00,660.27
2016-07-27 02:07:00,655.88
2016-07-27 03:07:00,655.73
2016-07-27 04:07:00,650.47
2016-07-27 05:07:00,649.88
2016-07-27 06:07:00,652.04
2016-07-27 07:07:00,650.42
2016-07-27 08:07:00,648.3
2016-07-27 09:07:00,653.87
2016-07-27 10:07:00,655.31
2016-07-27 11:07:00,653.91
2016-07-27 12:07:00,654.68
2016-07-27 13:07:00,651.21
2016-07-27 14:07:00,651.78
2016-07-27 15:07:00,651.54
2016-07-27 16:07:00,652.28
2016-07-27 17:07:00,652.15
2016-07-27 18:07:00,654.17
2016-07-27 19:07:00,658.68
2016-07-27 20:07:00,658.04
2016-07-27 21:07:00,655.98
2016-07-27 22:07:00,655.99
2016-07-27 23:07:00,656.25
2016-07-27 24:07:00,656.76
2016-07-28 01:07:00,656.2
2016-07-28 02:07:00,655.11
2016-07-28 03:07:00,653.93
2016-07-28 04:07:00,657.44
2016-07-28 05:07:00,659.3
2016-07-28 06:07:00,656.17
2016-07-28 07:07:00,656.98
2016-07-28 08:07:00,657.67
2016-07-28 09:07:00,657.58
2016-07-28 10:07:00,657.83
2016-07-28 11:07:00,656.01
2016-07-28 12:07:00,654.93
2016-07-28 13:07:00,652.72
2016-07-28 14:07:00,653.89
2016-07-28 15:07:00,657.87
2016-07-28 16:07:00,653.97
2016-07-28 17:07:00,656.76
2016-07-28 18:07:00,657.62
2016-07-28 19:07:00,655.14
2016-07-28 20:07:00,655.09
2016-07-28 21:07:00,655.81
2016-07-28 22:07:00,655.46
2016-07-28 23:07:00,656.36
2016-07-28 24:07:00,656.1
2016-07-29 01:07:00,672.3
2016-07-29 02:07:00,656.38
2016-07-29 03:07:00,656.62
2016-07-29 04:07:00,657.02
2016-07-29 05:07:00,658.79
2016-07-29 06:07:00,659.28
2016-07-29 07:07:00,660.14
2016-07-29 08:07:00,659.95
2016-07-29 09:07:00,656
2016-07-29 10:07:00,656.85
2016-07-29 11:07:00,655.17
2016-07-29 12:07:00,653.47
2016-07-29 13:07:00,656.35
2016-07-29 14:07:00,658.24
2016-07-29 15:07:00,656.29
2016-07-29 16:07:00,654.1
2016-07-29 17:07:00,655.68
2016-07-29 18:07:00,656.11
2016-07-29 19:07:00,655.14
2016-07-29 20:07:00,654.98
2016-07-29 21:07:00,654.82
2016-07-29 22:07:00,655.81
2016-07-29 23:07:00,657.69
2016-07-29 24:07:00,657.68
2016-07-30 01:07:00,657.89
2016-07-30 02:07:00,662.15
2016-07-30 03:07:00,662.58
2016-07-30 04:07:00,658.66
2016-07-30 05:07:00,657.18
2016-07-30 06:07:00,669.21
2016-07-30 07:07:00,662.12
2016-07-30 08:07:00,661.78
2016-07-30 09:07:00,657.29
2016-07-30 10:07:00,655.14
2016-07-30 11:07:00,660.02
2016-07-30 12:07:00,656.41
2016-07-30 13:07:00,655.94
2016-07-30 14:07:00,656.77
2016-07-30 15:07:00,655.71
2016-07-30 16:07:00,655.48
2016-07-30 17:07:00,655.73
2016-07-30 18:07:00,660.68
2016-07-30 19:07:00,658.21
2016-07-30 20:07:00,658.69
2016-07-30 21:07:00,663.46
2016-07-30 22:07:00,652.95
2016-07-30 23:07:00,654.49
2016-07-30 24:07:00,661.83
2016-07-31 01:07:00,654.83
2016-07-31 02:07:00,651.84
2016-07-31 03:07:00,657.13
2016-07-31 04:07:00,664.08
2016-07-31 05:07:00,641.5
2016-07-31 06:07:00,637.51
2016-07-31 07:07:00,633.62
2016-07-31 08:07:00,634.33
2016-07-31 09:07:00,635.21
2016-07-31 10:07:00,636.84
2016-07-31 11:07:00,638.04
2016-07-31 12:07:00,635.2
2016-07-31 13:07:00,634.54
2016-07-31 14:07:00,632.16
2016-07-31 15:07:00,632.82
2016-07-31 16:07:00,638.75
2016-07-31 17:07:00,635.12
2016-07-31 18:07:00,635.15
2016-07-31 19:07:00,635.55
2016-07-31 20:07:00,634.51
2016-07-31 21:07:00,632.98
2016-07-31 22:07:00,630.83
2016-07-31 23:07:00,630.19
2016-07-31 24:07:00,632.23
2016-08-01 01:08:00,630.8
2016-08-01 02:08:00,627.06
2016-08-01 03:08:00,624
2016-08-01 04:08:00,623.55
2016-08-01 05:08:00,618.92
2016-08-01 06:08:00,618.57
2016-08-01 07:08:00,621.19
2016-08-01 08:08:00,623.18
2016-08-01 09:08:00,625.04
2016-08-01 10:08:00,623.7
2016-08-01 11:08:00,623.66
2016-08-01 12:08:00,621.79
2016-08-01 13:08:00,623.57
2016-08-01 14:08:00,625.86
2016-08-01 15:08:00,624.98
2016-08-01 16:08:00,625.48
2016-08-01 17:08:00,624.82
2016-08-01 18:08:00,622.43
2016-08-01 19:08:00,621.68
2016-08-01 20:08:00,620.63
2016-08-01 21:08:00,617.11
2016-08-01 22:08:00,613.86
2016-08-01 23:08:00,614.68
2016-08-01 24:08:00,616.14
2016-08-02 01:08:00,616.23
2016-08-02 02:08:00,609.56
2016-08-02 03:08:00,607.22
2016-08-02 04:08:00,612.98
2016-08-02 05:08:00,611.19
2016-08-02 06:08:00,608.63
2016-08-02 07:08:00,599.69
2016-08-02 08:08:00,599.76
2016-08-02 09:08:00,603.87
2016-08-02 10:08:00,604.5
2016-08-02 11:08:00,604.23
2016-08-02 12:08:00,603.71
2016-08-02 13:08:00,603.43
2016-08-02 14:08:00,601.15
2016-08-02 15:08:00,606.92
2016-08-02 16:08:00,607.89
2016-08-02 17:08:00,607.48
2016-08-02 18:08:00,604.49
2016-08-02 19:08:00,601.23
2016-08-02 20:08:00,601.28
2016-08-02 21:08:00,594
2016-08-02 22:08:00,582.31
2016-08-02 23:08:00,566.64
2016-08-02 24:08:00,562.22
2016-08-03 01:08:00,549.31
2016-08-03 02:08:00,509.22
2016-08-03 03:08:00,532.26
2016-08-03 04:08:00,533.05
2016-08-03 05:08:00,541.39
2016-08-03 06:08:00,543.08
2016-08-03 07:08:00,546.98
2016-08-03 08:08:00,539.87
2016-08-03 09:08:00,542
2016-08-03 10:08:00,540.29
2016-08-03 11:08:00,544.56
2016-08-03 12:08:00,538.53
2016-08-03 13:08:00,537.48
2016-08-03 14:08:00,540.74
2016-08-03 15:08:00,547.06
2016-08-03 16:08:00,557.34
2016-08-03 17:08:00,558.36
2016-08-03 18:08:00,549.54
2016-08-03 19:08:00,553.05
2016-08-03 20:08:00,559.89
2016-08-03 21:08:00,561.8
2016-08-03 22:08:00,565.19
2016-08-03 23:08:00,565.98
2016-08-03 24:08:00,573.57
2016-08-04 01:08:00,571.67
2016-08-04 02:08:00,570.1
2016-08-04 03:08:00,567.75
2016-08-04 04:08:00,573.74
2016-08-04 05:08:00,575.83
2016-08-04 06:08:00,581.38
2016-08-04 07:08:00,577.75
2016-08-04 08:08:00,580.42
2016-08-04 09:08:00,573.85
2016-08-04 10:08:00,576.82
2016-08-04 11:08:00,575.8
2016-08-04 12:08:00,571.94
2016-08-04 13:08:00,569.93
2016-08-04 14:08:00,573.08
2016-08-04 15:08:00,576.93
2016-08-04 16:08:00,577.48
2016-08-04 17:08:00,578.56
2016-08-04 18:08:00,575.73
2016-08-04 19:08:00,571.22
2016-08-04 20:08:00,571.36
2016-08-04 21:08:00,569.92
2016-08-04 22:08:00,566.73
2016-08-04 23:08:00,566.64
2016-08-04 24:08:00,569.75
2016-08-05 01:08:00,574.49
2016-08-05 02:08:00,580.67
2016-08-05 03:08:00,575.62
2016-08-05 04:08:00,578.36
2016-08-05 05:08:00,572.75
2016-08-05 06:08:00,572.51
2016-08-05 07:08:00,576.46
2016-08-05 08:08:00,572.07
2016-08-05 09:08:00,570.22
2016-08-05 10:08:00,571.58
2016-08-05 11:08:00,570.1
2016-08-05 12:08:00,571.88
2016-08-05 13:08:00,570.25
2016-08-05 14:08:00,573.51
2016-08-05 15:08:00,572.28
2016-08-05 16:08:00,572.1
2016-08-05 17:08:00,572.78
2016-08-05 18:08:00,571.49
2016-08-05 19:08:00,571.43
2016-08-05 20:08:00,576.93
2016-08-05 21:08:00,580.64
2016-08-05 22:08:00,574.1
2016-08-05 23:08:00,575.56
2016-08-05 24:08:00,574.43
2016-08-06 01:08:00,576.63
2016-08-06 02:08:00,572.34
2016-08-06 03:08:00,586.03
2016-08-06 04:08:00,576.5
2016-08-06 05:08:00,576.66
2016-08-06 06:08:00,581.48
2016-08-06 07:08:00,575.3
2016-08-06 08:08:00,570.94
2016-08-06 09:08:00,567.28
2016-08-06 10:08:00,569.46
2016-08-06 11:08:00,573.53
2016-08-06 12:08:00,572.4
2016-08-06 13:08:00,572.58
2016-08-06 14:08:00,572.34
2016-08-06 15:08:00,569.97
2016-08-06 16:08:00,569.55
2016-08-06 17:08:00,571.16
2016-08-06 18:08:00,568.75
2016-08-06 19:08:00,577.06
2016-08-06 20:08:00,581.58
2016-08-06 21:08:00,585.36
2016-08-06 22:08:00,583.03
2016-08-06 23:08:00,582.44
2016-08-06 24:08:00,585.29
2016-08-07 01:08:00,585.8
2016-08-07 02:08:00,586.36
2016-08-07 03:08:00,590.88
2016-08-07 04:08:00,592.09
2016-08-07 05:08:00,590.55
2016-08-07 06:08:00,591.8
2016-08-07 07:08:00,590.44
2016-08-07 08:08:00,590.72
2016-08-07 09:08:00,589.94
2016-08-07 10:08:00,589.1
2016-08-07 11:08:00,590.58
2016-08-07 12:08:00,586.54
2016-08-07 13:08:00,587.01
2016-08-07 14:08:00,587.12
2016-08-07 15:08:00,592.71
2016-08-07 16:08:00,590.59
2016-08-07 17:08:00,590.88
2016-08-07 18:08:00,599.65
2016-08-07 19:08:00,594.01
2016-08-07 20:08:00,587.25
2016-08-07 21:08:00,592.64
2016-08-07 22:08:00,588.84
2016-08-07 23:08:00,595.26
2016-08-07 24:08:00,589.36
2016-08-08 01:08:00,590.24
2016-08-08 02:08:00,601.91
2016-08-08 03:08:00,593.39
2016-08-08 04:08:00,595.05
2016-08-08 05:08:00,590.83
2016-08-08 06:08:00,597.26
2016-08-08 07:08:00,595.12
2016-08-08 08:08:00,593.36
2016-08-08 09:08:00,589.48
2016-08-08 10:08:00,595.33
2016-08-08 11:08:00,589.08
2016-08-08 12:08:00,587.8
2016-08-08 13:08:00,589.6
2016-08-08 14:08:00,591.99
2016-08-08 15:08:00,590.62
2016-08-08 16:08:00,589.32
2016-08-08 17:08:00,592.32
2016-08-08 18:08:00,594.46
2016-08-08 19:08:00,589.11
2016-08-08 20:08:00,592.12
2016-08-08 21:08:00,591.2
2016-08-08 22:08:00,591.23
2016-08-08 23:08:00,591.43
2016-08-08 24:08:00,600.06
2016-08-09 01:08:00,591.05
2016-08-09 02:08:00,589.28
2016-08-09 03:08:00,589.49
2016-08-09 04:08:00,593.07
2016-08-09 05:08:00,587.26
2016-08-09 06:08:00,593.77
2016-08-09 07:08:00,596.1
2016-08-09 08:08:00,586.74
2016-08-09 09:08:00,592.2
2016-08-09 10:08:00,591.14
2016-08-09 11:08:00,586.5
2016-08-09 12:08:00,585.18
2016-08-09 13:08:00,586.5
2016-08-09 14:08:00,586.66
2016-08-09 15:08:00,589.16
2016-08-09 16:08:00,591.25
2016-08-09 17:08:00,590.63
2016-08-09 18:08:00,591.52
2016-08-09 19:08:00,591.83
2016-08-09 20:08:00,589.14
2016-08-09 21:08:00,592.69
2016-08-09 22:08:00,586.33
2016-08-09 23:08:00,585.86
2016-08-09 24:08:00,586.1
2016-08-10 01:08:00,586.7
2016-08-10 02:08:00,586.35
2016-08-10 03:08:00,585.85
2016-08-10 04:08:00,589.6
2016-08-10 05:08:00,587.33
2016-08-10 06:08:00,587.49
2016-08-10 07:08:00,591.85
2016-08-10 08:08:00,591.76
2016-08-10 09:08:00,586.38
2016-08-10 10:08:00,586.55
2016-08-10 11:08:00,587.26
2016-08-10 12:08:00,586.56
2016-08-10 13:08:00,589.52
2016-08-10 14:08:00,587.94
2016-08-10 15:08:00,585.84
2016-08-10 16:08:00,590.04
2016-08-10 17:08:00,592.94
2016-08-10 18:08:00,598
2016-08-10 19:08:00,597.85
2016-08-10 20:08:00,598.45
2016-08-10 21:08:00,599.8
2016-08-10 22:08:00,602.15
2016-08-10 23:08:00,596.56
2016-08-10 24:08:00,594.53
2016-08-11 01:08:00,593.6
2016-08-11 02:08:00,589.8
2016-08-11 03:08:00,592.56
2016-08-11 04:08:00,593.47
2016-08-11 05:08:00,594.76
2016-08-11 06:08:00,592.62
2016-08-11 07:08:00,593.8
2016-08-11 08:08:00,595.04
2016-08-11 09:08:00,592.8
2016-08-11 10:08:00,594.63
2016-08-11 11:08:00,591.77
2016-08-11 12:08:00,593.51
2016-08-11 13:08:00,592.86
2016-08-11 14:08:00,594.88
2016-08-11 15:08:00,596.12
2016-08-11 16:08:00,597.44
2016-08-11 17:08:00,596.96
2016-08-11 18:08:00,595.61
2016-08-11 19:08:00,591.33
2016-08-11 20:08:00,591.65
2016-08-11 21:08:00,593.16
2016-08-11 22:08:00,591.34
2016-08-11 23:08:00,589.58
2016-08-11 24:08:00,590.32
2016-08-12 01:08:00,591.52
2016-08-12 02:08:00,594.07
2016-08-12 03:08:00,587
2016-08-12 04:08:00,589.95
2016-08-12 05:08:00,587.98
2016-08-12 06:08:00,586.65
2016-08-12 07:08:00,585.51
2016-08-12 08:08:00,585.01
2016-08-12 09:08:00,588.27
2016-08-12 10:08:00,591.48
2016-08-12 11:08:00,589.06
2016-08-12 12:08:00,589.54
2016-08-12 13:08:00,591.06
2016-08-12 14:08:00,591.39
2016-08-12 15:08:00,589.18
2016-08-12 16:08:00,592.36
2016-08-12 17:08:00,588.38
2016-08-12 18:08:00,587.67
2016-08-12 19:08:00,588.19
2016-08-12 20:08:00,593.44
2016-08-12 21:08:00,587.24
2016-08-12 22:08:00,586.83
2016-08-12 23:08:00,586.36
2016-08-12 24:08:00,586.08
2016-08-13 01:08:00,585.98
2016-08-13 02:08:00,586.87
2016-08-13 03:08:00,589.54
2016-08-13 04:08:00,587.21
2016-08-13 05:08:00,584.74
2016-08-13 06:08:00,591.59
2016-08-13 07:08:00,589.17
2016-08-13 08:08:00,589.83
2016-08-13 09:08:00,587.46
2016-08-13 10:08:00,589.66
2016-08-13 11:08:00,589.48
2016-08-13 12:08:00,589.29
2016-08-13 13:08:00,591.7
2016-08-13 14:08:00,590.19
2016-08-13 15:08:00,588.77
2016-08-13 16:08:00,587.62
2016-08-13 17:08:00,587.41
2016-08-13 18:08:00,587.28
2016-08-13 19:08:00,586.18
2016-08-13 20:08:00,592.24
2016-08-13 21:08:00,585.08
2016-08-13 22:08:00,585.76
2016-08-13 23:08:00,585.82
2016-08-13 24:08:00,585.73
2016-08-14 01:08:00,593.99
2016-08-14 02:08:00,585.44
2016-08-14 03:08:00,585.89
2016-08-14 04:08:00,592.62
2016-08-14 05:08:00,583.78
2016-08-14 06:08:00,580.93
2016-08-14 07:08:00,580.58
2016-08-14 08:08:00,582.69
2016-08-14 09:08:00,586.9
2016-08-14 10:08:00,584.26
2016-08-14 11:08:00,583.22
2016-08-14 12:08:00,582.57
2016-08-14 13:08:00,584.36
2016-08-14 14:08:00,581.94
2016-08-14 15:08:00,577.25
2016-08-14 16:08:00,572.29
2016-08-14 17:08:00,569.72
2016-08-14 18:08:00,574.77
2016-08-14 19:08:00,572.01
2016-08-14 20:08:00,568.18
2016-08-14 21:08:00,568.73
2016-08-14 22:08:00,563.74
2016-08-14 23:08:00,568.66
2016-08-14 24:08:00,569.87
2016-08-15 01:08:00,568.86
2016-08-15 02:08:00,575.96
2016-08-15 03:08:00,571.31
2016-08-15 04:08:00,570.47
2016-08-15 05:08:00,571.41
2016-08-15 06:08:00,570.49
2016-08-15 07:08:00,572
2016-08-15 08:08:00,574.29
2016-08-15 09:08:00,572.81
2016-08-15 10:08:00,571.1
2016-08-15 11:08:00,571.21
2016-08-15 12:08:00,577.38
2016-08-15 13:08:00,572.97
2016-08-15 14:08:00,572.99
2016-08-15 15:08:00,571.65
2016-08-15 16:08:00,570.7
2016-08-15 17:08:00,569.59
2016-08-15 18:08:00,567.54
2016-08-15 19:08:00,562.39
2016-08-15 20:08:00,565.38
2016-08-15 21:08:00,567.98
2016-08-15 22:08:00,569.95
2016-08-15 23:08:00,566.2
2016-08-15 24:08:00,566.46
2016-08-16 01:08:00,567.47
2016-08-16 02:08:00,567.95
2016-08-16 03:08:00,566.85
2016-08-16 04:08:00,568.92
2016-08-16 05:08:00,575.51
2016-08-16 06:08:00,568.67
2016-08-16 07:08:00,569.77
2016-08-16 08:08:00,573.63
2016-08-16 09:08:00,571.29
2016-08-16 10:08:00,566.22
2016-08-16 11:08:00,566.71
2016-08-16 12:08:00,569.23
2016-08-16 13:08:00,569.38
2016-08-16 14:08:00,568.38
2016-08-16 15:08:00,568.71
2016-08-16 16:08:00,569.07
2016-08-16 17:08:00,570.57
2016-08-16 18:08:00,573.9
2016-08-16 19:08:00,579.4
2016-08-16 20:08:00,577.91
2016-08-16 21:08:00,580.71
2016-08-16 22:08:00,581.02
2016-08-16 23:08:00,579.4
2016-08-16 24:08:00,579.81
2016-08-17 01:08:00,580.34
2016-08-17 02:08:00,579.92
2016-08-17 03:08:00,577.65
2016-08-17 04:08:00,578.45
2016-08-17 05:08:00,589.45
2016-08-17 06:08:00,588.08
2016-08-17 07:08:00,582.75
2016-08-17 08:08:00,581.14
2016-08-17 09:08:00,582.08
2016-08-17 10:08:00,579.45
2016-08-17 11:08:00,583.43
2016-08-17 12:08:00,580.15
2016-08-17 13:08:00,578.53
2016-08-17 14:08:00,577.62
2016-08-17 15:08:00,576.61
2016-08-17 16:08:00,576.4
2016-08-17 17:08:00,579.24
2016-08-17 18:08:00,573.73
2016-08-17 19:08:00,572.06
2016-08-17 20:08:00,569.98
2016-08-17 21:08:00,570.91
2016-08-17 22:08:00,570.85
2016-08-17 23:08:00,571.63
2016-08-17 24:08:00,572.33
2016-08-18 01:08:00,580.95
2016-08-18 02:08:00,573.21
2016-08-18 03:08:00,571.79
2016-08-18 04:08:00,574.24
2016-08-18 05:08:00,572.69
2016-08-18 06:08:00,573.88
2016-08-18 07:08:00,576.28
2016-08-18 08:08:00,574.74
2016-08-18 09:08:00,574.65
2016-08-18 10:08:00,574.19
2016-08-18 11:08:00,576.78
2016-08-18 12:08:00,573.67
2016-08-18 13:08:00,575.2
2016-08-18 14:08:00,576.15
2016-08-18 15:08:00,576.22
2016-08-18 16:08:00,576.15
2016-08-18 17:08:00,577.81
2016-08-18 18:08:00,575.35
2016-08-18 19:08:00,577.28
2016-08-18 20:08:00,580.81
2016-08-18 21:08:00,577.21
2016-08-18 22:08:00,577.65
2016-08-18 23:08:00,574.84
2016-08-18 24:08:00,586.49
2016-08-19 01:08:00,574.39
2016-08-19 02:08:00,573.57
2016-08-19 03:08:00,573.69
2016-08-19 04:08:00,574.52
2016-08-19 05:08:00,575.54
2016-08-19 06:08:00,574.87
2016-08-19 07:08:00,579.5
2016-08-19 08:08:00,575.85
2016-08-19 09:08:00,579.62
2016-08-19 10:08:00,576.99
2016-08-19 11:08:00,574.88
2016-08-19 12:08:00,573.84
2016-08-19 13:08:00,574.26
2016-08-19 14:08:00,575.67
2016-08-19 15:08:00,578.13
2016-08-19 16:08:00,575.41
2016-08-19 17:08:00,574.97
2016-08-19 18:08:00,576.59
2016-08-19 19:08:00,574.03
2016-08-19 20:08:00,574.8
2016-08-19 21:08:00,575.35
2016-08-19 22:08:00,576.19
2016-08-19 23:08:00,574.06
2016-08-19 24:08:00,574.6
2016-08-20 01:08:00,585.33
2016-08-20 02:08:00,575.06
2016-08-20 03:08:00,583.25
2016-08-20 04:08:00,574.48
2016-08-20 05:08:00,573.59
2016-08-20 06:08:00,578.64
2016-08-20 07:08:00,582.37
2016-08-20 08:08:00,581.25
2016-08-20 09:08:00,576.19
2016-08-20 10:08:00,574.41
2016-08-20 11:08:00,577.36
2016-08-20 12:08:00,577.69
2016-08-20 13:08:00,580.94
2016-08-20 14:08:00,579.94
2016-08-20 15:08:00,583.88
2016-08-20 16:08:00,581.62
2016-08-20 17:08:00,584.9
2016-08-20 18:08:00,578.82
2016-08-20 19:08:00,583.56
2016-08-20 20:08:00,584.48
2016-08-20 21:08:00,580.6
2016-08-20 22:08:00,581.39
2016-08-20 23:08:00,590.07
2016-08-20 24:08:00,581.79
2016-08-21 01:08:00,581.39
2016-08-21 02:08:00,585.18
2016-08-21 03:08:00,587.68
2016-08-21 04:08:00,591.67
2016-08-21 05:08:00,590.37
2016-08-21 06:08:00,588.62
2016-08-21 07:08:00,590.09
2016-08-21 08:08:00,590.45
2016-08-21 09:08:00,590.4
2016-08-21 10:08:00,584.45
2016-08-21 11:08:00,582.21
2016-08-21 12:08:00,584.56
2016-08-21 13:08:00,582.21
2016-08-21 14:08:00,583.06
2016-08-21 15:08:00,582.74
2016-08-21 16:08:00,583.45
2016-08-21 17:08:00,584.25
2016-08-21 18:08:00,582.57
2016-08-21 19:08:00,581.72
2016-08-21 20:08:00,586.63
2016-08-21 21:08:00,584.87
2016-08-21 22:08:00,588.57
2016-08-21 23:08:00,588.83
2016-08-21 24:08:00,584.73
2016-08-22 01:08:00,591.12
2016-08-22 02:08:00,581.67
2016-08-22 03:08:00,589.77
2016-08-22 04:08:00,581.59
2016-08-22 05:08:00,583.75
2016-08-22 06:08:00,585.1
2016-08-22 07:08:00,581.97
2016-08-22 08:08:00,586.1
2016-08-22 09:08:00,584.18
2016-08-22 10:08:00,582.9
2016-08-22 11:08:00,582.29
2016-08-22 12:08:00,579.56
2016-08-22 13:08:00,579.73
2016-08-22 14:08:00,581.9
2016-08-22 15:08:00,581.7
2016-08-22 16:08:00,586.23
2016-08-22 17:08:00,584.67
2016-08-22 18:08:00,586.38
2016-08-22 19:08:00,587.64
2016-08-22 20:08:00,590.96
2016-08-22 21:08:00,593.75
2016-08-22 22:08:00,586.9
2016-08-22 23:08:00,586.79
2016-08-22 24:08:00,586.82
2016-08-23 01:08:00,587.42
2016-08-23 02:08:00,588.18
2016-08-23 03:08:00,598.72
2016-08-23 04:08:00,586.96
2016-08-23 05:08:00,586.32
2016-08-23 06:08:00,587.3
2016-08-23 07:08:00,593.64
2016-08-23 08:08:00,592.08
2016-08-23 09:08:00,591.61
2016-08-23 10:08:00,588.76
2016-08-23 11:08:00,587.6
2016-08-23 12:08:00,582.64
2016-08-23 13:08:00,582.29
2016-08-23 14:08:00,585.64
2016-08-23 15:08:00,583.45
2016-08-23 16:08:00,585.75
2016-08-23 17:08:00,585.41
2016-08-23 18:08:00,584.01
2016-08-23 19:08:00,580.8
2016-08-23 20:08:00,582.73
2016-08-23 21:08:00,582.98
2016-08-23 22:08:00,581.98
2016-08-23 23:08:00,583.14
2016-08-23 24:08:00,588.04
2016-08-24 01:08:00,583.19
2016-08-24 02:08:00,592.18
2016-08-24 03:08:00,597.15
2016-08-24 04:08:00,584.31
2016-08-24 05:08:00,586
2016-08-24 06:08:00,584.56
2016-08-24 07:08:00,581.99
2016-08-24 08:08:00,583.12
2016-08-24 09:08:00,581.48
2016-08-24 10:08:00,581.61
2016-08-24 11:08:00,581.19
2016-08-24 12:08:00,582.21
2016-08-24 13:08:00,584.24
2016-08-24 14:08:00,584.35
2016-08-24 15:08:00,585.56
2016-08-24 16:08:00,582.23
2016-08-24 17:08:00,580.93
2016-08-24 18:08:00,579.41
2016-08-24 19:08:00,579.76
2016-08-24 20:08:00,581.29
2016-08-24 21:08:00,581.42
2016-08-24 22:08:00,584.25
2016-08-24 23:08:00,581.63
2016-08-24 24:08:00,579.96
2016-08-25 01:08:00,581.09
2016-08-25 02:08:00,579.57
2016-08-25 03:08:00,581.59
2016-08-25 04:08:00,582.58
2016-08-25 05:08:00,578.39
2016-08-25 06:08:00,577.56
2016-08-25 07:08:00,572.87
2016-08-25 08:08:00,575.71
2016-08-25 09:08:00,577.17
2016-08-25 10:08:00,576.91
2016-08-25 11:08:00,581.42
2016-08-25 12:08:00,577.94
2016-08-25 13:08:00,576.71
2016-08-25 14:08:00,579.15
2016-08-25 15:08:00,577.05
2016-08-25 16:08:00,574.26
2016-08-25 17:08:00,576.34
2016-08-25 18:08:00,574.79
2016-08-25 19:08:00,573.82
2016-08-25 20:08:00,579.37
2016-08-25 21:08:00,576.79
2016-08-25 22:08:00,574.5
2016-08-25 23:08:00,575.48
2016-08-25 24:08:00,576.29
2016-08-26 01:08:00,586.05
2016-08-26 02:08:00,577.21
2016-08-26 03:08:00,592.77
2016-08-26 04:08:00,597.7
2016-08-26 05:08:00,599.12
2016-08-26 06:08:00,586.74
2016-08-26 07:08:00,578.75
2016-08-26 08:08:00,584
2016-08-26 09:08:00,580.61
2016-08-26 10:08:00,581.95
2016-08-26 11:08:00,579.95
2016-08-26 12:08:00,580.07
2016-08-26 13:08:00,580.68
2016-08-26 14:08:00,579.16
2016-08-26 15:08:00,580.86
2016-08-26 16:08:00,579.75
2016-08-26 17:08:00,583.63
2016-08-26 18:08:00,578.91
2016-08-26 19:08:00,580.13
2016-08-26 20:08:00,586.87
2016-08-26 21:08:00,580.54
2016-08-26 22:08:00,579.87
2016-08-26 23:08:00,594.68
2016-08-26 24:08:00,578.62
2016-08-27 01:08:00,579.85
2016-08-27 02:08:00,580.39
2016-08-27 03:08:00,582.55
2016-08-27 04:08:00,589.82
2016-08-27 05:08:00,577.39
2016-08-27 06:08:00,577.66
2016-08-27 07:08:00,578.07
2016-08-27 08:08:00,578.85
2016-08-27 09:08:00,581.15
2016-08-27 10:08:00,581.21
2016-08-27 11:08:00,577.02
2016-08-27 12:08:00,578.86
2016-08-27 13:08:00,579.25
2016-08-27 14:08:00,578.09
2016-08-27 15:08:00,576.5
2016-08-27 16:08:00,577.87
2016-08-27 17:08:00,583.44
2016-08-27 18:08:00,572.68
2016-08-27 19:08:00,568.89
2016-08-27 20:08:00,568.44
2016-08-27 21:08:00,577.63
2016-08-27 22:08:00,570.18
2016-08-27 23:08:00,579.62
2016-08-27 24:08:00,571.21
2016-08-28 01:08:00,571.04
2016-08-28 02:08:00,578.46
2016-08-28 03:08:00,571.69
2016-08-28 04:08:00,572.43
2016-08-28 05:08:00,571.1
2016-08-28 06:08:00,583.58
2016-08-28 07:08:00,579.41
2016-08-28 08:08:00,575.91
2016-08-28 09:08:00,572.2
2016-08-28 10:08:00,571.44
2016-08-28 11:08:00,576.05
2016-08-28 12:08:00,573.44
2016-08-28 13:08:00,572.72
2016-08-28 14:08:00,574.44
2016-08-28 15:08:00,574.36
2016-08-28 16:08:00,576.43
2016-08-28 17:08:00,573.44
2016-08-28 18:08:00,572.56
2016-08-28 19:08:00,581.47
2016-08-28 20:08:00,572.99
2016-08-28 21:08:00,578.95
2016-08-28 22:08:00,573.8
2016-08-28 23:08:00,578.81
2016-08-28 24:08:00,573.76
2016-08-29 01:08:00,579.76
2016-08-29 02:08:00,574.7
2016-08-29 03:08:00,575.55
2016-08-29 04:08:00,576.86
2016-08-29 05:08:00,575.37
2016-08-29 06:08:00,576.19
2016-08-29 07:08:00,579.36
2016-08-29 08:08:00,576.62
2016-08-29 09:08:00,576.31
2016-08-29 10:08:00,575.26
2016-08-29 11:08:00,575.45
2016-08-29 12:08:00,575.62
2016-08-29 13:08:00,575.48
2016-08-29 14:08:00,575.87
2016-08-29 15:08:00,576.18
2016-08-29 16:08:00,576.34
2016-08-29 17:08:00,576.41
2016-08-29 18:08:00,575.8
2016-08-29 19:08:00,574.92
2016-08-29 20:08:00,573.72
2016-08-29 21:08:00,574.18
2016-08-29 22:08:00,575.2
2016-08-29 23:08:00,582.26
2016-08-29 24:08:00,582.05
2016-08-30 01:08:00,574.22
2016-08-30 02:08:00,574.12
2016-08-30 03:08:00,579.81
2016-08-30 04:08:00,574.73
2016-08-30 05:08:00,573.52
2016-08-30 06:08:00,591.1
2016-08-30 07:08:00,577.88
2016-08-30 08:08:00,576.24
2016-08-30 09:08:00,577.62
2016-08-30 10:08:00,579.41
2016-08-30 11:08:00,580.37
2016-08-30 12:08:00,578.59
2016-08-30 13:08:00,579.29
2016-08-30 14:08:00,579.82
2016-08-30 15:08:00,578.14
2016-08-30 16:08:00,577.43
2016-08-30 17:08:00,577.11
2016-08-30 18:08:00,577.38
2016-08-30 19:08:00,578.01
2016-08-30 20:08:00,582.77
2016-08-30 21:08:00,577.59
2016-08-30 22:08:00,577.19
2016-08-30 23:08:00,578.19
2016-08-30 24:08:00,577.75
2016-08-31 01:08:00,578.11
2016-08-31 02:08:00,581.75
2016-08-31 03:08:00,578.22
2016-08-31 04:08:00,584.76
2016-08-31 05:08:00,575.63
2016-08-31 06:08:00,575.45
2016-08-31 07:08:00,575.42
2016-08-31 08:08:00,577.95
2016-08-31 09:08:00,574.53
2016-08-31 10:08:00,579.06
2016-08-31 11:08:00,575.03
2016-08-31 12:08:00,574.68
2016-08-31 13:08:00,575.57
2016-08-31 14:08:00,574.55
2016-08-31 15:08:00,574.45
2016-08-31 16:08:00,576.12
2016-08-31 17:08:00,574.05
2016-08-31 18:08:00,573.91
2016-08-31 19:08:00,574.54
2016-08-31 20:08:00,573.79
2016-08-31 21:08:00,574.55
2016-08-31 22:08:00,574.35
2016-08-31 23:08:00,574.68
2016-08-31 24:08:00,574.06
2016-09-01 01:09:00,573.7
2016-09-01 02:09:00,574.15
2016-09-01 03:09:00,576.64
2016-09-01 04:09:00,574.51
2016-09-01 05:09:00,577.02
2016-09-01 06:09:00,575.92
2016-09-01 07:09:00,580.62
2016-09-01 08:09:00,576.99
2016-09-01 09:09:00,574.69
2016-09-01 10:09:00,576.4
2016-09-01 11:09:00,573.86
2016-09-01 12:09:00,573.25
2016-09-01 13:09:00,573.51
2016-09-01 14:09:00,573.67
2016-09-01 15:09:00,573.53
2016-09-01 16:09:00,573.26
2016-09-01 17:09:00,572.86
2016-09-01 18:09:00,572.15
2016-09-01 19:09:00,571.61
2016-09-01 20:09:00,578.34
2016-09-01 21:09:00,572.69
2016-09-01 22:09:00,578.04
2016-09-01 23:09:00,573.04
2016-09-01 24:09:00,571.98
2016-09-02 01:09:00,571.46
2016-09-02 02:09:00,572.74
2016-09-02 03:09:00,571.8
2016-09-02 04:09:00,572.49
2016-09-02 05:09:00,571.91
2016-09-02 06:09:00,577.03
2016-09-02 07:09:00,570.9
2016-09-02 08:09:00,578.35
2016-09-02 09:09:00,577.37
2016-09-02 10:09:00,574.64
2016-09-02 11:09:00,572.25
2016-09-02 12:09:00,573.76
2016-09-02 13:09:00,572.32
2016-09-02 14:09:00,573.3
2016-09-02 15:09:00,575.68
2016-09-02 16:09:00,576.26
2016-09-02 17:09:00,575.85
2016-09-02 18:09:00,580.81
2016-09-02 19:09:00,575.9
2016-09-02 20:09:00,575.53
2016-09-02 21:09:00,575.22
2016-09-02 22:09:00,575.16
2016-09-02 23:09:00,575.31
2016-09-02 24:09:00,575.98
2016-09-03 01:09:00,574.81
2016-09-03 02:09:00,576.96
2016-09-03 03:09:00,581
2016-09-03 04:09:00,577.07
2016-09-03 05:09:00,586.9
2016-09-03 06:09:00,584.49
2016-09-03 07:09:00,575.83
2016-09-03 08:09:00,579.45
2016-09-03 09:09:00,580.5
2016-09-03 10:09:00,577.41
2016-09-03 11:09:00,576.9
2016-09-03 12:09:00,577.72
2016-09-03 13:09:00,576.89
2016-09-03 14:09:00,576.64
2016-09-03 15:09:00,576.74
2016-09-03 16:09:00,577.76
2016-09-03 17:09:00,579.62
2016-09-03 18:09:00,579.56
2016-09-03 19:09:00,585.22
2016-09-03 20:09:00,587.23
2016-09-03 21:09:00,581.72
2016-09-03 22:09:00,586.83
2016-09-03 23:09:00,599.37
2016-09-03 24:09:00,602.71
2016-09-04 01:09:00,604.07
2016-09-04 02:09:00,602.64
2016-09-04 03:09:00,600.46
2016-09-04 04:09:00,598.31
2016-09-04 05:09:00,604.56
2016-09-04 06:09:00,600.4
2016-09-04 07:09:00,600.24
2016-09-04 08:09:00,601.69
2016-09-04 09:09:00,600.32
2016-09-04 10:09:00,601.91
2016-09-04 11:09:00,599.89
2016-09-04 12:09:00,601.24
2016-09-04 13:09:00,606.95
2016-09-04 14:09:00,605.68
2016-09-04 15:09:00,606.46
2016-09-04 16:09:00,610.93
2016-09-04 17:09:00,612.58
2016-09-04 18:09:00,608.51
2016-09-04 19:09:00,613.41
2016-09-04 20:09:00,612.73
2016-09-04 21:09:00,613.74
2016-09-04 22:09:00,616.35
2016-09-04 23:09:00,608.09
2016-09-04 24:09:00,613.72
2016-09-05 01:09:00,614.35
2016-09-05 02:09:00,610.49
2016-09-05 03:09:00,622.09
2016-09-05 04:09:00,619.12
2016-09-05 05:09:00,606.77
2016-09-05 06:09:00,608.04
2016-09-05 07:09:00,611.5
2016-09-05 08:09:00,611.98
2016-09-05 09:09:00,615.1
2016-09-05 10:09:00,610.63
2016-09-05 11:09:00,608.37
2016-09-05 12:09:00,606.3
2016-09-05 13:09:00,604.58
2016-09-05 14:09:00,603.68
2016-09-05 15:09:00,603.22
2016-09-05 16:09:00,605.9
2016-09-05 17:09:00,604.73
2016-09-05 18:09:00,607.57
2016-09-05 19:09:00,605.02
2016-09-05 20:09:00,610.25
2016-09-05 21:09:00,608.87
2016-09-05 22:09:00,605.88
2016-09-05 23:09:00,606.29
2016-09-05 24:09:00,616.27
2016-09-06 01:09:00,608.37
2016-09-06 02:09:00,610.59
2016-09-06 03:09:00,605.27
2016-09-06 04:09:00,608.49
2016-09-06 05:09:00,606.8
2016-09-06 06:09:00,617.82
2016-09-06 07:09:00,612.03
2016-09-06 08:09:00,604.3
2016-09-06 09:09:00,607.21
2016-09-06 10:09:00,610.06
2016-09-06 11:09:00,608.45
2016-09-06 12:09:00,609.92
2016-09-06 13:09:00,607.04
2016-09-06 14:09:00,607.99
2016-09-06 15:09:00,608.89
2016-09-06 16:09:00,612.28
2016-09-06 17:09:00,611.37
2016-09-06 18:09:00,610.96
2016-09-06 19:09:00,608.97
2016-09-06 20:09:00,608.73
2016-09-06 21:09:00,614.1
2016-09-06 22:09:00,614.61
2016-09-06 23:09:00,611.2
2016-09-06 24:09:00,620.43
2016-09-07 01:09:00,611.67
2016-09-07 02:09:00,619.28
2016-09-07 03:09:00,611.91
2016-09-07 04:09:00,611.72
2016-09-07 05:09:00,612.31
2016-09-07 06:09:00,612.46
2016-09-07 07:09:00,609.26
2016-09-07 08:09:00,609.5
2016-09-07 09:09:00,609.91
2016-09-07 10:09:00,610.35
2016-09-07 11:09:00,609.21
2016-09-07 12:09:00,609.57
2016-09-07 13:09:00,610.37
2016-09-07 14:09:00,610.06
2016-09-07 15:09:00,612.95
2016-09-07 16:09:00,614.08
2016-09-07 17:09:00,612.51
2016-09-07 18:09:00,612.47
2016-09-07 19:09:00,613.33
2016-09-07 20:09:00,617.68
2016-09-07 21:09:00,618.28
2016-09-07 22:09:00,619.05
2016-09-07 23:09:00,615.84
2016-09-07 24:09:00,613.58
2016-09-08 01:09:00,615.9
2016-09-08 02:09:00,615.1
2016-09-08 03:09:00,615.21
2016-09-08 04:09:00,615.73
2016-09-08 05:09:00,615.39
2016-09-08 06:09:00,616.65
2016-09-08 07:09:00,615.41
2016-09-08 08:09:00,616.4
2016-09-08 09:09:00,618.29
2016-09-08 10:09:00,620.02
2016-09-08 11:09:00,617.89
2016-09-08 12:09:00,625.08
2016-09-08 13:09:00,628.49
2016-09-08 14:09:00,626.64
2016-09-08 15:09:00,628.7
2016-09-08 16:09:00,627.21
2016-09-08 17:09:00,626.69
2016-09-08 18:09:00,627.61
2016-09-08 19:09:00,628.06
2016-09-08 20:09:00,629.72
2016-09-08 21:09:00,625.04
2016-09-08 22:09:00,627.64
2016-09-08 23:09:00,625.5
2016-09-08 24:09:00,626.01
2016-09-09 01:09:00,635.26
2016-09-09 02:09:00,631.85
2016-09-09 03:09:00,634.82
2016-09-09 04:09:00,633.31
2016-09-09 05:09:00,632.83
2016-09-09 06:09:00,633.28
2016-09-09 07:09:00,628.23
2016-09-09 08:09:00,627.95
2016-09-09 09:09:00,624.3
2016-09-09 10:09:00,621.43
2016-09-09 11:09:00,623.7
2016-09-09 12:09:00,625.25
2016-09-09 13:09:00,623.89
2016-09-09 14:09:00,622.48
2016-09-09 15:09:00,622.32
2016-09-09 16:09:00,623.83
2016-09-09 17:09:00,621.8
2016-09-09 18:09:00,627.2
2016-09-09 19:09:00,625.07
2016-09-09 20:09:00,621.96
2016-09-09 21:09:00,621.45
2016-09-09 22:09:00,627.42
2016-09-09 23:09:00,622.3
2016-09-09 24:09:00,623.09
2016-09-10 01:09:00,624.34
2016-09-10 02:09:00,632.6
2016-09-10 03:09:00,623.3
2016-09-10 04:09:00,635.88
2016-09-10 05:09:00,623.74
2016-09-10 06:09:00,624.56
2016-09-10 07:09:00,624.23
2016-09-10 08:09:00,631.4
2016-09-10 09:09:00,636.6
2016-09-10 10:09:00,625.77
2016-09-10 11:09:00,627.32
2016-09-10 12:09:00,627.27
2016-09-10 13:09:00,628.59
2016-09-10 14:09:00,628.69
2016-09-10 15:09:00,627.24
2016-09-10 16:09:00,630.33
2016-09-10 17:09:00,628.98
2016-09-10 18:09:00,623.51
2016-09-10 19:09:00,631.75
2016-09-10 20:09:00,631.54
2016-09-10 21:09:00,634.31
2016-09-10 22:09:00,626.71
2016-09-10 23:09:00,626.22
2016-09-10 24:09:00,626.65
2016-09-11 01:09:00,626.36
2016-09-11 02:09:00,634.24
2016-09-11 03:09:00,629.85
2016-09-11 04:09:00,631.58
2016-09-11 05:09:00,633.1
2016-09-11 06:09:00,630.53
2016-09-11 07:09:00,629.2
2016-09-11 08:09:00,628.93
2016-09-11 09:09:00,629.44
2016-09-11 10:09:00,629.49
2016-09-11 11:09:00,625.75
2016-09-11 12:09:00,628.31
2016-09-11 13:09:00,630.35
2016-09-11 14:09:00,624.81
2016-09-11 15:09:00,626.67
2016-09-11 16:09:00,626.75
2016-09-11 17:09:00,627.61
2016-09-11 18:09:00,627.4
2016-09-11 19:09:00,625.48
2016-09-11 20:09:00,626.98
2016-09-11 21:09:00,628.39
2016-09-11 22:09:00,622.09
2016-09-11 23:09:00,602.84
2016-09-11 24:09:00,601
2016-09-12 01:09:00,604.61
2016-09-12 02:09:00,610.18
2016-09-12 03:09:00,612.21
2016-09-12 04:09:00,613.85
2016-09-12 05:09:00,608.67
2016-09-12 06:09:00,605.58
2016-09-12 07:09:00,610.48
2016-09-12 08:09:00,612.19
2016-09-12 09:09:00,611.3
2016-09-12 10:09:00,610.06
2016-09-12 11:09:00,610.66
2016-09-12 12:09:00,608.73
2016-09-12 13:09:00,608.39
2016-09-12 14:09:00,608.68
2016-09-12 15:09:00,610.51
2016-09-12 16:09:00,610.1
2016-09-12 17:09:00,608.03
2016-09-12 18:09:00,607.12
2016-09-12 19:09:00,607.49
2016-09-12 20:09:00,607.63
2016-09-12 21:09:00,614.38
2016-09-12 22:09:00,613.16
2016-09-12 23:09:00,614.86
2016-09-12 24:09:00,615.15
2016-09-13 01:09:00,608.93
2016-09-13 02:09:00,618.54
2016-09-13 03:09:00,607.73
2016-09-13 04:09:00,608.55
2016-09-13 05:09:00,609.22
2016-09-13 06:09:00,607.15
2016-09-13 07:09:00,610.53
2016-09-13 08:09:00,610.35
2016-09-13 09:09:00,613.52
2016-09-13 10:09:00,612.04
2016-09-13 11:09:00,613.91
2016-09-13 12:09:00,608.07
2016-09-13 13:09:00,610.66
2016-09-13 14:09:00,609.72
2016-09-13 15:09:00,610.35
2016-09-13 16:09:00,612.19
2016-09-13 17:09:00,611.28
2016-09-13 18:09:00,612.96
2016-09-13 19:09:00,608.24
2016-09-13 20:09:00,609.18
2016-09-13 21:09:00,618.56
2016-09-13 22:09:00,612.83
2016-09-13 23:09:00,620.91
2016-09-13 24:09:00,619.8
2016-09-14 01:09:00,610.55
2016-09-14 02:09:00,621.23
2016-09-14 03:09:00,610.79
2016-09-14 04:09:00,610.8
2016-09-14 05:09:00,618.85
2016-09-14 06:09:00,616.14
2016-09-14 07:09:00,612
2016-09-14 08:09:00,615.93
2016-09-14 09:09:00,610.91
2016-09-14 10:09:00,613.92
2016-09-14 11:09:00,609.4
2016-09-14 12:09:00,610.5
2016-09-14 13:09:00,612.69
2016-09-14 14:09:00,612.27
2016-09-14 15:09:00,610.49
2016-09-14 16:09:00,611.77
2016-09-14 17:09:00,610.94
2016-09-14 18:09:00,611.78
2016-09-14 19:09:00,611.1
2016-09-14 20:09:00,615.79
2016-09-14 21:09:00,611.95
2016-09-14 22:09:00,611.95
2016-09-14 23:09:00,618.98
2016-09-14 24:09:00,610.95
2016-09-15 01:09:00,620.46
2016-09-15 02:09:00,620.39
2016-09-15 03:09:00,611.35
2016-09-15 04:09:00,610.52
2016-09-15 05:09:00,612.91
2016-09-15 06:09:00,614.98
2016-09-15 07:09:00,616.45
2016-09-15 08:09:00,612.11
2016-09-15 09:09:00,610.58
2016-09-15 10:09:00,613.99
2016-09-15 11:09:00,616.35
2016-09-15 12:09:00,612.14
2016-09-15 13:09:00,610.02
2016-09-15 14:09:00,612.62
2016-09-15 15:09:00,611
2016-09-15 16:09:00,613.77
2016-09-15 17:09:00,615.31
2016-09-15 18:09:00,610.66
2016-09-15 19:09:00,610.05
2016-09-15 20:09:00,611.37
2016-09-15 21:09:00,616.48
2016-09-15 22:09:00,608.16
2016-09-15 23:09:00,615.1
2016-09-15 24:09:00,608.48
2016-09-16 01:09:00,615.76
2016-09-16 02:09:00,609.93
2016-09-16 03:09:00,607.88
2016-09-16 04:09:00,608.44
2016-09-16 05:09:00,618.72
2016-09-16 06:09:00,609.58
2016-09-16 07:09:00,613.27
2016-09-16 08:09:00,613.66
2016-09-16 09:09:00,608.77
2016-09-16 10:09:00,612.04
2016-09-16 11:09:00,609.48
2016-09-16 12:09:00,609.13
2016-09-16 13:09:00,609.27
2016-09-16 14:09:00,610.35
2016-09-16 15:09:00,609.37
2016-09-16 16:09:00,611.62
2016-09-16 17:09:00,611.3
2016-09-16 18:09:00,608.97
2016-09-16 19:09:00,608.03
2016-09-16 20:09:00,617.55
2016-09-16 21:09:00,607.92
2016-09-16 22:09:00,608.59
2016-09-16 23:09:00,608.93
2016-09-16 24:09:00,618.15
2016-09-17 01:09:00,627.31
2016-09-17 02:09:00,622.19
2016-09-17 03:09:00,620.51
2016-09-17 04:09:00,615.69
2016-09-17 05:09:00,614.73
2016-09-17 06:09:00,608.74
2016-09-17 07:09:00,616.2
2016-09-17 08:09:00,608.94
2016-09-17 09:09:00,618.7
2016-09-17 10:09:00,618.7
2016-09-17 11:09:00,615.05
2016-09-17 12:09:00,614.53
2016-09-17 13:09:00,610.01
2016-09-17 14:09:00,610.62
2016-09-17 15:09:00,614.39
2016-09-17 16:09:00,607.6
2016-09-17 17:09:00,608.49
2016-09-17 18:09:00,609.13
2016-09-17 19:09:00,606.92
2016-09-17 20:09:00,606.5
2016-09-17 21:09:00,620.66
2016-09-17 22:09:00,615.9
2016-09-17 23:09:00,615.08
2016-09-17 24:09:00,614.37
2016-09-18 01:09:00,607.59
2016-09-18 02:09:00,607.75
2016-09-18 03:09:00,617.15
2016-09-18 04:09:00,608.49
2016-09-18 05:09:00,612.57
2016-09-18 06:09:00,610.94
2016-09-18 07:09:00,612.99
2016-09-18 08:09:00,614.75
2016-09-18 09:09:00,610.81
2016-09-18 10:09:00,606.66
2016-09-18 11:09:00,607.72
2016-09-18 12:09:00,609.99
2016-09-18 13:09:00,609.1
2016-09-18 14:09:00,610.43
2016-09-18 15:09:00,609.66
2016-09-18 16:09:00,613.38
2016-09-18 17:09:00,612.84
2016-09-18 18:09:00,610.26
2016-09-18 19:09:00,613.72
2016-09-18 20:09:00,611.3
2016-09-18 21:09:00,615.85
2016-09-18 22:09:00,615.63
2016-09-18 23:09:00,616.58
2016-09-18 24:09:00,618.41
2016-09-19 01:09:00,621.4
2016-09-19 02:09:00,612.75
2016-09-19 03:09:00,611.81
2016-09-19 04:09:00,614.69
2016-09-19 05:09:00,622.15
2016-09-19 06:09:00,624.46
2016-09-19 07:09:00,615.74
2016-09-19 08:09:00,615.18
2016-09-19 09:09:00,610.84
2016-09-19 10:09:00,610.6
2016-09-19 11:09:00,610.36
2016-09-19 12:09:00,613.04
2016-09-19 13:09:00,613.99
2016-09-19 14:09:00,610.6
2016-09-19 15:09:00,611.3
2016-09-19 16:09:00,614.1
2016-09-19 17:09:00,616.67
2016-09-19 18:09:00,608.64
2016-09-19 19:09:00,608.84
2016-09-19 20:09:00,608.45
2016-09-19 21:09:00,610.28
2016-09-19 22:09:00,610.25
2016-09-19 23:09:00,609.15
2016-09-19 24:09:00,609.35
2016-09-20 01:09:00,609.66
2016-09-20 02:09:00,609.34
2016-09-20 03:09:00,618.89
2016-09-20 04:09:00,608.58
2016-09-20 05:09:00,608.88
2016-09-20 06:09:00,606.12
2016-09-20 07:09:00,606.94
2016-09-20 08:09:00,609.69
2016-09-20 09:09:00,615.6
2016-09-20 10:09:00,610.41
2016-09-20 11:09:00,610.67
2016-09-20 12:09:00,609.89
2016-09-20 13:09:00,609.31
2016-09-20 14:09:00,609.95
2016-09-20 15:09:00,611.87
2016-09-20 16:09:00,611.52
2016-09-20 17:09:00,609.64
2016-09-20 18:09:00,609.92
2016-09-20 19:09:00,616.61
2016-09-20 20:09:00,617.73
2016-09-20 21:09:00,608.61
2016-09-20 22:09:00,608.18
2016-09-20 23:09:00,607.33
2016-09-20 24:09:00,609.76
2016-09-21 01:09:00,619.42
2016-09-21 02:09:00,609.77
2016-09-21 03:09:00,599.6
2016-09-21 04:09:00,596.7
2016-09-21 05:09:00,597.46
2016-09-21 06:09:00,596.39
2016-09-21 07:09:00,605.47
2016-09-21 08:09:00,598.75
2016-09-21 09:09:00,597.95
2016-09-21 10:09:00,598.49
2016-09-21 11:09:00,600.89
2016-09-21 12:09:00,601.98
2016-09-21 13:09:00,600.28
2016-09-21 14:09:00,601.12
2016-09-21 15:09:00,599.48
2016-09-21 16:09:00,601.04
2016-09-21 17:09:00,600.7
2016-09-21 18:09:00,601.53
2016-09-21 19:09:00,598.68
2016-09-21 20:09:00,597.39
2016-09-21 21:09:00,595.92
2016-09-21 22:09:00,596.67
2016-09-21 23:09:00,595.31
2016-09-21 24:09:00,596.06
2016-09-22 01:09:00,598.04
2016-09-22 02:09:00,597.71
2016-09-22 03:09:00,598.65
2016-09-22 04:09:00,598.06
2016-09-22 05:09:00,608.52
2016-09-22 06:09:00,607.14
2016-09-22 07:09:00,598.82
2016-09-22 08:09:00,598.74
2016-09-22 09:09:00,598.06
2016-09-22 10:09:00,597.19
2016-09-22 11:09:00,601.42
2016-09-22 12:09:00,598.75
2016-09-22 13:09:00,598.43
2016-09-22 14:09:00,600.4
2016-09-22 15:09:00,600.36
2016-09-22 16:09:00,597.73
2016-09-22 17:09:00,598.36
2016-09-22 18:09:00,598.31
2016-09-22 19:09:00,604.89
2016-09-22 20:09:00,597.33
2016-09-22 21:09:00,595.81
2016-09-22 22:09:00,596.83
2016-09-22 23:09:00,596.07
2016-09-22 24:09:00,597.62
2016-09-23 01:09:00,606.36
2016-09-23 02:09:00,596.26
2016-09-23 03:09:00,596.71
2016-09-23 04:09:00,594.57
2016-09-23 05:09:00,602.29
2016-09-23 06:09:00,597.01
2016-09-23 07:09:00,598.94
2016-09-23 08:09:00,605
2016-09-23 09:09:00,599.76
2016-09-23 10:09:00,596.55
2016-09-23 11:09:00,597.13
2016-09-23 12:09:00,599.61
2016-09-23 13:09:00,599.13
2016-09-23 14:09:00,598.13
2016-09-23 15:09:00,599.39
2016-09-23 16:09:00,603.28
2016-09-23 17:09:00,602.7
2016-09-23 18:09:00,600.61
2016-09-23 19:09:00,601.99
2016-09-23 20:09:00,602.31
2016-09-23 21:09:00,601.57
2016-09-23 22:09:00,601.93
2016-09-23 23:09:00,600.1
2016-09-23 24:09:00,602.45
2016-09-24 01:09:00,603
2016-09-24 02:09:00,603.52
2016-09-24 03:09:00,612.78
2016-09-24 04:09:00,622.98
2016-09-24 05:09:00,613.21
2016-09-24 06:09:00,610.94
2016-09-24 07:09:00,608.03
2016-09-24 08:09:00,608.99
2016-09-24 09:09:00,605.82
2016-09-24 10:09:00,608.44
2016-09-24 11:09:00,611.75
2016-09-24 12:09:00,606.51
2016-09-24 13:09:00,607.2
2016-09-24 14:09:00,604.57
2016-09-24 15:09:00,608.04
2016-09-24 16:09:00,611.66
2016-09-24 17:09:00,608.88
2016-09-24 18:09:00,605.58
2016-09-24 19:09:00,615.07
2016-09-24 20:09:00,602.81
2016-09-24 21:09:00,602.93
2016-09-24 22:09:00,612.52
2016-09-24 23:09:00,599.78
2016-09-24 24:09:00,616.38
2016-09-25 01:09:00,613.8
2016-09-25 02:09:00,613.45
2016-09-25 03:09:00,602.84
2016-09-25 04:09:00,621.43
2016-09-25 05:09:00,607.84
2016-09-25 06:09:00,614.45
2016-09-25 07:09:00,608.39
2016-09-25 08:09:00,609.91
2016-09-25 09:09:00,614.12
2016-09-25 10:09:00,606.32
2016-09-25 11:09:00,614.71
2016-09-25 12:09:00,603.24
2016-09-25 13:09:00,611.84
2016-09-25 14:09:00,604.6
2016-09-25 15:09:00,612.81
2016-09-25 16:09:00,604.62
2016-09-25 17:09:00,600.85
2016-09-25 18:09:00,600.31
2016-09-25 19:09:00,605.59
2016-09-25 20:09:00,613.14
2016-09-25 21:09:00,602.35
2016-09-25 22:09:00,599.16
2016-09-25 23:09:00,599.87
2016-09-25 24:09:00,610.97
2016-09-26 01:09:00,612.12
2016-09-26 02:09:00,600.57
2016-09-26 03:09:00,617.68
2016-09-26 04:09:00,615.5
2016-09-26 05:09:00,599.51
2016-09-26 06:09:00,599.21
2016-09-26 07:09:00,600.4
2016-09-26 08:09:00,602.88
2016-09-26 09:09:00,603.59
2016-09-26 10:09:00,602.7
2016-09-26 11:09:00,603.72
2016-09-26 12:09:00,606.29
2016-09-26 13:09:00,611.26
2016-09-26 14:09:00,611.77
2016-09-26 15:09:00,610.54
2016-09-26 16:09:00,606.49
2016-09-26 17:09:00,606.2
2016-09-26 18:09:00,608.16
2016-09-26 19:09:00,613.82
2016-09-26 20:09:00,606.45
2016-09-26 21:09:00,606.41
2016-09-26 22:09:00,617.46
2016-09-26 23:09:00,606.21
2016-09-26 24:09:00,607.36
2016-09-27 01:09:00,615.63
2016-09-27 02:09:00,607.39
2016-09-27 03:09:00,607.38
2016-09-27 04:09:00,626.34
2016-09-27 05:09:00,616.68
2016-09-27 06:09:00,610.9
2016-09-27 07:09:00,618.46
2016-09-27 08:09:00,609.61
2016-09-27 09:09:00,606.96
2016-09-27 10:09:00,606.77
2016-09-27 11:09:00,608.51
2016-09-27 12:09:00,607.88
2016-09-27 13:09:00,606.37
2016-09-27 14:09:00,605.79
2016-09-27 15:09:00,605.67
2016-09-27 16:09:00,609.53
2016-09-27 17:09:00,609.1
2016-09-27 18:09:00,604.82
2016-09-27 19:09:00,610.06
2016-09-27 20:09:00,606.25
2016-09-27 21:09:00,614.16
2016-09-27 22:09:00,606.31
2016-09-27 23:09:00,605.08
2016-09-27 24:09:00,604.18
2016-09-28 01:09:00,604.1
2016-09-28 02:09:00,604.72
2016-09-28 03:09:00,620.6
2016-09-28 04:09:00,606.86
2016-09-28 05:09:00,605.16
2016-09-28 06:09:00,610.08
2016-09-28 07:09:00,607.85
2016-09-28 08:09:00,604.95
2016-09-28 09:09:00,604.84
2016-09-28 10:09:00,607.05
2016-09-28 11:09:00,604.83
2016-09-28 12:09:00,606.69
2016-09-28 13:09:00,607.64
2016-09-28 14:09:00,607.73
2016-09-28 15:09:00,605.96
2016-09-28 16:09:00,605.67
2016-09-28 17:09:00,604.68
2016-09-28 18:09:00,604.92
2016-09-28 19:09:00,605.03
2016-09-28 20:09:00,604.67
2016-09-28 21:09:00,604.45
2016-09-28 22:09:00,613.36
2016-09-28 23:09:00,605.33
2016-09-28 24:09:00,604.63
2016-09-29 01:09:00,604.34
2016-09-29 02:09:00,605.15
2016-09-29 03:09:00,606.22
2016-09-29 04:09:00,604.46
2016-09-29 05:09:00,612.06
2016-09-29 06:09:00,609.09
2016-09-29 07:09:00,611.33
2016-09-29 08:09:00,613.56
2016-09-29 09:09:00,610.75
2016-09-29 10:09:00,605.38
2016-09-29 11:09:00,603.93
2016-09-29 12:09:00,606.04
2016-09-29 13:09:00,604.73
2016-09-29 14:09:00,608.54
2016-09-29 15:09:00,607.02
2016-09-29 16:09:00,606.27
2016-09-29 17:09:00,604.49
2016-09-29 18:09:00,605.42
2016-09-29 19:09:00,617.03
2016-09-29 20:09:00,611.45
2016-09-29 21:09:00,612.55
2016-09-29 22:09:00,605.2
2016-09-29 23:09:00,607.91
2016-09-29 24:09:00,615.06
2016-09-30 01:09:00,618.19
2016-09-30 02:09:00,605.91
2016-09-30 03:09:00,606.55
2016-09-30 04:09:00,605.37
2016-09-30 05:09:00,605.4
2016-09-30 06:09:00,607.79
2016-09-30 07:09:00,604.8
2016-09-30 08:09:00,606.39
2016-09-30 09:09:00,607.22
2016-09-30 10:09:00,603.73
2016-09-30 11:09:00,606.73
2016-09-30 12:09:00,606.36
2016-09-30 13:09:00,604.02
2016-09-30 14:09:00,607.28
2016-09-30 15:09:00,604.4
2016-09-30 16:09:00,605.57
2016-09-30 17:09:00,606.04
2016-09-30 18:09:00,608.88
2016-09-30 19:09:00,606.26
2016-09-30 20:09:00,605.46
2016-09-30 21:09:00,612.22
2016-09-30 22:09:00,614.78
2016-09-30 23:09:00,604.76
2016-09-30 24:09:00,606.61
2016-10-01 01:10:00,606.39
2016-10-01 02:10:00,608.2
2016-10-01 03:10:00,610.53
2016-10-01 04:10:00,616.27
2016-10-01 05:10:00,619.15
2016-10-01 06:10:00,611.76
2016-10-01 07:10:00,619.04
2016-10-01 08:10:00,617.15
2016-10-01 09:10:00,616.01
2016-10-01 10:10:00,611.06
2016-10-01 11:10:00,611.7
2016-10-01 12:10:00,610.57
2016-10-01 13:10:00,611.3
2016-10-01 14:10:00,610.96
2016-10-01 15:10:00,613.01
2016-10-01 16:10:00,613.69
2016-10-01 17:10:00,615.88
2016-10-01 18:10:00,613.37
2016-10-01 19:10:00,613.93
2016-10-01 20:10:00,621.07
2016-10-01 21:10:00,620.55
2016-10-01 22:10:00,618.61
2016-10-01 23:10:00,615
2016-10-01 24:10:00,616.16
2016-10-02 01:10:00,614.66
2016-10-02 02:10:00,615.09
2016-10-02 03:10:00,615.08
2016-10-02 04:10:00,620.7
2016-10-02 05:10:00,629.35
2016-10-02 06:10:00,615.54
2016-10-02 07:10:00,634.81
2016-10-02 08:10:00,621.28
2016-10-02 09:10:00,600.27
2016-10-02 10:10:00,612.1
2016-10-02 11:10:00,614.56
2016-10-02 12:10:00,611.96
2016-10-02 13:10:00,612.57
2016-10-02 14:10:00,613.62
2016-10-02 15:10:00,610.78
2016-10-02 16:10:00,613.98
2016-10-02 17:10:00,611.63
2016-10-02 18:10:00,610.15
2016-10-02 19:10:00,608.75
2016-10-02 20:10:00,618.62
2016-10-02 21:10:00,609.76
2016-10-02 22:10:00,616.4
2016-10-02 23:10:00,612.94
2016-10-02 24:10:00,622.1
2016-10-03 01:10:00,617.94
2016-10-03 02:10:00,622.88
2016-10-03 03:10:00,611.74
2016-10-03 04:10:00,612.18
2016-10-03 05:10:00,611.45
2016-10-03 06:10:00,614.47
2016-10-03 07:10:00,616.62
2016-10-03 08:10:00,619.67
2016-10-03 09:10:00,616.68
2016-10-03 10:10:00,613.43
2016-10-03 11:10:00,614.54
2016-10-03 12:10:00,613.02
2016-10-03 13:10:00,610.94
2016-10-03 14:10:00,613.98
2016-10-03 15:10:00,610.77
2016-10-03 16:10:00,613.76
2016-10-03 17:10:00,610.91
2016-10-03 18:10:00,614.04
2016-10-03 19:10:00,610.2
2016-10-03 20:10:00,611.31
2016-10-03 21:10:00,613.29
2016-10-03 22:10:00,611.76
2016-10-03 23:10:00,612.36
2016-10-03 24:10:00,617.77
2016-10-04 01:10:00,611.86
2016-10-04 02:10:00,624.13
2016-10-04 03:10:00,620.33
2016-10-04 04:10:00,626.47
2016-10-04 05:10:00,618.57
2016-10-04 06:10:00,610.07
2016-10-04 07:10:00,614.55
2016-10-04 08:10:00,614.75
2016-10-04 09:10:00,615.06
2016-10-04 10:10:00,613.24
2016-10-04 11:10:00,609.64
2016-10-04 12:10:00,610.34
2016-10-04 13:10:00,609.78
2016-10-04 14:10:00,611.82
2016-10-04 15:10:00,611.42
2016-10-04 16:10:00,612.21
2016-10-04 17:10:00,613.91
2016-10-04 18:10:00,612.84
2016-10-04 19:10:00,609.59
2016-10-04 20:10:00,609.07
2016-10-04 21:10:00,608.71
2016-10-04 22:10:00,618.52
2016-10-04 23:10:00,609.74
2016-10-04 24:10:00,609.81
2016-10-05 01:10:00,608.93
2016-10-05 02:10:00,620.98
2016-10-05 03:10:00,610.23
2016-10-05 04:10:00,610.4
2016-10-05 05:10:00,609.37
2016-10-05 06:10:00,620.64
2016-10-05 07:10:00,616.06
2016-10-05 08:10:00,614.23
2016-10-05 09:10:00,613.82
2016-10-05 10:10:00,614.21
2016-10-05 11:10:00,613.96
2016-10-05 12:10:00,612.39
2016-10-05 13:10:00,610.83
2016-10-05 14:10:00,612.56
2016-10-05 15:10:00,611.84
2016-10-05 16:10:00,613.84
2016-10-05 17:10:00,617.22
2016-10-05 18:10:00,613.46
2016-10-05 19:10:00,613.19
2016-10-05 20:10:00,612.22
2016-10-05 21:10:00,612.37
2016-10-05 22:10:00,624.91
2016-10-05 23:10:00,611.47
2016-10-05 24:10:00,612.66
2016-10-06 01:10:00,612.28
2016-10-06 02:10:00,612.34
2016-10-06 03:10:00,612.05
2016-10-06 04:10:00,624.25
2016-10-06 05:10:00,624.97
2016-10-06 06:10:00,621.38
2016-10-06 07:10:00,624.86
2016-10-06 08:10:00,618.54
2016-10-06 09:10:00,611.01
2016-10-06 10:10:00,614.48
2016-10-06 11:10:00,613.12
2016-10-06 12:10:00,611.66
2016-10-06 13:10:00,612.46
2016-10-06 14:10:00,615.09
2016-10-06 15:10:00,612.08
2016-10-06 16:10:00,614.35
2016-10-06 17:10:00,614.66
2016-10-06 18:10:00,611.83
2016-10-06 19:10:00,611.88
2016-10-06 20:10:00,611.86
2016-10-06 21:10:00,611.38
2016-10-06 22:10:00,611.8
2016-10-06 23:10:00,612.15
2016-10-06 24:10:00,612.58
2016-10-07 01:10:00,617.06
2016-10-07 02:10:00,618.68
2016-10-07 03:10:00,611.74
2016-10-07 04:10:00,610.76
2016-10-07 05:10:00,610.3
2016-10-07 06:10:00,613.44
2016-10-07 07:10:00,616.34
2016-10-07 08:10:00,612.12
2016-10-07 09:10:00,613.18
2016-10-07 10:10:00,616.39
2016-10-07 11:10:00,615.28
2016-10-07 12:10:00,615.6
2016-10-07 13:10:00,616.46
2016-10-07 14:10:00,615
2016-10-07 15:10:00,616.73
2016-10-07 16:10:00,618.6
2016-10-07 17:10:00,616.89
2016-10-07 18:10:00,617.16
2016-10-07 19:10:00,616.47
2016-10-07 20:10:00,616.5
2016-10-07 21:10:00,614.68
2016-10-07 22:10:00,623.73
2016-10-07 23:10:00,618.64
2016-10-07 24:10:00,617.78
2016-10-08 01:10:00,617.71
2016-10-08 02:10:00,617.24
2016-10-08 03:10:00,617.15
2016-10-08 04:10:00,627.24
2016-10-08 05:10:00,624.06
2016-10-08 06:10:00,623.71
2016-10-08 07:10:00,624.24
2016-10-08 08:10:00,622.21
2016-10-08 09:10:00,619.16
2016-10-08 10:10:00,621.61
2016-10-08 11:10:00,618.19
2016-10-08 12:10:00,620.55
2016-10-08 13:10:00,618.29
2016-10-08 14:10:00,617.73
2016-10-08 15:10:00,618.12
2016-10-08 16:10:00,616.31
2016-10-08 17:10:00,623.17
2016-10-08 18:10:00,617.97
2016-10-08 19:10:00,617.15
2016-10-08 20:10:00,629.39
2016-10-08 21:10:00,629.88
2016-10-08 22:10:00,618.1
2016-10-08 23:10:00,617.72
2016-10-08 24:10:00,617.32
2016-10-09 01:10:00,632.76
2016-10-09 02:10:00,631.48
2016-10-09 03:10:00,631.67
2016-10-09 04:10:00,630.8
2016-10-09 05:10:00,618.32
2016-10-09 06:10:00,617.13
2016-10-09 07:10:00,617.36
2016-10-09 08:10:00,631.21
2016-10-09 09:10:00,624.4
2016-10-09 10:10:00,622.81
2016-10-09 11:10:00,616.93
2016-10-09 12:10:00,618.49
2016-10-09 13:10:00,617.86
2016-10-09 14:10:00,616.96
2016-10-09 15:10:00,616.66
2016-10-09 16:10:00,619.52
2016-10-09 17:10:00,617.2
2016-10-09 18:10:00,617.11
2016-10-09 19:10:00,617.22
2016-10-09 20:10:00,616.85
2016-10-09 21:10:00,629.66
2016-10-09 22:10:00,621.22
2016-10-09 23:10:00,615.97
2016-10-09 24:10:00,614.92
2016-10-10 01:10:00,615.56
2016-10-10 02:10:00,624.71
2016-10-10 03:10:00,616.33
2016-10-10 04:10:00,614.22
2016-10-10 05:10:00,616.27
2016-10-10 06:10:00,619.66
2016-10-10 07:10:00,620.13
2016-10-10 08:10:00,617.97
2016-10-10 09:10:00,620.46
2016-10-10 10:10:00,620.12
2016-10-10 11:10:00,617.76
2016-10-10 12:10:00,616.75
2016-10-10 13:10:00,617.01
2016-10-10 14:10:00,615.11
2016-10-10 15:10:00,616.3
2016-10-10 16:10:00,616.83
2016-10-10 17:10:00,618.76
2016-10-10 18:10:00,616.26
2016-10-10 19:10:00,621.43
2016-10-10 20:10:00,616.57
2016-10-10 21:10:00,616.94
2016-10-10 22:10:00,620.77
2016-10-10 23:10:00,616.09
2016-10-10 24:10:00,616.46
2016-10-11 01:10:00,626.42
2016-10-11 02:10:00,629.47
2016-10-11 03:10:00,621.4
2016-10-11 04:10:00,618.95
2016-10-11 05:10:00,617.34
2016-10-11 06:10:00,623.44
2016-10-11 07:10:00,628.67
2016-10-11 08:10:00,634.74
2016-10-11 09:10:00,631.01
2016-10-11 10:10:00,631.01
2016-10-11 11:10:00,633.87
2016-10-11 12:10:00,634.01
2016-10-11 13:10:00,634.32
2016-10-11 14:10:00,634.72
2016-10-11 15:10:00,629.69
2016-10-11 16:10:00,635.48
2016-10-11 17:10:00,637.33
2016-10-11 18:10:00,638.31
2016-10-11 19:10:00,636.11
2016-10-11 20:10:00,637.78
2016-10-11 21:10:00,637.39
2016-10-11 22:10:00,638.85
2016-10-11 23:10:00,641.19
2016-10-11 24:10:00,636.55
2016-10-12 01:10:00,652.38
2016-10-12 02:10:00,641.6
2016-10-12 03:10:00,642.18
2016-10-12 04:10:00,651.18
2016-10-12 05:10:00,647.29
2016-10-12 06:10:00,644.76
2016-10-12 07:10:00,641.18
2016-10-12 08:10:00,639.1
2016-10-12 09:10:00,637.35
2016-10-12 10:10:00,638.79
2016-10-12 11:10:00,638.94
2016-10-12 12:10:00,639.6
2016-10-12 13:10:00,640.04
2016-10-12 14:10:00,638.92
2016-10-12 15:10:00,638.84
2016-10-12 16:10:00,638.13
2016-10-12 17:10:00,639.55
2016-10-12 18:10:00,638.83
2016-10-12 19:10:00,645.71
2016-10-12 20:10:00,638.64
2016-10-12 21:10:00,639.29
2016-10-12 22:10:00,638.32
2016-10-12 23:10:00,637.25
2016-10-12 24:10:00,635.3
2016-10-13 01:10:00,635.62
2016-10-13 02:10:00,636.05
2016-10-13 03:10:00,649.6
2016-10-13 04:10:00,635.99
2016-10-13 05:10:00,641.24
2016-10-13 06:10:00,641.26
2016-10-13 07:10:00,642.8
2016-10-13 08:10:00,638.37
2016-10-13 09:10:00,637.11
2016-10-13 10:10:00,641.7
2016-10-13 11:10:00,638.57
2016-10-13 12:10:00,638.12
2016-10-13 13:10:00,637.03
2016-10-13 14:10:00,640.32
2016-10-13 15:10:00,641.81
2016-10-13 16:10:00,637.43
2016-10-13 17:10:00,636.74
2016-10-13 18:10:00,637.49
2016-10-13 19:10:00,636.51
2016-10-13 20:10:00,642.31
2016-10-13 21:10:00,637.72
2016-10-13 22:10:00,636.8
2016-10-13 23:10:00,635.93
2016-10-13 24:10:00,645.27
2016-10-14 01:10:00,637.44
2016-10-14 02:10:00,641.11
2016-10-14 03:10:00,645.6
2016-10-14 04:10:00,644.71
2016-10-14 05:10:00,637.69
2016-10-14 06:10:00,637.6
2016-10-14 07:10:00,637.69
2016-10-14 08:10:00,637.47
2016-10-14 09:10:00,638.88
2016-10-14 10:10:00,637.12
2016-10-14 11:10:00,639.35
2016-10-14 12:10:00,640.98
2016-10-14 13:10:00,639.88
2016-10-14 14:10:00,636.35
2016-10-14 15:10:00,639.89
2016-10-14 16:10:00,639.39
2016-10-14 17:10:00,637.43
2016-10-14 18:10:00,647.48
2016-10-14 19:10:00,637.31
2016-10-14 20:10:00,638.38
2016-10-14 21:10:00,640.6
2016-10-14 22:10:00,642.15
2016-10-14 23:10:00,641.88
2016-10-14 24:10:00,648.57
2016-10-15 01:10:00,640.15
2016-10-15 02:10:00,637.24
2016-10-15 03:10:00,638.8
2016-10-15 04:10:00,641.65
2016-10-15 05:10:00,647.94
2016-10-15 06:10:00,654.51
2016-10-15 07:10:00,639.95
2016-10-15 08:10:00,643.33
2016-10-15 09:10:00,639.55
2016-10-15 10:10:00,639.91
2016-10-15 11:10:00,640.17
2016-10-15 12:10:00,645.1
2016-10-15 13:10:00,643.48
2016-10-15 14:10:00,642.92
2016-10-15 15:10:00,644.25
2016-10-15 16:10:00,644.19
2016-10-15 17:10:00,642.3
2016-10-15 18:10:00,653.62
2016-10-15 19:10:00,654.3
2016-10-15 20:10:00,640.55
2016-10-15 21:10:00,638.06
2016-10-15 22:10:00,655.48
2016-10-15 23:10:00,646.86
2016-10-15 24:10:00,641.71
2016-10-16 01:10:00,637.19
2016-10-16 02:10:00,642.98
2016-10-16 03:10:00,669.16
2016-10-16 04:10:00,650.47
2016-10-16 05:10:00,646.21
2016-10-16 06:10:00,649.79
2016-10-16 07:10:00,645.72
2016-10-16 08:10:00,655.54
2016-10-16 09:10:00,642.76
2016-10-16 10:10:00,650.76
2016-10-16 11:10:00,643.18
2016-10-16 12:10:00,639.79
2016-10-16 13:10:00,640.78
2016-10-16 14:10:00,643.74
2016-10-16 15:10:00,643.38
2016-10-16 16:10:00,643.29
2016-10-16 17:10:00,648.79
2016-10-16 18:10:00,647.15
2016-10-16 19:10:00,642.72
2016-10-16 20:10:00,641.41
2016-10-16 21:10:00,642.77
2016-10-16 22:10:00,641.45
2016-10-16 23:10:00,642.7
2016-10-16 24:10:00,649.79
2016-10-17 01:10:00,644.84
2016-10-17 02:10:00,645.73
2016-10-17 03:10:00,640.21
2016-10-17 04:10:00,653.32
2016-10-17 05:10:00,642.75
2016-10-17 06:10:00,640.77
2016-10-17 07:10:00,637.66
2016-10-17 08:10:00,642.98
2016-10-17 09:10:00,641.18
2016-10-17 10:10:00,639.52
2016-10-17 11:10:00,641.15
2016-10-17 12:10:00,641.18
2016-10-17 13:10:00,639.52
2016-10-17 14:10:00,640.26
2016-10-17 15:10:00,641.82
2016-10-17 16:10:00,643.44
2016-10-17 17:10:00,639.08
2016-10-17 18:10:00,639.42
2016-10-17 19:10:00,644.83
2016-10-17 20:10:00,638.42
2016-10-17 21:10:00,638.73
2016-10-17 22:10:00,638.65
2016-10-17 23:10:00,640.32
2016-10-17 24:10:00,638.07
2016-10-18 01:10:00,638.69
2016-10-18 02:10:00,644.69
2016-10-18 03:10:00,637.78
2016-10-18 04:10:00,639.59
2016-10-18 05:10:00,637.47
2016-10-18 06:10:00,645.26
2016-10-18 07:10:00,650.41
2016-10-18 08:10:00,650.86
2016-10-18 09:10:00,637.62
2016-10-18 10:10:00,637.6
2016-10-18 11:10:00,639.07
2016-10-18 12:10:00,639.05
2016-10-18 13:10:00,641.33
2016-10-18 14:10:00,638.03
2016-10-18 15:10:00,637.39
2016-10-18 16:10:00,640.88
2016-10-18 17:10:00,640.07
2016-10-18 18:10:00,640.08
2016-10-18 19:10:00,649.16
2016-10-18 20:10:00,637.42
2016-10-18 21:10:00,636.61
2016-10-18 22:10:00,641.37
2016-10-18 23:10:00,634.58
2016-10-18 24:10:00,634.31
2016-10-19 01:10:00,633.42
2016-10-19 02:10:00,639.88
2016-10-19 03:10:00,636.99
2016-10-19 04:10:00,638.64
2016-10-19 05:10:00,637.12
2016-10-19 06:10:00,636.31
2016-10-19 07:10:00,635.89
2016-10-19 08:10:00,638.37
2016-10-19 09:10:00,637.17
2016-10-19 10:10:00,639.58
2016-10-19 11:10:00,640.09
2016-10-19 12:10:00,639.22
2016-10-19 13:10:00,637.21
2016-10-19 14:10:00,636.51
2016-10-19 15:10:00,634.72
2016-10-19 16:10:00,635.95
2016-10-19 17:10:00,628.32
2016-10-19 18:10:00,627.78
2016-10-19 19:10:00,628.08
2016-10-19 20:10:00,629
2016-10-19 21:10:00,633.42
2016-10-19 22:10:00,636.13
2016-10-19 23:10:00,626.8
2016-10-19 24:10:00,628.98
2016-10-20 01:10:00,635.14
2016-10-20 02:10:00,637
2016-10-20 03:10:00,638.74
2016-10-20 04:10:00,635.8
2016-10-20 05:10:00,636.45
2016-10-20 06:10:00,638.56
2016-10-20 07:10:00,629.33
2016-10-20 08:10:00,629.1
2016-10-20 09:10:00,636.06
2016-10-20 10:10:00,631
2016-10-20 11:10:00,636.21
2016-10-20 12:10:00,632.57
2016-10-20 13:10:00,630.11
2016-10-20 14:10:00,631.27
2016-10-20 15:10:00,632.71
2016-10-20 16:10:00,629.63
2016-10-20 17:10:00,633.81
2016-10-20 18:10:00,629.44
2016-10-20 19:10:00,628.45
2016-10-20 20:10:00,627.9
2016-10-20 21:10:00,628.11
2016-10-20 22:10:00,636.29
2016-10-20 23:10:00,628.8
2016-10-20 24:10:00,628.9
2016-10-21 01:10:00,630.95
2016-10-21 02:10:00,629.1
2016-10-21 03:10:00,629.06
2016-10-21 04:10:00,630.42
2016-10-21 05:10:00,630.86
2016-10-21 06:10:00,635.13
2016-10-21 07:10:00,637.47
2016-10-21 08:10:00,635.36
2016-10-21 09:10:00,632.11
2016-10-21 10:10:00,639.34
2016-10-21 11:10:00,634.16
2016-10-21 12:10:00,633.67
2016-10-21 13:10:00,632.47
2016-10-21 14:10:00,631.7
2016-10-21 15:10:00,631.59
2016-10-21 16:10:00,633.43
2016-10-21 17:10:00,633.88
2016-10-21 18:10:00,632.19
2016-10-21 19:10:00,633.28
2016-10-21 20:10:00,638.62
2016-10-21 21:10:00,638.62
2016-10-21 22:10:00,633.27
2016-10-21 23:10:00,630.82
2016-10-21 24:10:00,630.89
2016-10-22 01:10:00,642.23
2016-10-22 02:10:00,633.45
2016-10-22 03:10:00,645.03
2016-10-22 04:10:00,638.15
2016-10-22 05:10:00,631.7
2016-10-22 06:10:00,631.83
2016-10-22 07:10:00,652.22
2016-10-22 08:10:00,631.98
2016-10-22 09:10:00,635.33
2016-10-22 10:10:00,638.89
2016-10-22 11:10:00,637.69
2016-10-22 12:10:00,636.1
2016-10-22 13:10:00,640.01
2016-10-22 14:10:00,637.61
2016-10-22 15:10:00,639.19
2016-10-22 16:10:00,639.47
2016-10-22 17:10:00,639.88
2016-10-22 18:10:00,653.2
2016-10-22 19:10:00,656.25
2016-10-22 20:10:00,657.06
2016-10-22 21:10:00,657.11
2016-10-22 22:10:00,658.75
2016-10-22 23:10:00,657.65
2016-10-22 24:10:00,660.5
2016-10-23 01:10:00,657.97
2016-10-23 02:10:00,657.1
2016-10-23 03:10:00,661.22
2016-10-23 04:10:00,663.28
2016-10-23 05:10:00,662.6
2016-10-23 06:10:00,664.39
2016-10-23 07:10:00,656.1
2016-10-23 08:10:00,658.84
2016-10-23 09:10:00,660.72
2016-10-23 10:10:00,658.31
2016-10-23 11:10:00,661.28
2016-10-23 12:10:00,660.3
2016-10-23 13:10:00,654.76
2016-10-23 14:10:00,653.6
2016-10-23 15:10:00,654.88
2016-10-23 16:10:00,654.32
2016-10-23 17:10:00,653.25
2016-10-23 18:10:00,655.24
2016-10-23 19:10:00,655.13
2016-10-23 20:10:00,655.23
2016-10-23 21:10:00,656.29
2016-10-23 22:10:00,655.89
2016-10-23 23:10:00,654.8
2016-10-23 24:10:00,659.32
2016-10-24 01:10:00,655.01
2016-10-24 02:10:00,655.29
2016-10-24 03:10:00,660.96
2016-10-24 04:10:00,656.82
2016-10-24 05:10:00,655.45
2016-10-24 06:10:00,656.96
2016-10-24 07:10:00,654.06
2016-10-24 08:10:00,649.85
2016-10-24 09:10:00,654.28
2016-10-24 10:10:00,654.7
2016-10-24 11:10:00,652.65
2016-10-24 12:10:00,652.71
2016-10-24 13:10:00,652.52
2016-10-24 14:10:00,653.65
2016-10-24 15:10:00,652.93
2016-10-24 16:10:00,652.6
2016-10-24 17:10:00,652.2
2016-10-24 18:10:00,649.73
2016-10-24 19:10:00,652.09
2016-10-24 20:10:00,652.59
2016-10-24 21:10:00,655.95
2016-10-24 22:10:00,661.22
2016-10-24 23:10:00,648.99
2016-10-24 24:10:00,664.72
2016-10-25 01:10:00,651.49
2016-10-25 02:10:00,667.65
2016-10-25 03:10:00,661.5
2016-10-25 04:10:00,655.06
2016-10-25 05:10:00,655.12
2016-10-25 06:10:00,661.25
2016-10-25 07:10:00,656.28
2016-10-25 08:10:00,658.11
2016-10-25 09:10:00,658.56
2016-10-25 10:10:00,661.02
2016-10-25 11:10:00,657.73
2016-10-25 12:10:00,655.79
2016-10-25 13:10:00,654.73
2016-10-25 14:10:00,653.04
2016-10-25 15:10:00,654.79
2016-10-25 16:10:00,657.34
2016-10-25 17:10:00,656.56
2016-10-25 18:10:00,656.37
2016-10-25 19:10:00,657.57
2016-10-25 20:10:00,658.01
2016-10-25 21:10:00,658.32
2016-10-25 22:10:00,656.16
2016-10-25 23:10:00,654.63
2016-10-25 24:10:00,654.74
2016-10-26 01:10:00,663.6
2016-10-26 02:10:00,660.28
2016-10-26 03:10:00,661.9
2016-10-26 04:10:00,661.97
2016-10-26 05:10:00,666.78
2016-10-26 06:10:00,663.95
2016-10-26 07:10:00,664.22
2016-10-26 08:10:00,658.86
2016-10-26 09:10:00,661.97
2016-10-26 10:10:00,664.21
2016-10-26 11:10:00,662.68
2016-10-26 12:10:00,663.65
2016-10-26 13:10:00,662.14
2016-10-26 14:10:00,662.64
2016-10-26 15:10:00,664.68
2016-10-26 16:10:00,667.8
2016-10-26 17:10:00,667.91
2016-10-26 18:10:00,667.9
2016-10-26 19:10:00,668.52
2016-10-26 20:10:00,674.19
2016-10-26 21:10:00,678.56
2016-10-26 22:10:00,681.89
2016-10-26 23:10:00,674.88
2016-10-26 24:10:00,673.96
2016-10-27 01:10:00,674.21
2016-10-27 02:10:00,676.52
2016-10-27 03:10:00,685.07
2016-10-27 04:10:00,681.25
2016-10-27 05:10:00,684.47
2016-10-27 06:10:00,684.97
2016-10-27 07:10:00,688.78
2016-10-27 08:10:00,685.32
2016-10-27 09:10:00,688.08
2016-10-27 10:10:00,688.24
2016-10-27 11:10:00,688.88
2016-10-27 12:10:00,685.54
2016-10-27 13:10:00,685.09
2016-10-27 14:10:00,685.65
2016-10-27 15:10:00,683.21
2016-10-27 16:10:00,682.65
2016-10-27 17:10:00,681.2
2016-10-27 18:10:00,683.25
2016-10-27 19:10:00,681.11
2016-10-27 20:10:00,679.78
2016-10-27 21:10:00,684.26
2016-10-27 22:10:00,682.22
2016-10-27 23:10:00,683.24
2016-10-27 24:10:00,684.6
2016-10-28 01:10:00,687.13
2016-10-28 02:10:00,686.58
2016-10-28 03:10:00,685.11
2016-10-28 04:10:00,696.16
2016-10-28 05:10:00,692.19
2016-10-28 06:10:00,684.4
2016-10-28 07:10:00,685.51
2016-10-28 08:10:00,686.29
2016-10-28 09:10:00,688.47
2016-10-28 10:10:00,684.23
2016-10-28 11:10:00,685.34
2016-10-28 12:10:00,686.59
2016-10-28 13:10:00,686.74
2016-10-28 14:10:00,687.02
2016-10-28 15:10:00,685.03
2016-10-28 16:10:00,686.08
2016-10-28 17:10:00,685.45
2016-10-28 18:10:00,687.99
2016-10-28 19:10:00,689.39
2016-10-28 20:10:00,689.24
2016-10-28 21:10:00,688.25
2016-10-28 22:10:00,692.95
2016-10-28 23:10:00,686.61
2016-10-28 24:10:00,693.8
2016-10-29 01:10:00,697.41
2016-10-29 02:10:00,689.33
2016-10-29 03:10:00,692.02
2016-10-29 04:10:00,696.83
2016-10-29 05:10:00,699.44
2016-10-29 06:10:00,704.12
2016-10-29 07:10:00,704.51
2016-10-29 08:10:00,706.12
2016-10-29 09:10:00,704.13
2016-10-29 10:10:00,702.53
2016-10-29 11:10:00,701.91
2016-10-29 12:10:00,700.69
2016-10-29 13:10:00,703.74
2016-10-29 14:10:00,706.33
2016-10-29 15:10:00,704.39
2016-10-29 16:10:00,706.83
2016-10-29 17:10:00,712.25
2016-10-29 18:10:00,717.15
2016-10-29 19:10:00,713.8
2016-10-29 20:10:00,715.76
2016-10-29 21:10:00,713.37
2016-10-29 22:10:00,716.6
2016-10-29 23:10:00,719.09
2016-10-29 24:10:00,721.12
2016-10-30 02:10:00,721.61
2016-10-30 03:10:00,711.03
2016-10-30 03:10:00,705.83
2016-10-30 04:10:00,701.44
2016-10-30 05:10:00,706.15
2016-10-30 06:10:00,707.12
2016-10-30 07:10:00,713.31
2016-10-30 08:10:00,707.81
2016-10-30 09:10:00,710.42
2016-10-30 10:10:00,713.99
2016-10-30 11:10:00,713.25
2016-10-30 12:10:00,710.47
2016-10-30 13:10:00,709.32
2016-10-30 14:10:00,707.47
2016-10-30 15:10:00,710.67
2016-10-30 16:10:00,705.05
2016-10-30 17:10:00,705.39
2016-10-30 18:10:00,711.08
2016-10-30 19:10:00,713.05
2016-10-30 20:10:00,714.75
2016-10-30 21:10:00,706.98
2016-10-30 22:10:00,706.71
2016-10-30 23:10:00,706.01
2016-10-30 24:10:00,704.98
2016-10-31 01:10:00,700.68
2016-10-31 02:10:00,705.34
2016-10-31 03:10:00,695.92
2016-10-31 04:10:00,692.07
2016-10-31 05:10:00,697.61
2016-10-31 06:10:00,699.16
2016-10-31 07:10:00,702.31
2016-10-31 08:10:00,700.56
2016-10-31 09:10:00,703.39
2016-10-31 10:10:00,701.77
2016-10-31 11:10:00,701.4
2016-10-31 12:10:00,699.97
2016-10-31 13:10:00,700.06
2016-10-31 14:10:00,699.45
2016-10-31 15:10:00,699.13
2016-10-31 16:10:00,702.59
2016-10-31 17:10:00,705.36
2016-10-31 18:10:00,707.77
2016-10-31 19:10:00,709.06
2016-10-31 20:10:00,704.02
2016-10-31 21:10:00,705.14
2016-10-31 22:10:00,706.64
2016-10-31 23:10:00,704.47
2016-10-31 24:10:00,702.33
2016-11-01 01:11:00,703.39
2016-11-01 02:11:00,699.22
2016-11-01 03:11:00,710.35
2016-11-01 04:11:00,711.31
2016-11-01 05:11:00,715.03
2016-11-01 06:11:00,714.84
2016-11-01 07:11:00,713.36
2016-11-01 08:11:00,712.3
2016-11-01 09:11:00,718.48
2016-11-01 10:11:00,722.99
2016-11-01 11:11:00,724.76
2016-11-01 12:11:00,722.8
2016-11-01 13:11:00,728.08
2016-11-01 14:11:00,736.65
2016-11-01 15:11:00,732.57
2016-11-01 16:11:00,732.97
2016-11-01 17:11:00,730.76
2016-11-01 18:11:00,728.99
2016-11-01 19:11:00,729.84
2016-11-01 20:11:00,730.51
2016-11-01 21:11:00,738.43
2016-11-01 22:11:00,729.08
2016-11-01 23:11:00,732.61
2016-11-01 24:11:00,731.35
2016-11-02 01:11:00,732.64
2016-11-02 02:11:00,728.11
2016-11-02 03:11:00,728.17
2016-11-02 04:11:00,725.92
2016-11-02 05:11:00,728.98
2016-11-02 06:11:00,734.45
2016-11-02 07:11:00,733.84
2016-11-02 08:11:00,731.09
2016-11-02 09:11:00,733.16
2016-11-02 10:11:00,728.27
2016-11-02 11:11:00,723.54
2016-11-02 12:11:00,722.82
2016-11-02 13:11:00,723.21
2016-11-02 14:11:00,724.31
2016-11-02 15:11:00,726.76
2016-11-02 16:11:00,723.78
2016-11-02 17:11:00,727.24
2016-11-02 18:11:00,723.12
2016-11-02 19:11:00,730.09
2016-11-02 20:11:00,729.3
2016-11-02 21:11:00,726.88
2016-11-02 22:11:00,730.01
2016-11-02 23:11:00,730.13
2016-11-02 24:11:00,732.33
2016-11-03 01:11:00,734.26
2016-11-03 02:11:00,740.7
2016-11-03 03:11:00,746.74
2016-11-03 04:11:00,745.51
2016-11-03 05:11:00,750.59
2016-11-03 06:11:00,742.85
2016-11-03 07:11:00,746.83
2016-11-03 08:11:00,746.89
2016-11-03 09:11:00,738.38
2016-11-03 10:11:00,734.91
2016-11-03 11:11:00,737.24
2016-11-03 12:11:00,733.29
2016-11-03 13:11:00,739.17
2016-11-03 14:11:00,738.63
2016-11-03 15:11:00,741.49
2016-11-03 16:11:00,730.7
2016-11-03 17:11:00,728.21
2016-11-03 18:11:00,716.12
2016-11-03 19:11:00,713.13
2016-11-03 20:11:00,704.68
2016-11-03 21:11:00,688.74
2016-11-03 22:11:00,703.69
2016-11-03 23:11:00,699.77
2016-11-03 24:11:00,693.32
2016-11-04 01:11:00,684.01
2016-11-04 02:11:00,689.94
2016-11-04 03:11:00,700.04
2016-11-04 04:11:00,708.33
2016-11-04 05:11:00,705.98
2016-11-04 06:11:00,701.85
2016-11-04 07:11:00,706
2016-11-04 08:11:00,706.05
2016-11-04 09:11:00,695.43
2016-11-04 10:11:00,704.12
2016-11-04 11:11:00,706.17
2016-11-04 12:11:00,705.59
2016-11-04 13:11:00,706.55
2016-11-04 14:11:00,706.24
2016-11-04 15:11:00,704.12
2016-11-04 16:11:00,704.9
2016-11-04 17:11:00,695.94
2016-11-04 18:11:00,696.17
2016-11-04 19:11:00,691.75
2016-11-04 20:11:00,691.49
2016-11-04 21:11:00,699.57
2016-11-04 22:11:00,696.9
2016-11-04 23:11:00,697.76
2016-11-04 24:11:00,696.88
2016-11-05 01:11:00,702.9
2016-11-05 02:11:00,703
2016-11-05 03:11:00,707.31
2016-11-05 04:11:00,704.08
2016-11-05 05:11:00,702.11
2016-11-05 06:11:00,706.85
2016-11-05 07:11:00,705.85
2016-11-05 08:11:00,705.04
2016-11-05 09:11:00,702.91
2016-11-05 10:11:00,707.64
2016-11-05 11:11:00,705.5
2016-11-05 12:11:00,708.02
2016-11-05 13:11:00,706.97
2016-11-05 14:11:00,706.54
2016-11-05 15:11:00,712.74
2016-11-05 16:11:00,702.56
2016-11-05 17:11:00,703.24
2016-11-05 18:11:00,701.87
2016-11-05 19:11:00,712.1
2016-11-05 20:11:00,711.05
2016-11-05 21:11:00,712.07
2016-11-05 22:11:00,702.71
2016-11-05 23:11:00,706.16
2016-11-05 24:11:00,710.17
2016-11-06 01:11:00,704.5
2016-11-06 02:11:00,705.11
2016-11-06 03:11:00,707.49
2016-11-06 04:11:00,714.32
2016-11-06 05:11:00,711.36
2016-11-06 06:11:00,715.57
2016-11-06 07:11:00,717.51
2016-11-06 08:11:00,718.05
2016-11-06 09:11:00,716.65
2016-11-06 10:11:00,716.39
2016-11-06 11:11:00,712.49
2016-11-06 12:11:00,713.29
2016-11-06 13:11:00,713.76
2016-11-06 14:11:00,713.5
2016-11-06 15:11:00,713.38
2016-11-06 16:11:00,711.4
2016-11-06 17:11:00,705.72
2016-11-06 18:11:00,705.05
2016-11-06 19:11:00,706.63
2016-11-06 20:11:00,707.73
2016-11-06 21:11:00,711.21
2016-11-06 22:11:00,706.35
2016-11-06 23:11:00,708.01
2016-11-06 24:11:00,712.53
2016-11-07 01:11:00,714.24
2016-11-07 02:11:00,715.37
2016-11-07 03:11:00,712.95
2016-11-07 04:11:00,713.3
2016-11-07 05:11:00,710.38
2016-11-07 06:11:00,712.15
2016-11-07 07:11:00,709.72
2016-11-07 08:11:00,706.59
2016-11-07 09:11:00,709.59
2016-11-07 10:11:00,707.02
2016-11-07 11:11:00,708.05
2016-11-07 12:11:00,706.04
2016-11-07 13:11:00,705.07
2016-11-07 14:11:00,704.72
2016-11-07 15:11:00,710.67
2016-11-07 16:11:00,702.43
2016-11-07 17:11:00,703.64
2016-11-07 18:11:00,708.41
2016-11-07 19:11:00,711.92
2016-11-07 20:11:00,705.53
2016-11-07 21:11:00,706.51
2016-11-07 22:11:00,706.61
2016-11-07 23:11:00,707.49
2016-11-07 24:11:00,713.12
2016-11-08 01:11:00,715.2
2016-11-08 02:11:00,705.12
2016-11-08 03:11:00,715.93
2016-11-08 04:11:00,708.7
2016-11-08 05:11:00,708.85
2016-11-08 06:11:00,711.88
2016-11-08 07:11:00,709.74
2016-11-08 08:11:00,708.83
2016-11-08 09:11:00,706.83
2016-11-08 10:11:00,705.75
2016-11-08 11:11:00,705.65
2016-11-08 12:11:00,703.79
2016-11-08 13:11:00,706.1
2016-11-08 14:11:00,709.68
2016-11-08 15:11:00,710.67
2016-11-08 16:11:00,709.74
2016-11-08 17:11:00,713.35
2016-11-08 18:11:00,709.23
2016-11-08 19:11:00,716.77
2016-11-08 20:11:00,710.07
2016-11-08 21:11:00,711.77
2016-11-08 22:11:00,713.33
2016-11-08 23:11:00,714.23
2016-11-08 24:11:00,718.2
2016-11-09 01:11:00,713.88
2016-11-09 02:11:00,714.82
2016-11-09 03:11:00,710.74
2016-11-09 04:11:00,712.75
2016-11-09 05:11:00,720.81
2016-11-09 06:11:00,728.55
2016-11-09 07:11:00,732.73
2016-11-09 08:11:00,737.65
2016-11-09 09:11:00,736.13
2016-11-09 10:11:00,738
2016-11-09 11:11:00,738.3
2016-11-09 12:11:00,735.03
2016-11-09 13:11:00,733.68
2016-11-09 14:11:00,733.89
2016-11-09 15:11:00,729.75
2016-11-09 16:11:00,726.22
2016-11-09 17:11:00,724.97
2016-11-09 18:11:00,722.55
2016-11-09 19:11:00,724.47
2016-11-09 20:11:00,730.17
2016-11-09 21:11:00,730.49
2016-11-09 22:11:00,731.53
2016-11-09 23:11:00,725.5
2016-11-09 24:11:00,723.2
2016-11-10 01:11:00,728.71
2016-11-10 02:11:00,724.8
2016-11-10 03:11:00,728.5
2016-11-10 04:11:00,721.9
2016-11-10 05:11:00,720.01
2016-11-10 06:11:00,720.96
2016-11-10 07:11:00,719.69
2016-11-10 08:11:00,719.39
2016-11-10 09:11:00,716.08
2016-11-10 10:11:00,717.62
2016-11-10 11:11:00,716.49
2016-11-10 12:11:00,718.7
2016-11-10 13:11:00,720.71
2016-11-10 14:11:00,720.73
2016-11-10 15:11:00,720.35
2016-11-10 16:11:00,717.3
2016-11-10 17:11:00,718.16
2016-11-10 18:11:00,718.05
2016-11-10 19:11:00,721.1
2016-11-10 20:11:00,716.17
2016-11-10 21:11:00,715.7
2016-11-10 22:11:00,716.64
2016-11-10 23:11:00,711.96
2016-11-10 24:11:00,711.26
2016-11-11 01:11:00,714.48
2016-11-11 02:11:00,721.1
2016-11-11 03:11:00,716.23
2016-11-11 04:11:00,716.2
2016-11-11 05:11:00,715.66
2016-11-11 06:11:00,722.77
2016-11-11 07:11:00,715.97
2016-11-11 08:11:00,720.21
2016-11-11 09:11:00,717.55
2016-11-11 10:11:00,717.79
2016-11-11 11:11:00,714.24
2016-11-11 12:11:00,717.67
2016-11-11 13:11:00,720.14
2016-11-11 14:11:00,722.32
2016-11-11 15:11:00,719.08
2016-11-11 16:11:00,720.14
2016-11-11 17:11:00,717.93
2016-11-11 18:11:00,718.29
2016-11-11 19:11:00,721.63
2016-11-11 20:11:00,719.95
2016-11-11 21:11:00,715.13
2016-11-11 22:11:00,715.44
2016-11-11 23:11:00,715.72
2016-11-11 24:11:00,715.58
2016-11-12 01:11:00,716.48
2016-11-12 02:11:00,723.35
2016-11-12 03:11:00,724.15
2016-11-12 04:11:00,723.35
2016-11-12 05:11:00,719.94
2016-11-12 06:11:00,724
2016-11-12 07:11:00,724.65
2016-11-12 08:11:00,720.25
2016-11-12 09:11:00,717.42
2016-11-12 10:11:00,715.61
2016-11-12 11:11:00,719
2016-11-12 12:11:00,711.88
2016-11-12 13:11:00,708.66
2016-11-12 14:11:00,712.09
2016-11-12 15:11:00,710.43
2016-11-12 16:11:00,707.23
2016-11-12 17:11:00,708.45
2016-11-12 18:11:00,708.21
2016-11-12 19:11:00,706.53
2016-11-12 20:11:00,707.1
2016-11-12 21:11:00,709.42
2016-11-12 22:11:00,712.02
2016-11-12 23:11:00,717.32
2016-11-12 24:11:00,707.13
2016-11-13 01:11:00,710.2
2016-11-13 02:11:00,714.99
2016-11-13 03:11:00,698.91
2016-11-13 04:11:00,701.77
2016-11-13 05:11:00,708.26
2016-11-13 06:11:00,700.89
2016-11-13 07:11:00,697.93
2016-11-13 08:11:00,695.38
2016-11-13 09:11:00,695.68
2016-11-13 10:11:00,696.97
2016-11-13 11:11:00,697.55
2016-11-13 12:11:00,698.66
2016-11-13 13:11:00,695.23
2016-11-13 14:11:00,694.92
2016-11-13 15:11:00,694.24
2016-11-13 16:11:00,689.72
2016-11-13 17:11:00,689.52
2016-11-13 18:11:00,698.09
2016-11-13 19:11:00,704.75
2016-11-13 20:11:00,700.91
2016-11-13 21:11:00,701.49
2016-11-13 22:11:00,709.46
2016-11-13 23:11:00,705.17
2016-11-13 24:11:00,707.94
2016-11-14 01:11:00,709.76
2016-11-14 02:11:00,706.45
2016-11-14 03:11:00,703.39
2016-11-14 04:11:00,703.3
2016-11-14 05:11:00,703.47
2016-11-14 06:11:00,707.87
2016-11-14 07:11:00,707.47
2016-11-14 08:11:00,706.04
2016-11-14 09:11:00,707.28
2016-11-14 10:11:00,705.11
2016-11-14 11:11:00,706.45
2016-11-14 12:11:00,706.17
2016-11-14 13:11:00,702.7
2016-11-14 14:11:00,702.44
2016-11-14 15:11:00,704.04
2016-11-14 16:11:00,702.02
2016-11-14 17:11:00,703.75
2016-11-14 18:11:00,702.26
2016-11-14 19:11:00,707.66
2016-11-14 20:11:00,700.76
2016-11-14 21:11:00,701.07
2016-11-14 22:11:00,701.9
2016-11-14 23:11:00,709.36
2016-11-14 24:11:00,714.16
2016-11-15 01:11:00,706.64
2016-11-15 02:11:00,703.94
2016-11-15 03:11:00,713.63
2016-11-15 04:11:00,708.72
2016-11-15 05:11:00,711.75
2016-11-15 06:11:00,718.01
2016-11-15 07:11:00,711.7
2016-11-15 08:11:00,715.34
2016-11-15 09:11:00,716.97
2016-11-15 10:11:00,713.93
2016-11-15 11:11:00,715.21
2016-11-15 12:11:00,712.85
2016-11-15 13:11:00,715.15
2016-11-15 14:11:00,711.57
2016-11-15 15:11:00,711.75
2016-11-15 16:11:00,711.11
2016-11-15 17:11:00,711.91
2016-11-15 18:11:00,712.28
2016-11-15 19:11:00,716.66
2016-11-15 20:11:00,714.64
2016-11-15 21:11:00,720.82
2016-11-15 22:11:00,716.36
2016-11-15 23:11:00,717.57
2016-11-15 24:11:00,712.71
2016-11-16 01:11:00,713.53
2016-11-16 02:11:00,716.1
2016-11-16 03:11:00,712.4
2016-11-16 04:11:00,712.85
2016-11-16 05:11:00,716.71
2016-11-16 06:11:00,712.13
2016-11-16 07:11:00,713.87
2016-11-16 08:11:00,712.91
2016-11-16 09:11:00,715.97
2016-11-16 10:11:00,716.64
2016-11-16 11:11:00,714.89
2016-11-16 12:11:00,717.31
2016-11-16 13:11:00,716.82
2016-11-16 14:11:00,719.26
2016-11-16 15:11:00,734.92
2016-11-16 16:11:00,735.28
2016-11-16 17:11:00,733.73
2016-11-16 18:11:00,731.69
2016-11-16 19:11:00,731.25
2016-11-16 20:11:00,733.25
2016-11-16 21:11:00,739.17
2016-11-16 22:11:00,742.96
2016-11-16 23:11:00,743.49
2016-11-16 24:11:00,743.05
2016-11-17 01:11:00,746.92
2016-11-17 02:11:00,746.85
2016-11-17 03:11:00,744.66
2016-11-17 04:11:00,747.34
2016-11-17 05:11:00,747.39
2016-11-17 06:11:00,753.01
2016-11-17 07:11:00,753.25
2016-11-17 08:11:00,755.85
2016-11-17 09:11:00,750.58
2016-11-17 10:11:00,751.82
2016-11-17 11:11:00,747.65
2016-11-17 12:11:00,750.57
2016-11-17 13:11:00,747.25
2016-11-17 14:11:00,742.9
2016-11-17 15:11:00,745.89
2016-11-17 16:11:00,747.56
2016-11-17 17:11:00,742.12
2016-11-17 18:11:00,748.88
2016-11-17 19:11:00,750.27
2016-11-17 20:11:00,750.21
2016-11-17 21:11:00,748.41
2016-11-17 22:11:00,743.75
2016-11-17 23:11:00,737.97
2016-11-17 24:11:00,741.02
2016-11-18 01:11:00,740.54
2016-11-18 02:11:00,738.3
2016-11-18 03:11:00,740.98
2016-11-18 04:11:00,742.66
2016-11-18 05:11:00,745.19
2016-11-18 06:11:00,745.49
2016-11-18 07:11:00,745.15
2016-11-18 08:11:00,743.13
2016-11-18 09:11:00,741.68
2016-11-18 10:11:00,742.86
2016-11-18 11:11:00,746.57
2016-11-18 12:11:00,751.65
2016-11-18 13:11:00,747.22
2016-11-18 14:11:00,751.02
2016-11-18 15:11:00,751.03
2016-11-18 16:11:00,749.96
2016-11-18 17:11:00,750.61
2016-11-18 18:11:00,748.91
2016-11-18 19:11:00,745.76
2016-11-18 20:11:00,746.35
2016-11-18 21:11:00,748.87
2016-11-18 22:11:00,753.84
2016-11-18 23:11:00,743.54
2016-11-18 24:11:00,747.71
2016-11-19 01:11:00,748.88
2016-11-19 02:11:00,749.27
2016-11-19 03:11:00,747.16
2016-11-19 04:11:00,749.29
2016-11-19 05:11:00,752.46
2016-11-19 06:11:00,756.06
2016-11-19 07:11:00,755.49
2016-11-19 08:11:00,755.37
2016-11-19 09:11:00,754.14
2016-11-19 10:11:00,757.45
2016-11-19 11:11:00,747.42
2016-11-19 12:11:00,754.17
2016-11-19 13:11:00,755.9
2016-11-19 14:11:00,751.27
2016-11-19 15:11:00,753.17
2016-11-19 16:11:00,750.02
2016-11-19 17:11:00,753.21
2016-11-19 18:11:00,752.44
2016-11-19 19:11:00,748.55
2016-11-19 20:11:00,749.49
2016-11-19 21:11:00,751.36
2016-11-19 22:11:00,750.25
2016-11-19 23:11:00,750.22
2016-11-19 24:11:00,759.32
2016-11-20 01:11:00,767.56
2016-11-20 02:11:00,759.34
2016-11-20 03:11:00,753.97
2016-11-20 04:11:00,755.22
2016-11-20 05:11:00,754.49
2016-11-20 06:11:00,752.15
2016-11-20 07:11:00,753.9
2016-11-20 08:11:00,763.06
2016-11-20 09:11:00,758.31
2016-11-20 10:11:00,752.46
2016-11-20 11:11:00,748.96
2016-11-20 12:11:00,753.04
2016-11-20 13:11:00,750.3
2016-11-20 14:11:00,751.32
2016-11-20 15:11:00,751.84
2016-11-20 16:11:00,742.91
2016-11-20 17:11:00,734.9
2016-11-20 18:11:00,731.15
2016-11-20 19:11:00,731.76
2016-11-20 20:11:00,723.79
2016-11-20 21:11:00,719.17
2016-11-20 22:11:00,726.6
2016-11-20 23:11:00,729.03
2016-11-20 24:11:00,728.7
2016-11-21 01:11:00,731.53
2016-11-21 02:11:00,733.29
2016-11-21 03:11:00,733.53
2016-11-21 04:11:00,734.65
2016-11-21 05:11:00,740.97
2016-11-21 06:11:00,741.82
2016-11-21 07:11:00,732.05
2016-11-21 08:11:00,732.64
2016-11-21 09:11:00,736.58
2016-11-21 10:11:00,735.85
2016-11-21 11:11:00,735.65
2016-11-21 12:11:00,735.24
2016-11-21 13:11:00,738.08
2016-11-21 14:11:00,735.66
2016-11-21 15:11:00,733.16
2016-11-21 16:11:00,738.7
2016-11-21 17:11:00,739.78
2016-11-21 18:11:00,738.57
2016-11-21 19:11:00,736.8
2016-11-21 20:11:00,738.52
2016-11-21 21:11:00,738.13
2016-11-21 22:11:00,745.07
2016-11-21 23:11:00,737.95
2016-11-21 24:11:00,741.03
2016-11-22 01:11:00,737.18
2016-11-22 02:11:00,739.77
2016-11-22 03:11:00,742.08
2016-11-22 04:11:00,737.76
2016-11-22 05:11:00,736.53
2016-11-22 06:11:00,742.59
2016-11-22 07:11:00,742.53
2016-11-22 08:11:00,741.31
2016-11-22 09:11:00,741.77
2016-11-22 10:11:00,743.56
2016-11-22 11:11:00,741.68
2016-11-22 12:11:00,742.37
2016-11-22 13:11:00,742.88
2016-11-22 14:11:00,741.87
2016-11-22 15:11:00,741.01
2016-11-22 16:11:00,743.1
2016-11-22 17:11:00,750.36
2016-11-22 18:11:00,754.55
2016-11-22 19:11:00,754
2016-11-22 20:11:00,751.89
2016-11-22 21:11:00,757.05
2016-11-22 22:11:00,751.93
2016-11-22 23:11:00,748.41
2016-11-22 24:11:00,754.24
2016-11-23 01:11:00,755.7
2016-11-23 02:11:00,764.51
2016-11-23 03:11:00,762.05
2016-11-23 04:11:00,750.26
2016-11-23 05:11:00,750.55
2016-11-23 06:11:00,752.67
2016-11-23 07:11:00,746.77
2016-11-23 08:11:00,751.03
2016-11-23 09:11:00,749.84
2016-11-23 10:11:00,751.53
2016-11-23 11:11:00,745.69
2016-11-23 12:11:00,747.82
2016-11-23 13:11:00,740.13
2016-11-23 14:11:00,743.66
2016-11-23 15:11:00,744.06
2016-11-23 16:11:00,750.33
2016-11-23 17:11:00,745.29
2016-11-23 18:11:00,744.49
2016-11-23 19:11:00,738.37
2016-11-23 20:11:00,744.33
2016-11-23 21:11:00,742.61
2016-11-23 22:11:00,741.05
2016-11-23 23:11:00,744.09
2016-11-23 24:11:00,743.32
2016-11-24 01:11:00,754.43
2016-11-24 02:11:00,753.58
2016-11-24 03:11:00,743.43
2016-11-24 04:11:00,757.56
2016-11-24 05:11:00,748.07
2016-11-24 06:11:00,746.79
2016-11-24 07:11:00,752.27
2016-11-24 08:11:00,754.95
2016-11-24 09:11:00,747.2
2016-11-24 10:11:00,743.29
2016-11-24 11:11:00,743.51
2016-11-24 12:11:00,744.42
2016-11-24 13:11:00,739.01
2016-11-24 14:11:00,739.03
2016-11-24 15:11:00,739.44
2016-11-24 16:11:00,740.38
2016-11-24 17:11:00,737.54
2016-11-24 18:11:00,731.87
2016-11-24 19:11:00,732.09
2016-11-24 20:11:00,733.76
2016-11-24 21:11:00,735.92
2016-11-24 22:11:00,735.44
2016-11-24 23:11:00,735.46
2016-11-24 24:11:00,735.43
2016-11-25 01:11:00,740.73
2016-11-25 02:11:00,739.71
2016-11-25 03:11:00,740.02
2016-11-25 04:11:00,736.03
2016-11-25 05:11:00,733.67
2016-11-25 06:11:00,736.47
2016-11-25 07:11:00,734.86
2016-11-25 08:11:00,737.3
2016-11-25 09:11:00,741.72
2016-11-25 10:11:00,738.75
2016-11-25 11:11:00,739.38
2016-11-25 12:11:00,739.46
2016-11-25 13:11:00,739.36
2016-11-25 14:11:00,737.99
2016-11-25 15:11:00,738.44
2016-11-25 16:11:00,739.19
2016-11-25 17:11:00,739.37
2016-11-25 18:11:00,738.03
2016-11-25 19:11:00,736.1
2016-11-25 20:11:00,735.37
2016-11-25 21:11:00,742.5
2016-11-25 22:11:00,736.66
2016-11-25 23:11:00,738.13
2016-11-25 24:11:00,739.83
2016-11-26 01:11:00,739.97
2016-11-26 02:11:00,740.48
2016-11-26 03:11:00,745.09
2016-11-26 04:11:00,741.47
2016-11-26 05:11:00,744.99
2016-11-26 06:11:00,746.86
2016-11-26 07:11:00,742.38
2016-11-26 08:11:00,744.22
2016-11-26 09:11:00,742.93
2016-11-26 10:11:00,744.08
2016-11-26 11:11:00,744.78
2016-11-26 12:11:00,736.19
2016-11-26 13:11:00,736.51
2016-11-26 14:11:00,736.34
2016-11-26 15:11:00,739.28
2016-11-26 16:11:00,730.37
2016-11-26 17:11:00,732.17
2016-11-26 18:11:00,730.75
2016-11-26 19:11:00,735.81
2016-11-26 20:11:00,743.02
2016-11-26 21:11:00,737.81
2016-11-26 22:11:00,745.06
2016-11-26 23:11:00,754.91
2016-11-26 24:11:00,749.84
2016-11-27 01:11:00,735.61
2016-11-27 02:11:00,734.76
2016-11-27 03:11:00,732.54
2016-11-27 04:11:00,733.84
2016-11-27 05:11:00,736.77
2016-11-27 06:11:00,732.29
2016-11-27 07:11:00,734.08
2016-11-27 08:11:00,737.39
2016-11-27 09:11:00,738.53
2016-11-27 10:11:00,739.96
2016-11-27 11:11:00,740.08
2016-11-27 12:11:00,731.87
2016-11-27 13:11:00,735.37
2016-11-27 14:11:00,734.79
2016-11-27 15:11:00,739.01
2016-11-27 16:11:00,740.18
2016-11-27 17:11:00,738.21
2016-11-27 18:11:00,739.55
2016-11-27 19:11:00,740.28
2016-11-27 20:11:00,752.27
2016-11-27 21:11:00,737.5
2016-11-27 22:11:00,741.21
2016-11-27 23:11:00,736.07
2016-11-27 24:11:00,738.25
2016-11-28 01:11:00,731.9
2016-11-28 02:11:00,735.42
2016-11-28 03:11:00,734.9
2016-11-28 04:11:00,739.99
2016-11-28 05:11:00,740.86
2016-11-28 06:11:00,741.29
2016-11-28 07:11:00,737.53
2016-11-28 08:11:00,739.09
2016-11-28 09:11:00,737.49
2016-11-28 10:11:00,734.42
2016-11-28 11:11:00,734.27
2016-11-28 12:11:00,733.77
2016-11-28 13:11:00,735.82
2016-11-28 14:11:00,737.95
2016-11-28 15:11:00,740.09
2016-11-28 16:11:00,735.31
2016-11-28 17:11:00,733.87
2016-11-28 18:11:00,734.08
2016-11-28 19:11:00,740.9
2016-11-28 20:11:00,735.51
2016-11-28 21:11:00,738.12
2016-11-28 22:11:00,733.24
2016-11-28 23:11:00,733.2
2016-11-28 24:11:00,737.4
2016-11-29 01:11:00,738.25
2016-11-29 02:11:00,748.19
2016-11-29 03:11:00,739.43
2016-11-29 04:11:00,739.69
2016-11-29 05:11:00,741.32
2016-11-29 06:11:00,735.64
2016-11-29 07:11:00,739.52
2016-11-29 08:11:00,734.45
2016-11-29 09:11:00,734.92
2016-11-29 10:11:00,738.99
2016-11-29 11:11:00,738.49
2016-11-29 12:11:00,736.43
2016-11-29 13:11:00,738.94
2016-11-29 14:11:00,738.16
2016-11-29 15:11:00,735.04
2016-11-29 16:11:00,736.91
2016-11-29 17:11:00,734.4
2016-11-29 18:11:00,733.99
2016-11-29 19:11:00,734.34
2016-11-29 20:11:00,735.58
2016-11-29 21:11:00,741.77
2016-11-29 22:11:00,734.06
2016-11-29 23:11:00,737.44
2016-11-29 24:11:00,741.97
2016-11-30 01:11:00,733.7
2016-11-30 02:11:00,734.39
2016-11-30 03:11:00,737.02
2016-11-30 04:11:00,735.43
2016-11-30 05:11:00,736.39
2016-11-30 06:11:00,745.11
2016-11-30 07:11:00,737.36
2016-11-30 08:11:00,739.58
2016-11-30 09:11:00,736.24
2016-11-30 10:11:00,739.57
2016-11-30 11:11:00,744.09
2016-11-30 12:11:00,746.77
2016-11-30 13:11:00,744.93
2016-11-30 14:11:00,744.25
2016-11-30 15:11:00,745.37
2016-11-30 16:11:00,746.01
2016-11-30 17:11:00,747.66
2016-11-30 18:11:00,748.21
2016-11-30 19:11:00,746.76
2016-11-30 20:11:00,741.89
2016-11-30 21:11:00,742.56
2016-11-30 22:11:00,751.38
2016-11-30 23:11:00,744.47
2016-11-30 24:11:00,744.03
2016-12-01 01:12:00,755.06
2016-12-01 02:12:00,741.39
2016-12-01 03:12:00,754.53
2016-12-01 04:12:00,745.71
2016-12-01 05:12:00,748.58
2016-12-01 06:12:00,748.5
2016-12-01 07:12:00,750.53
2016-12-01 08:12:00,749.17
2016-12-01 09:12:00,752.77
2016-12-01 10:12:00,750.01
2016-12-01 11:12:00,750.82
2016-12-01 12:12:00,751.86
2016-12-01 13:12:00,751.39
2016-12-01 14:12:00,750.57
2016-12-01 15:12:00,752.45
2016-12-01 16:12:00,752.61
2016-12-01 17:12:00,751.67
2016-12-01 18:12:00,754.72
2016-12-01 19:12:00,757.66
2016-12-01 20:12:00,759.37
2016-12-01 21:12:00,757.1
2016-12-01 22:12:00,754.84
2016-12-01 23:12:00,756.54
2016-12-01 24:12:00,765.63
2016-12-02 01:12:00,766.34
2016-12-02 02:12:00,763.34
2016-12-02 03:12:00,761.28
2016-12-02 04:12:00,765.86
2016-12-02 05:12:00,771.32
2016-12-02 06:12:00,770.99
2016-12-02 07:12:00,771.98
2016-12-02 08:12:00,772.9
2016-12-02 09:12:00,772.67
2016-12-02 10:12:00,771.69
2016-12-02 11:12:00,774.03
2016-12-02 12:12:00,775.46
2016-12-02 13:12:00,773.17
2016-12-02 14:12:00,779.31
2016-12-02 15:12:00,774.64
2016-12-02 16:12:00,775.28
2016-12-02 17:12:00,776.28
2016-12-02 18:12:00,778.34
2016-12-02 19:12:00,775.23
2016-12-02 20:12:00,775.92
2016-12-02 21:12:00,776.18
2016-12-02 22:12:00,775.13
2016-12-02 23:12:00,770.02
2016-12-02 24:12:00,780.57
2016-12-03 01:12:00,784.59
2016-12-03 02:12:00,782.01
2016-12-03 03:12:00,776.33
2016-12-03 04:12:00,781.62
2016-12-03 05:12:00,806.62
2016-12-03 06:12:00,825.72
2016-12-03 07:12:00,798.04
2016-12-03 08:12:00,772.58
2016-12-03 09:12:00,810.44
2016-12-03 10:12:00,777.9
2016-12-03 11:12:00,771.48
2016-12-03 12:12:00,770.97
2016-12-03 13:12:00,769.07
2016-12-03 14:12:00,789.48
2016-12-03 15:12:00,767.21
2016-12-03 16:12:00,773.9
2016-12-03 17:12:00,774.53
2016-12-03 18:12:00,768.92
2016-12-03 19:12:00,763.32
2016-12-03 20:12:00,771.78
2016-12-03 21:12:00,765.18
2016-12-03 22:12:00,779.49
2016-12-03 23:12:00,780.14
2016-12-03 24:12:00,778.59
2016-12-04 01:12:00,785.24
2016-12-04 02:12:00,765.79
2016-12-04 03:12:00,777.6
2016-12-04 04:12:00,768.61
2016-12-04 05:12:00,774.44
2016-12-04 06:12:00,783.84
2016-12-04 07:12:00,776.77
2016-12-04 08:12:00,772.4
2016-12-04 09:12:00,768.72
2016-12-04 10:12:00,765.53
2016-12-04 11:12:00,766.2
2016-12-04 12:12:00,767.09
2016-12-04 13:12:00,767.17
2016-12-04 14:12:00,762.28
2016-12-04 15:12:00,766.12
2016-12-04 16:12:00,766.34
2016-12-04 17:12:00,767.88
2016-12-04 18:12:00,774.72
2016-12-04 19:12:00,767.07
2016-12-04 20:12:00,763.75
2016-12-04 21:12:00,764.73
2016-12-04 22:12:00,775.66
2016-12-04 23:12:00,772.78
2016-12-04 24:12:00,766.71
2016-12-05 01:12:00,772.29
2016-12-05 02:12:00,778.08
2016-12-05 03:12:00,777.9
2016-12-05 04:12:00,765.48
2016-12-05 05:12:00,774.77
2016-12-05 06:12:00,764.75
2016-12-05 07:12:00,758.52
2016-12-05 08:12:00,755.68
2016-12-05 09:12:00,755.91
2016-12-05 10:12:00,776.65
2016-12-05 11:12:00,763.99
2016-12-05 12:12:00,768.22
2016-12-05 13:12:00,765.57
2016-12-05 14:12:00,757.32
2016-12-05 15:12:00,767.97
2016-12-05 16:12:00,760.35
2016-12-05 17:12:00,762.11
2016-12-05 18:12:00,766.36
2016-12-05 19:12:00,762.56
2016-12-05 20:12:00,754.58
2016-12-05 21:12:00,761.59
2016-12-05 22:12:00,757.44
2016-12-05 23:12:00,760.76
2016-12-05 24:12:00,763.17
2016-12-06 01:12:00,767.26
2016-12-06 02:12:00,767.93
2016-12-06 03:12:00,760.25
2016-12-06 04:12:00,764.45
2016-12-06 05:12:00,758.89
2016-12-06 06:12:00,768.05
2016-12-06 07:12:00,769.33
2016-12-06 08:12:00,762.49
2016-12-06 09:12:00,758.92
2016-12-06 10:12:00,759.47
2016-12-06 11:12:00,760.48
2016-12-06 12:12:00,760.65
2016-12-06 13:12:00,760.09
2016-12-06 14:12:00,760.91
2016-12-06 15:12:00,762.39
2016-12-06 16:12:00,760.64
2016-12-06 17:12:00,772.4
2016-12-06 18:12:00,764.27
2016-12-06 19:12:00,762.87
2016-12-06 20:12:00,761.66
2016-12-06 21:12:00,756.53
2016-12-06 22:12:00,758.03
2016-12-06 23:12:00,757.54
2016-12-06 24:12:00,757.62
2016-12-07 01:12:00,766.71
2016-12-07 02:12:00,762.11
2016-12-07 03:12:00,763.04
2016-12-07 04:12:00,760.45
2016-12-07 05:12:00,770.14
2016-12-07 06:12:00,760.25
2016-12-07 07:12:00,755.47
2016-12-07 08:12:00,765.94
2016-12-07 09:12:00,764.52
2016-12-07 10:12:00,761.49
2016-12-07 11:12:00,758.71
2016-12-07 12:12:00,762.95
2016-12-07 13:12:00,763.69
2016-12-07 14:12:00,762.6
2016-12-07 15:12:00,767.02
2016-12-07 16:12:00,766.2
2016-12-07 17:12:00,768.27
2016-12-07 18:12:00,769.02
2016-12-07 19:12:00,764.52
2016-12-07 20:12:00,764.55
2016-12-07 21:12:00,768.98
2016-12-07 22:12:00,771.98
2016-12-07 23:12:00,768.99
2016-12-07 24:12:00,772.28
2016-12-08 01:12:00,766.38
2016-12-08 02:12:00,774.51
2016-12-08 03:12:00,770.18
2016-12-08 04:12:00,777.41
2016-12-08 05:12:00,768.93
2016-12-08 06:12:00,773.36
2016-12-08 07:12:00,767.82
2016-12-08 08:12:00,773.79
2016-12-08 09:12:00,768.35
2016-12-08 10:12:00,765.82
2016-12-08 11:12:00,768.29
2016-12-08 12:12:00,769.34
2016-12-08 13:12:00,769.84
2016-12-08 14:12:00,770.89
2016-12-08 15:12:00,770.61
2016-12-08 16:12:00,774.54
2016-12-08 17:12:00,772.17
2016-12-08 18:12:00,775.83
2016-12-08 19:12:00,770.51
2016-12-08 20:12:00,771.56
2016-12-08 21:12:00,770.27
2016-12-08 22:12:00,771.15
2016-12-08 23:12:00,768.03
2016-12-08 24:12:00,771.16
2016-12-09 01:12:00,778.32
2016-12-09 02:12:00,769.56
2016-12-09 03:12:00,778.36
2016-12-09 04:12:00,794.01
2016-12-09 05:12:00,767.37
2016-12-09 06:12:00,767.74
2016-12-09 07:12:00,771.74
2016-12-09 08:12:00,772.21
2016-12-09 09:12:00,770.33
2016-12-09 10:12:00,774.03
2016-12-09 11:12:00,771.79
2016-12-09 12:12:00,773.5
2016-12-09 13:12:00,771.72
2016-12-09 14:12:00,775.06
2016-12-09 15:12:00,774.04
2016-12-09 16:12:00,776.28
2016-12-09 17:12:00,773.15
2016-12-09 18:12:00,774.58
2016-12-09 19:12:00,771.46
2016-12-09 20:12:00,768.69
2016-12-09 21:12:00,771.97
2016-12-09 22:12:00,788.42
2016-12-09 23:12:00,770.74
2016-12-09 24:12:00,769.98
2016-12-10 01:12:00,771.12
2016-12-10 02:12:00,774.05
2016-12-10 03:12:00,774.68
2016-12-10 04:12:00,785.17
2016-12-10 05:12:00,776.85
2016-12-10 06:12:00,775.56
2016-12-10 07:12:00,780.33
2016-12-10 08:12:00,780.62
2016-12-10 09:12:00,782.72
2016-12-10 10:12:00,771.6
2016-12-10 11:12:00,774.85
2016-12-10 12:12:00,774.1
2016-12-10 13:12:00,774.16
2016-12-10 14:12:00,777.35
2016-12-10 15:12:00,777.1
2016-12-10 16:12:00,774.45
2016-12-10 17:12:00,775.74
2016-12-10 18:12:00,775.88
2016-12-10 19:12:00,776.39
2016-12-10 20:12:00,775.93
2016-12-10 21:12:00,774.58
2016-12-10 22:12:00,791.84
2016-12-10 23:12:00,782.84
2016-12-10 24:12:00,781.66
2016-12-11 01:12:00,782.73
2016-12-11 02:12:00,772.06
2016-12-11 03:12:00,774.72
2016-12-11 04:12:00,768.63
2016-12-11 05:12:00,771.45
2016-12-11 06:12:00,777.58
2016-12-11 07:12:00,777.24
2016-12-11 08:12:00,768.76
2016-12-11 09:12:00,766.23
2016-12-11 10:12:00,769.68
2016-12-11 11:12:00,775.85
2016-12-11 12:12:00,779.51
2016-12-11 13:12:00,772.62
2016-12-11 14:12:00,771.04
2016-12-11 15:12:00,772.66
2016-12-11 16:12:00,771.5
2016-12-11 17:12:00,775.53
2016-12-11 18:12:00,775.07
2016-12-11 19:12:00,771.11
2016-12-11 20:12:00,774.76
2016-12-11 21:12:00,791.87
2016-12-11 22:12:00,777.47
2016-12-11 23:12:00,778.87
2016-12-11 24:12:00,768.37
2016-12-12 01:12:00,800.69
2016-12-12 02:12:00,774.72
2016-12-12 03:12:00,779.02
2016-12-12 04:12:00,777.06
2016-12-12 05:12:00,783.65
2016-12-12 06:12:00,777.61
2016-12-12 07:12:00,776.58
2016-12-12 08:12:00,777.51
2016-12-12 09:12:00,778.6
2016-12-12 10:12:00,771.39
2016-12-12 11:12:00,774.17
2016-12-12 12:12:00,774.86
2016-12-12 13:12:00,778.15
2016-12-12 14:12:00,781.44
2016-12-12 15:12:00,779.37
2016-12-12 16:12:00,782.55
2016-12-12 17:12:00,784.36
2016-12-12 18:12:00,783.06
2016-12-12 19:12:00,784.05
2016-12-12 20:12:00,785.15
2016-12-12 21:12:00,781.32
2016-12-12 22:12:00,791.03
2016-12-12 23:12:00,779.38
2016-12-12 24:12:00,780.05
2016-12-13 01:12:00,786.89
2016-12-13 02:12:00,784.99
2016-12-13 03:12:00,781.18
2016-12-13 04:12:00,786.41
2016-12-13 05:12:00,786.24
2016-12-13 06:12:00,776.01
2016-12-13 07:12:00,779.33
2016-12-13 08:12:00,784.08
2016-12-13 09:12:00,779.28
2016-12-13 10:12:00,784.29
2016-12-13 11:12:00,781.02
2016-12-13 12:12:00,781.91
2016-12-13 13:12:00,778.03
2016-12-13 14:12:00,778.81
2016-12-13 15:12:00,780.37
2016-12-13 16:12:00,779.13
2016-12-13 17:12:00,782.24
2016-12-13 18:12:00,784.5
2016-12-13 19:12:00,780.66
2016-12-13 20:12:00,787.97
2016-12-13 21:12:00,779.38
2016-12-13 22:12:00,779.79
2016-12-13 23:12:00,783.71
2016-12-13 24:12:00,790.48
2016-12-14 01:12:00,779.1
2016-12-14 02:12:00,779.9
2016-12-14 03:12:00,775.36
2016-12-14 04:12:00,781.87
2016-12-14 05:12:00,785.09
2016-12-14 06:12:00,786.59
2016-12-14 07:12:00,780.14
2016-12-14 08:12:00,783.86
2016-12-14 09:12:00,783.64
2016-12-14 10:12:00,781.6
2016-12-14 11:12:00,778.73
2016-12-14 12:12:00,779.43
2016-12-14 13:12:00,780.05
2016-12-14 14:12:00,778.28
2016-12-14 15:12:00,779.81
2016-12-14 16:12:00,778.92
2016-12-14 17:12:00,779.36
2016-12-14 18:12:00,774.15
2016-12-14 19:12:00,778.42
2016-12-14 20:12:00,787.8
2016-12-14 21:12:00,777.55
2016-12-14 22:12:00,788.46
2016-12-14 23:12:00,777.23
2016-12-14 24:12:00,777.96
2016-12-15 01:12:00,776.79
2016-12-15 02:12:00,789.08
2016-12-15 03:12:00,776.37
2016-12-15 04:12:00,779.64
2016-12-15 05:12:00,782.19
2016-12-15 06:12:00,782.04
2016-12-15 07:12:00,779.14
2016-12-15 08:12:00,779.56
2016-12-15 09:12:00,780.97
2016-12-15 10:12:00,775.58
2016-12-15 11:12:00,779.09
2016-12-15 12:12:00,777.88
2016-12-15 13:12:00,778.88
2016-12-15 14:12:00,779.29
2016-12-15 15:12:00,777.7
2016-12-15 16:12:00,780.23
2016-12-15 17:12:00,777.13
2016-12-15 18:12:00,781.04
2016-12-15 19:12:00,778.56
2016-12-15 20:12:00,782.55
2016-12-15 21:12:00,777.42
2016-12-15 22:12:00,778.72
2016-12-15 23:12:00,777.21
2016-12-15 24:12:00,776.19
2016-12-16 01:12:00,783.94
2016-12-16 02:12:00,776.92
2016-12-16 03:12:00,783.68
2016-12-16 04:12:00,778.58
2016-12-16 05:12:00,782.41
2016-12-16 06:12:00,788.99
2016-12-16 07:12:00,783.36
2016-12-16 08:12:00,783.13
2016-12-16 09:12:00,784.04
2016-12-16 10:12:00,782.51
2016-12-16 11:12:00,782.25
2016-12-16 12:12:00,777.93
2016-12-16 13:12:00,777.68
2016-12-16 14:12:00,781.29
2016-12-16 15:12:00,784.61
2016-12-16 16:12:00,784.25
2016-12-16 17:12:00,780.81
2016-12-16 18:12:00,781.42
2016-12-16 19:12:00,786.31
2016-12-16 20:12:00,788.62
2016-12-16 21:12:00,787.59
2016-12-16 22:12:00,789.65
2016-12-16 23:12:00,785.61
2016-12-16 24:12:00,781.67
2016-12-17 01:12:00,782.65
2016-12-17 02:12:00,782.81
2016-12-17 03:12:00,785.9
2016-12-17 04:12:00,788.22
2016-12-17 05:12:00,791.31
2016-12-17 06:12:00,790.47
2016-12-17 07:12:00,792.64
2016-12-17 08:12:00,796.42
2016-12-17 09:12:00,793.78
2016-12-17 10:12:00,796.66
2016-12-17 11:12:00,790.15
2016-12-17 12:12:00,789.44
2016-12-17 13:12:00,788.11
2016-12-17 14:12:00,789.98
2016-12-17 15:12:00,792.2
2016-12-17 16:12:00,789.68
2016-12-17 17:12:00,791.42
2016-12-17 18:12:00,794.03
2016-12-17 19:12:00,794.51
2016-12-17 20:12:00,788.38
2016-12-17 21:12:00,802.02
2016-12-17 22:12:00,788.29
2016-12-17 23:12:00,788.21
2016-12-17 24:12:00,797.81
2016-12-18 01:12:00,806.04
2016-12-18 02:12:00,794.85
2016-12-18 03:12:00,793.83
2016-12-18 04:12:00,798.29
2016-12-18 05:12:00,794.68
2016-12-18 06:12:00,800.18
2016-12-18 07:12:00,797.4
2016-12-18 08:12:00,793.75
2016-12-18 09:12:00,794.48
2016-12-18 10:12:00,797.06
2016-12-18 11:12:00,787.4
2016-12-18 12:12:00,789.75
2016-12-18 13:12:00,793.79
2016-12-18 14:12:00,792.23
2016-12-18 15:12:00,788.66
2016-12-18 16:12:00,790.05
2016-12-18 17:12:00,788.87
2016-12-18 18:12:00,792.41
2016-12-18 19:12:00,797.82
2016-12-18 20:12:00,787.95
2016-12-18 21:12:00,798.42
2016-12-18 22:12:00,795.59
2016-12-18 23:12:00,793.08
2016-12-18 24:12:00,796.99
2016-12-19 01:12:00,797.58
2016-12-19 02:12:00,795.96
2016-12-19 03:12:00,792.09
2016-12-19 04:12:00,798.49
2016-12-19 05:12:00,803.98
2016-12-19 06:12:00,796.87
2016-12-19 07:12:00,797.35
2016-12-19 08:12:00,798
2016-12-19 09:12:00,796.76
2016-12-19 10:12:00,796.06
2016-12-19 11:12:00,785.76
2016-12-19 12:12:00,794.1
2016-12-19 13:12:00,791.1
2016-12-19 14:12:00,790.6
2016-12-19 15:12:00,789.17
2016-12-19 16:12:00,789.72
2016-12-19 17:12:00,794.97
2016-12-19 18:12:00,794.05
2016-12-19 19:12:00,790.2
2016-12-19 20:12:00,800.85
2016-12-19 21:12:00,794.03
2016-12-19 22:12:00,802.51
2016-12-19 23:12:00,792.45
2016-12-19 24:12:00,796.87
2016-12-20 01:12:00,797.1
2016-12-20 02:12:00,791.26
2016-12-20 03:12:00,796.35
2016-12-20 04:12:00,797.27
2016-12-20 05:12:00,790.17
2016-12-20 06:12:00,796.43
2016-12-20 07:12:00,789.45
2016-12-20 08:12:00,793.08
2016-12-20 09:12:00,793.09
2016-12-20 10:12:00,792.56
2016-12-20 11:12:00,792.25
2016-12-20 12:12:00,791.84
2016-12-20 13:12:00,788.56
2016-12-20 14:12:00,792.94
2016-12-20 15:12:00,792.11
2016-12-20 16:12:00,791.34
2016-12-20 17:12:00,793.56
2016-12-20 18:12:00,797.47
2016-12-20 19:12:00,797.78
2016-12-20 20:12:00,795.59
2016-12-20 21:12:00,800.83
2016-12-20 22:12:00,791.62
2016-12-20 23:12:00,797.19
2016-12-20 24:12:00,793.73
2016-12-21 01:12:00,798.74
2016-12-21 02:12:00,799.02
2016-12-21 03:12:00,802.54
2016-12-21 04:12:00,808.06
2016-12-21 05:12:00,807.57
2016-12-21 06:12:00,807.68
2016-12-21 07:12:00,806.28
2016-12-21 08:12:00,807.89
2016-12-21 09:12:00,804.16
2016-12-21 10:12:00,809.38
2016-12-21 11:12:00,808.65
2016-12-21 12:12:00,809.13
2016-12-21 13:12:00,806.63
2016-12-21 14:12:00,807.62
2016-12-21 15:12:00,807.35
2016-12-21 16:12:00,815.82
2016-12-21 17:12:00,820.81
2016-12-21 18:12:00,824.96
2016-12-21 19:12:00,825.47
2016-12-21 20:12:00,826.34
2016-12-21 21:12:00,825.92
2016-12-21 22:12:00,824.84
2016-12-21 23:12:00,824.37
2016-12-21 24:12:00,828.43
2016-12-22 01:12:00,832.25
2016-12-22 02:12:00,832.58
2016-12-22 03:12:00,837.81
2016-12-22 04:12:00,841.07
2016-12-22 05:12:00,842.38
2016-12-22 06:12:00,845.58
2016-12-22 07:12:00,845.74
2016-12-22 08:12:00,844.97
2016-12-22 09:12:00,853.22
2016-12-22 10:12:00,866
2016-12-22 11:12:00,865.63
2016-12-22 12:12:00,870.52
2016-12-22 13:12:00,855.59
2016-12-22 14:12:00,858.7
2016-12-22 15:12:00,859.68
2016-12-22 16:12:00,864.65
2016-12-22 17:12:00,866.23
2016-12-22 18:12:00,866.98
2016-12-22 19:12:00,867.3
2016-12-22 20:12:00,868.17
2016-12-22 21:12:00,864.97
2016-12-22 22:12:00,863.67
2016-12-22 23:12:00,860.41
2016-12-22 24:12:00,865.71
2016-12-23 01:12:00,863.92
2016-12-23 02:12:00,866.26
2016-12-23 03:12:00,867.4
2016-12-23 04:12:00,881.97
2016-12-23 05:12:00,894.49
2016-12-23 06:12:00,906.19
2016-12-23 07:12:00,902.14
2016-12-23 08:12:00,901.57
2016-12-23 09:12:00,903.13
2016-12-23 10:12:00,908.41
2016-12-23 11:12:00,903.87
2016-12-23 12:12:00,903.01
2016-12-23 13:12:00,906.09
2016-12-23 14:12:00,906.53
2016-12-23 15:12:00,905.3
2016-12-23 16:12:00,905.79
2016-12-23 17:12:00,903.52
2016-12-23 18:12:00,887.54
2016-12-23 19:12:00,891.78
2016-12-23 20:12:00,897.57
2016-12-23 21:12:00,897.88
2016-12-23 22:12:00,895.38
2016-12-23 23:12:00,898.83
2016-12-23 24:12:00,907.28
2016-12-24 01:12:00,908.95
2016-12-24 02:12:00,920.16
2016-12-24 03:12:00,919.09
2016-12-24 04:12:00,915.41
2016-12-24 05:12:00,915.61
2016-12-24 06:12:00,914.99
2016-12-24 07:12:00,914.87
2016-12-24 08:12:00,918.22
2016-12-24 09:12:00,916.47
2016-12-24 10:12:00,910.49
2016-12-24 11:12:00,898.88
2016-12-24 12:12:00,904
2016-12-24 13:12:00,902.33
2016-12-24 14:12:00,892.8
2016-12-24 15:12:00,886.22
2016-12-24 16:12:00,885.04
2016-12-24 17:12:00,889.01
2016-12-24 18:12:00,896.21
2016-12-24 19:12:00,903.03
2016-12-24 20:12:00,904.81
2016-12-24 21:12:00,894.5
2016-12-24 22:12:00,905.39
2016-12-24 23:12:00,895.29
2016-12-24 24:12:00,893.63
2016-12-25 01:12:00,899.82
2016-12-25 02:12:00,898.96
2016-12-25 03:12:00,896.93
2016-12-25 04:12:00,893.46
2016-12-25 05:12:00,882.62
2016-12-25 06:12:00,871.19
2016-12-25 07:12:00,868.62
2016-12-25 08:12:00,877.22
2016-12-25 09:12:00,873.03
2016-12-25 10:12:00,868.03
2016-12-25 11:12:00,861.12
2016-12-25 12:12:00,855.62
2016-12-25 13:12:00,865.02
2016-12-25 14:12:00,862.4
2016-12-25 15:12:00,861.7
2016-12-25 16:12:00,864.08
2016-12-25 17:12:00,868.98
2016-12-25 18:12:00,878.87
2016-12-25 19:12:00,881.93
2016-12-25 20:12:00,877.42
2016-12-25 21:12:00,877.7
2016-12-25 22:12:00,889.28
2016-12-25 23:12:00,894.72
2016-12-25 24:12:00,890.19
2016-12-26 01:12:00,893.59
2016-12-26 02:12:00,898.3
2016-12-26 03:12:00,907.66
2016-12-26 04:12:00,908.42
2016-12-26 05:12:00,905.81
2016-12-26 06:12:00,906.17
2016-12-26 07:12:00,903.08
2016-12-26 08:12:00,899.61
2016-12-26 09:12:00,904.11
2016-12-26 10:12:00,904.97
2016-12-26 11:12:00,900.89
2016-12-26 12:12:00,895.39
2016-12-26 13:12:00,895.05
2016-12-26 14:12:00,891.63
2016-12-26 15:12:00,890.99
2016-12-26 16:12:00,900.66
2016-12-26 17:12:00,899.68
2016-12-26 18:12:00,903.51
2016-12-26 19:12:00,906.15
2016-12-26 20:12:00,902.34
2016-12-26 21:12:00,904.44
2016-12-26 22:12:00,905.8
2016-12-26 23:12:00,900.27
2016-12-26 24:12:00,894.53
2016-12-27 01:12:00,903.86
2016-12-27 02:12:00,904.85
2016-12-27 03:12:00,908.91
2016-12-27 04:12:00,907.76
2016-12-27 05:12:00,903.87
2016-12-27 06:12:00,903.55
2016-12-27 07:12:00,900.64
2016-12-27 08:12:00,903.22
2016-12-27 09:12:00,908.1
2016-12-27 10:12:00,910.14
2016-12-27 11:12:00,904.27
2016-12-27 12:12:00,908.55
2016-12-27 13:12:00,911.22
2016-12-27 14:12:00,922.19
2016-12-27 15:12:00,925.84
2016-12-27 16:12:00,931.34
2016-12-27 17:12:00,929.22
2016-12-27 18:12:00,932.37
2016-12-27 19:12:00,926.86
2016-12-27 20:12:00,937.87
2016-12-27 21:12:00,934.27
2016-12-27 22:12:00,940.16
2016-12-27 23:12:00,938.65
2016-12-27 24:12:00,932.66
2016-12-28 01:12:00,932.34
2016-12-28 02:12:00,937.57
2016-12-28 03:12:00,945.2
2016-12-28 04:12:00,944.98
2016-12-28 05:12:00,949.7
2016-12-28 06:12:00,948.28
2016-12-28 07:12:00,949.06
2016-12-28 08:12:00,952.36
2016-12-28 09:12:00,951.76
2016-12-28 10:12:00,951.07
2016-12-28 11:12:00,950.57
2016-12-28 12:12:00,954.07
2016-12-28 13:12:00,954.05
2016-12-28 14:12:00,950.83
2016-12-28 15:12:00,957.36
2016-12-28 16:12:00,961.43
2016-12-28 17:12:00,965.73
2016-12-28 18:12:00,952.05
2016-12-28 19:12:00,950.09
2016-12-28 20:12:00,949.68
2016-12-28 21:12:00,957.84
2016-12-28 22:12:00,962.41
2016-12-28 23:12:00,965.67
2016-12-28 24:12:00,966.55
2016-12-29 01:12:00,973.91
2016-12-29 02:12:00,973.45
2016-12-29 03:12:00,981.18
2016-12-29 04:12:00,979.88
2016-12-29 05:12:00,976.94
2016-12-29 06:12:00,972.57
2016-12-29 07:12:00,970.34
2016-12-29 08:12:00,974.02
2016-12-29 09:12:00,976.41
2016-12-29 10:12:00,973.58
2016-12-29 11:12:00,973.87
2016-12-29 12:12:00,972.5
2016-12-29 13:12:00,973.73
2016-12-29 14:12:00,975.33
2016-12-29 15:12:00,972.32
2016-12-29 16:12:00,968.01
2016-12-29 17:12:00,966.61
2016-12-29 18:12:00,965.88
2016-12-29 19:12:00,965.84
2016-12-29 20:12:00,954.32
2016-12-29 21:12:00,961.92
2016-12-29 22:12:00,962.42
2016-12-29 23:12:00,963.57
2016-12-29 24:12:00,966.47
2016-12-30 01:12:00,972.34
2016-12-30 02:12:00,976.16
2016-12-30 03:12:00,968.73
2016-12-30 04:12:00,968.68
2016-12-30 05:12:00,961.88
2016-12-30 06:12:00,948.94
2016-12-30 07:12:00,949.29
2016-12-30 08:12:00,945.66
2016-12-30 09:12:00,951.63
2016-12-30 10:12:00,948.79
2016-12-30 11:12:00,946.74
2016-12-30 12:12:00,935.88
2016-12-30 13:12:00,937.01
2016-12-30 14:12:00,940.52
2016-12-30 15:12:00,949.05
2016-12-30 16:12:00,949.93
2016-12-30 17:12:00,951.1
2016-12-30 18:12:00,957.66
2016-12-30 19:12:00,962.76
2016-12-30 20:12:00,964.01
2016-12-30 21:12:00,963.24
2016-12-30 22:12:00,959.53
2016-12-30 23:12:00,961
2016-12-30 24:12:00,958.01
2016-12-31 01:12:00,965.18
2016-12-31 02:12:00,966.51
2016-12-31 03:12:00,954.87
2016-12-31 04:12:00,953.05
2016-12-31 05:12:00,950.74
2016-12-31 06:12:00,951.42
2016-12-31 07:12:00,952.1
2016-12-31 08:12:00,947.32
2016-12-31 09:12:00,954.53
2016-12-31 10:12:00,958.2
2016-12-31 11:12:00,953.57
2016-12-31 12:12:00,951.88
2016-12-31 13:12:00,952.2
2016-12-31 14:12:00,945.4
2016-12-31 15:12:00,957.09
2016-12-31 16:12:00,953.22
2016-12-31 17:12:00,951.52
2016-12-31 18:12:00,961.68
2016-12-31 19:12:00,962.3
2016-12-31 20:12:00,967.92
2016-12-31 21:12:00,967.65
2016-12-31 22:12:00,968.39
2016-12-31 23:12:00,970.32
2016-12-31 24:12:00,964.14
2017-01-01 01:01:00,968.46
2017-01-01 02:01:00,969.79
2017-01-01 03:01:00,971.06
2017-01-01 04:01:00,967.64
2017-01-01 05:01:00,965.43
2017-01-01 06:01:00,966.49
2017-01-01 07:01:00,974.62
2017-01-01 08:01:00,963.69
2017-01-01 09:01:00,963.32
2017-01-01 10:01:00,964.29
2017-01-01 11:01:00,963.1
2017-01-01 12:01:00,964.15
2017-01-01 13:01:00,972.78
2017-01-01 14:01:00,975.13
2017-01-01 15:01:00,971.93
2017-01-01 16:01:00,972.47
2017-01-01 17:01:00,971.34
2017-01-01 18:01:00,980.79
2017-01-01 19:01:00,986.65
2017-01-01 20:01:00,993.55
2017-01-01 21:01:00,998.28
2017-01-01 22:01:00,1000.54
2017-01-01 23:01:00,1002.24
2017-01-01 24:01:00,1005.05
2017-01-02 01:01:00,1001.55
2017-01-02 02:01:00,1001.57
2017-01-02 03:01:00,1000.08
2017-01-02 04:01:00,1000.36
2017-01-02 05:01:00,1006.46
2017-01-02 06:01:00,1010.71
2017-01-02 07:01:00,1012.03
2017-01-02 08:01:00,1008.23
2017-01-02 09:01:00,1010.25
2017-01-02 10:01:00,1011.45
2017-01-02 11:01:00,1009.06
2017-01-02 12:01:00,1017.11
2017-01-02 13:01:00,1020.14
2017-01-02 14:01:00,1026.01
2017-01-02 15:01:00,1016.65
2017-01-02 16:01:00,1015.07
2017-01-02 17:01:00,1022.58
2017-01-02 18:01:00,1029.5
2017-01-02 19:01:00,1025.6
2017-01-02 20:01:00,1026.12
2017-01-02 21:01:00,1022.48
2017-01-02 22:01:00,1005.18
2017-01-02 23:01:00,1015.23
2017-01-02 24:01:00,1021.06
2017-01-03 01:01:00,1020.59
2017-01-03 02:01:00,1024.33
2017-01-03 03:01:00,1023.37
2017-01-03 04:01:00,1022.17
2017-01-03 05:01:00,1023.31
2017-01-03 06:01:00,1023.5
2017-01-03 07:01:00,1026.26
2017-01-03 08:01:00,1023.81
2017-01-03 09:01:00,1019.52
2017-01-03 10:01:00,1022.36
2017-01-03 11:01:00,1017.25
2017-01-03 12:01:00,1017.19
2017-01-03 13:01:00,1021.09
2017-01-03 14:01:00,1018.55
2017-01-03 15:01:00,1024.36
2017-01-03 16:01:00,1019.45
2017-01-03 17:01:00,1017.78
2017-01-03 18:01:00,1019.41
2017-01-03 19:01:00,1021.01
2017-01-03 20:01:00,1024.91
2017-01-03 21:01:00,1021.67
2017-01-03 22:01:00,1023.17
2017-01-03 23:01:00,1024.81
2017-01-03 24:01:00,1030.45
2017-01-04 01:01:00,1031.41
2017-01-04 02:01:00,1035.41
2017-01-04 03:01:00,1043.96
2017-01-04 04:01:00,1043.28
2017-01-04 05:01:00,1041.46
2017-01-04 06:01:00,1046.9
2017-01-04 07:01:00,1051.94
2017-01-04 08:01:00,1054.38
2017-01-04 09:01:00,1057.03
2017-01-04 10:01:00,1056.25
2017-01-04 11:01:00,1056.71
2017-01-04 12:01:00,1062.72
2017-01-04 13:01:00,1073.8
2017-01-04 14:01:00,1079.3
2017-01-04 15:01:00,1088.52
2017-01-04 16:01:00,1079.22
2017-01-04 17:01:00,1083.75
2017-01-04 18:01:00,1086.99
2017-01-04 19:01:00,1110.88
2017-01-04 20:01:00,1130.75
2017-01-04 21:01:00,1131.65
2017-01-04 22:01:00,1117.54
2017-01-04 23:01:00,1104.21
2017-01-04 24:01:00,1106.86
2017-01-05 01:01:00,1134.1
2017-01-05 02:01:00,1126.83
2017-01-05 03:01:00,1111.24
2017-01-05 04:01:00,1131.55
2017-01-05 05:01:00,1134.72
2017-01-05 06:01:00,1144.11
2017-01-05 07:01:00,1150.12
2017-01-05 08:01:00,1150.11
2017-01-05 09:01:00,1148.38
2017-01-05 10:01:00,1136.62
2017-01-05 11:01:00,1098.59
2017-01-05 12:01:00,1078.92
2017-01-05 13:01:00,1095.29
2017-01-05 14:01:00,1081.69
2017-01-05 15:01:00,967.4
2017-01-05 16:01:00,953.74
2017-01-05 17:01:00,956.51
2017-01-05 18:01:00,981.68
2017-01-05 19:01:00,955.3
2017-01-05 20:01:00,968.8
2017-01-05 21:01:00,969.26
2017-01-05 22:01:00,959.75
2017-01-05 23:01:00,966.15
2017-01-05 24:01:00,973.42
2017-01-06 01:01:00,1002.14
2017-01-06 02:01:00,1004.16
2017-01-06 03:01:00,1015.23
2017-01-06 04:01:00,1016.46
2017-01-06 05:01:00,974.26
2017-01-06 06:01:00,979.6
2017-01-06 07:01:00,976.56
2017-01-06 08:01:00,980.92
2017-01-06 09:01:00,982.82
2017-01-06 10:01:00,963.35
2017-01-06 11:01:00,949.23
2017-01-06 12:01:00,923.97
2017-01-06 13:01:00,911.81
2017-01-06 14:01:00,883.31
2017-01-06 15:01:00,887.11
2017-01-06 16:01:00,888.51
2017-01-06 17:01:00,900.34
2017-01-06 18:01:00,910.86
2017-01-06 19:01:00,905.14
2017-01-06 20:01:00,905.96
2017-01-06 21:01:00,889.22
2017-01-06 22:01:00,888.9
2017-01-06 23:01:00,892.19
2017-01-06 24:01:00,897.31
2017-01-07 01:01:00,888.74
2017-01-07 02:01:00,898.54
2017-01-07 03:01:00,895.24
2017-01-07 04:01:00,856.86
2017-01-07 05:01:00,845.04
2017-01-07 06:01:00,835.15
2017-01-07 07:01:00,835.41
2017-01-07 08:01:00,834.48
2017-01-07 09:01:00,824.26
2017-01-07 10:01:00,830.94
2017-01-07 11:01:00,821.03
2017-01-07 12:01:00,863.75
2017-01-07 13:01:00,871.07
2017-01-07 14:01:00,883.33
2017-01-07 15:01:00,876.72
2017-01-07 16:01:00,872.17
2017-01-07 17:01:00,885.89
2017-01-07 18:01:00,894.12
2017-01-07 19:01:00,900.16
2017-01-07 20:01:00,894.93
2017-01-07 21:01:00,896.55
2017-01-07 22:01:00,889.04
2017-01-07 23:01:00,889.53
2017-01-07 24:01:00,888.83
2017-01-08 01:01:00,897.8
2017-01-08 02:01:00,893.46
2017-01-08 03:01:00,897.95
2017-01-08 04:01:00,904.75
2017-01-08 05:01:00,912.13
2017-01-08 06:01:00,922.97
2017-01-08 07:01:00,932.21
2017-01-08 08:01:00,926.39
2017-01-08 09:01:00,935.05
2017-01-08 10:01:00,928.75
2017-01-08 11:01:00,922.51
2017-01-08 12:01:00,927.54
2017-01-08 13:01:00,921.46
2017-01-08 14:01:00,914.42
2017-01-08 15:01:00,917.41
2017-01-08 16:01:00,921.86
2017-01-08 17:01:00,908.17
2017-01-08 18:01:00,904.78
2017-01-08 19:01:00,897.33
2017-01-08 20:01:00,898.83
2017-01-08 21:01:00,905.21
2017-01-08 22:01:00,905.88
2017-01-08 23:01:00,913.16
2017-01-08 24:01:00,905.19
2017-01-09 01:01:00,914.25
2017-01-09 02:01:00,907.38
2017-01-09 03:01:00,891.56
2017-01-09 04:01:00,882.04
2017-01-09 05:01:00,891.45
2017-01-09 06:01:00,886.16
2017-01-09 07:01:00,891.7
2017-01-09 08:01:00,895.92
2017-01-09 09:01:00,894.13
2017-01-09 10:01:00,885.07
2017-01-09 11:01:00,886.23
2017-01-09 12:01:00,884.07
2017-01-09 13:01:00,898.41
2017-01-09 14:01:00,903.97
2017-01-09 15:01:00,900.29
2017-01-09 16:01:00,899.62
2017-01-09 17:01:00,902.33
2017-01-09 18:01:00,897.89
2017-01-09 19:01:00,898.3
2017-01-09 20:01:00,894.22
2017-01-09 21:01:00,893.73
2017-01-09 22:01:00,901.52
2017-01-09 23:01:00,896.86
2017-01-09 24:01:00,904.69
2017-01-10 01:01:00,900.91
2017-01-10 02:01:00,910
2017-01-10 03:01:00,913.3
2017-01-10 04:01:00,914.31
2017-01-10 05:01:00,912.53
2017-01-10 06:01:00,905.45
2017-01-10 07:01:00,903.69
2017-01-10 08:01:00,902.14
2017-01-10 09:01:00,900.59
2017-01-10 10:01:00,903.22
2017-01-10 11:01:00,898.43
2017-01-10 12:01:00,907.36
2017-01-10 13:01:00,903.85
2017-01-10 14:01:00,902.81
2017-01-10 15:01:00,901.05
2017-01-10 16:01:00,902.16
2017-01-10 17:01:00,899.56
2017-01-10 18:01:00,901.7
2017-01-10 19:01:00,905.29
2017-01-10 20:01:00,902.14
2017-01-10 21:01:00,900.68
2017-01-10 22:01:00,901.45
2017-01-10 23:01:00,909.26
2017-01-10 24:01:00,914.24
2017-01-11 01:01:00,908.81
2017-01-11 02:01:00,910.57
2017-01-11 03:01:00,913.25
2017-01-11 04:01:00,910.85
2017-01-11 05:01:00,914.2
2017-01-11 06:01:00,910.43
2017-01-11 07:01:00,913.32
2017-01-11 08:01:00,918.22
2017-01-11 09:01:00,916.45
2017-01-11 10:01:00,903.06
2017-01-11 11:01:00,886.25
2017-01-11 12:01:00,863.84
2017-01-11 13:01:00,852.07
2017-01-11 14:01:00,819.57
2017-01-11 15:01:00,807.23
2017-01-11 16:01:00,810.96
2017-01-11 17:01:00,807.32
2017-01-11 18:01:00,801.23
2017-01-11 19:01:00,789.07
2017-01-11 20:01:00,770.98
2017-01-11 21:01:00,775.15
2017-01-11 22:01:00,798.04
2017-01-11 23:01:00,785.81
2017-01-11 24:01:00,784.44
2017-01-12 01:01:00,785.34
2017-01-12 02:01:00,760.99
2017-01-12 03:01:00,762.33
2017-01-12 04:01:00,763.8
2017-01-12 05:01:00,766.21
2017-01-12 06:01:00,772.5
2017-01-12 07:01:00,766.59
2017-01-12 08:01:00,765.12
2017-01-12 09:01:00,763.58
2017-01-12 10:01:00,756.05
2017-01-12 11:01:00,759.6
2017-01-12 12:01:00,761.45
2017-01-12 13:01:00,768.35
2017-01-12 14:01:00,764.62
2017-01-12 15:01:00,769.88
2017-01-12 16:01:00,773.23
2017-01-12 17:01:00,781.09
2017-01-12 18:01:00,794.05
2017-01-12 19:01:00,804.82
2017-01-12 20:01:00,804.4
2017-01-12 21:01:00,806.89
2017-01-12 22:01:00,815.16
2017-01-12 23:01:00,820.79
2017-01-12 24:01:00,823.61
2017-01-13 01:01:00,811.51
2017-01-13 02:01:00,802.39
2017-01-13 03:01:00,812.37
2017-01-13 04:01:00,808.14
2017-01-13 05:01:00,800.36
2017-01-13 06:01:00,784.79
2017-01-13 07:01:00,782.54
2017-01-13 08:01:00,784.25
2017-01-13 09:01:00,784.04
2017-01-13 10:01:00,780.94
2017-01-13 11:01:00,788.74
2017-01-13 12:01:00,796.61
2017-01-13 13:01:00,799.1
2017-01-13 14:01:00,800.22
2017-01-13 15:01:00,798.26
2017-01-13 16:01:00,804.57
2017-01-13 17:01:00,811.66
2017-01-13 18:01:00,819.04
2017-01-13 19:01:00,826.7
2017-01-13 20:01:00,824.65
2017-01-13 21:01:00,827.94
2017-01-13 22:01:00,824.11
2017-01-13 23:01:00,825.33
2017-01-13 24:01:00,831.03
2017-01-14 01:01:00,824.78
2017-01-14 02:01:00,831.97
2017-01-14 03:01:00,836.56
2017-01-14 04:01:00,839.82
2017-01-14 05:01:00,829.73
2017-01-14 06:01:00,822.5
2017-01-14 07:01:00,826.38
2017-01-14 08:01:00,825.28
2017-01-14 09:01:00,824.77
2017-01-14 10:01:00,823.63
2017-01-14 11:01:00,827.73
2017-01-14 12:01:00,827.52
2017-01-14 13:01:00,827.97
2017-01-14 14:01:00,831.18
2017-01-14 15:01:00,835.67
2017-01-14 16:01:00,826.15
2017-01-14 17:01:00,827.82
2017-01-14 18:01:00,833.15
2017-01-14 19:01:00,830.44
2017-01-14 20:01:00,838.08
2017-01-14 21:01:00,837.17
2017-01-14 22:01:00,833.38
2017-01-14 23:01:00,828.75
2017-01-14 24:01:00,817.95
2017-01-15 01:01:00,812.45
2017-01-15 02:01:00,825
2017-01-15 03:01:00,829.56
2017-01-15 04:01:00,820.91
2017-01-15 05:01:00,821.98
2017-01-15 06:01:00,824.12
2017-01-15 07:01:00,821.52
2017-01-15 08:01:00,813.45
2017-01-15 09:01:00,816.57
2017-01-15 10:01:00,812.8
2017-01-15 11:01:00,817.49
2017-01-15 12:01:00,819.06
2017-01-15 13:01:00,820.84
2017-01-15 14:01:00,818.05
2017-01-15 15:01:00,822.15
2017-01-15 16:01:00,820.28
2017-01-15 17:01:00,815.98
2017-01-15 18:01:00,822.08
2017-01-15 19:01:00,816.27
2017-01-15 20:01:00,815.97
2017-01-15 21:01:00,823.91
2017-01-15 22:01:00,820.33
2017-01-15 23:01:00,824.65
2017-01-15 24:01:00,827.19
2017-01-16 01:01:00,822.99
2017-01-16 02:01:00,823.92
2017-01-16 03:01:00,828.71
2017-01-16 04:01:00,830.31
2017-01-16 05:01:00,831.49
2017-01-16 06:01:00,834.53
2017-01-16 07:01:00,829.83
2017-01-16 08:01:00,832.29
2017-01-16 09:01:00,832.15
2017-01-16 10:01:00,830.04
2017-01-16 11:01:00,831.05
2017-01-16 12:01:00,830.85
2017-01-16 13:01:00,822.5
2017-01-16 14:01:00,822.49
2017-01-16 15:01:00,827.61
2017-01-16 16:01:00,827.5
2017-01-16 17:01:00,828.78
2017-01-16 18:01:00,831.58
2017-01-16 19:01:00,831.06
2017-01-16 20:01:00,830.52
2017-01-16 21:01:00,835.37
2017-01-16 22:01:00,832.58
2017-01-16 23:01:00,829.59
2017-01-16 24:01:00,834
2017-01-17 01:01:00,832.82
2017-01-17 02:01:00,842.45
2017-01-17 03:01:00,837.63
2017-01-17 04:01:00,835.13
2017-01-17 05:01:00,838.49
2017-01-17 06:01:00,848.76
2017-01-17 07:01:00,856.65
2017-01-17 08:01:00,858.02
2017-01-17 09:01:00,866.4
2017-01-17 10:01:00,882.93
2017-01-17 11:01:00,882.35
2017-01-17 12:01:00,882.7
2017-01-17 13:01:00,886.16
2017-01-17 14:01:00,875.24
2017-01-17 15:01:00,881.24
2017-01-17 16:01:00,881.08
2017-01-17 17:01:00,882.78
2017-01-17 18:01:00,882.13
2017-01-17 19:01:00,890.68
2017-01-17 20:01:00,897.47
2017-01-17 21:01:00,901.34
2017-01-17 22:01:00,901.86
2017-01-17 23:01:00,897.36
2017-01-17 24:01:00,906
2017-01-18 01:01:00,909.14
2017-01-18 02:01:00,911.58
2017-01-18 03:01:00,913.94
2017-01-18 04:01:00,894.25
2017-01-18 05:01:00,893.76
2017-01-18 06:01:00,892.07
2017-01-18 07:01:00,899.12
2017-01-18 08:01:00,899.92
2017-01-18 09:01:00,898.6
2017-01-18 10:01:00,892.7
2017-01-18 11:01:00,888.3
2017-01-18 12:01:00,891.71
2017-01-18 13:01:00,894.57
2017-01-18 14:01:00,896.66
2017-01-18 15:01:00,880.86
2017-01-18 16:01:00,860.69
2017-01-18 17:01:00,862.11
2017-01-18 18:01:00,874.79
2017-01-18 19:01:00,870.44
2017-01-18 20:01:00,876.74
2017-01-18 21:01:00,869.94
2017-01-18 22:01:00,869.28
2017-01-18 23:01:00,879.16
2017-01-18 24:01:00,881.07
2017-01-19 01:01:00,881.67
2017-01-19 02:01:00,888.39
2017-01-19 03:01:00,895.82
2017-01-19 04:01:00,885.4
2017-01-19 05:01:00,891.95
2017-01-19 06:01:00,890.57
2017-01-19 07:01:00,888.6
2017-01-19 08:01:00,888.85
2017-01-19 09:01:00,885.88
2017-01-19 10:01:00,890.07
2017-01-19 11:01:00,893.23
2017-01-19 12:01:00,890.7
2017-01-19 13:01:00,886.47
2017-01-19 14:01:00,888.71
2017-01-19 15:01:00,889.5
2017-01-19 16:01:00,890.78
2017-01-19 17:01:00,892.42
2017-01-19 18:01:00,892.65
2017-01-19 19:01:00,898.4
2017-01-19 20:01:00,903.83
2017-01-19 21:01:00,896.41
2017-01-19 22:01:00,900.63
2017-01-19 23:01:00,906.39
2017-01-19 24:01:00,901.55
2017-01-20 01:01:00,897.81
2017-01-20 02:01:00,905.7
2017-01-20 03:01:00,902.99
2017-01-20 04:01:00,897.76
2017-01-20 05:01:00,898.03
2017-01-20 06:01:00,898.78
2017-01-20 07:01:00,889.53
2017-01-20 08:01:00,892.11
2017-01-20 09:01:00,892.96
2017-01-20 10:01:00,893.56
2017-01-20 11:01:00,891.05
2017-01-20 12:01:00,886.27
2017-01-20 13:01:00,885.32
2017-01-20 14:01:00,886.53
2017-01-20 15:01:00,891.14
2017-01-20 16:01:00,895.57
2017-01-20 17:01:00,897.69
2017-01-20 18:01:00,902.87
2017-01-20 19:01:00,901.98
2017-01-20 20:01:00,899.66
2017-01-20 21:01:00,904.51
2017-01-20 22:01:00,906.78
2017-01-20 23:01:00,901.41
2017-01-20 24:01:00,897.37
2017-01-21 01:01:00,902.15
2017-01-21 02:01:00,915.01
2017-01-21 03:01:00,905.95
2017-01-21 04:01:00,904.14
2017-01-21 05:01:00,905.93
2017-01-21 06:01:00,917.72
2017-01-21 07:01:00,918.63
2017-01-21 08:01:00,921.66
2017-01-21 09:01:00,920.07
2017-01-21 10:01:00,921.15
2017-01-21 11:01:00,918.69
2017-01-21 12:01:00,922.23
2017-01-21 13:01:00,921.98
2017-01-21 14:01:00,922.88
2017-01-21 15:01:00,926.03
2017-01-21 16:01:00,920.99
2017-01-21 17:01:00,925.15
2017-01-21 18:01:00,930.24
2017-01-21 19:01:00,922.77
2017-01-21 20:01:00,931.09
2017-01-21 21:01:00,928.3
2017-01-21 22:01:00,926.79
2017-01-21 23:01:00,925.36
2017-01-21 24:01:00,932.83
2017-01-22 01:01:00,929.39
2017-01-22 02:01:00,925.37
2017-01-22 03:01:00,932.32
2017-01-22 04:01:00,933.06
2017-01-22 05:01:00,938.11
2017-01-22 06:01:00,935.54
2017-01-22 07:01:00,939.29
2017-01-22 08:01:00,933.82
2017-01-22 09:01:00,934.43
2017-01-22 10:01:00,936.1
2017-01-22 11:01:00,933.39
2017-01-22 12:01:00,926.22
2017-01-22 13:01:00,925.6
2017-01-22 14:01:00,917.67
2017-01-22 15:01:00,906.6
2017-01-22 16:01:00,897.66
2017-01-22 17:01:00,908.35
2017-01-22 18:01:00,913.19
2017-01-22 19:01:00,917.5
2017-01-22 20:01:00,915.99
2017-01-22 21:01:00,914.38
2017-01-22 22:01:00,916.31
2017-01-22 23:01:00,920.15
2017-01-22 24:01:00,917.39
2017-01-23 01:01:00,919.79
2017-01-23 02:01:00,932.18
2017-01-23 03:01:00,923.33
2017-01-23 04:01:00,927.89
2017-01-23 05:01:00,924.89
2017-01-23 06:01:00,926.35
2017-01-23 07:01:00,926.88
2017-01-23 08:01:00,920.76
2017-01-23 09:01:00,921.36
2017-01-23 10:01:00,920.66
2017-01-23 11:01:00,919.7
2017-01-23 12:01:00,920.29
2017-01-23 13:01:00,918.2
2017-01-23 14:01:00,920.37
2017-01-23 15:01:00,922.46
2017-01-23 16:01:00,919.42
2017-01-23 17:01:00,925.5
2017-01-23 18:01:00,921.36
2017-01-23 19:01:00,925
2017-01-23 20:01:00,919.68
2017-01-23 21:01:00,929.95
2017-01-23 22:01:00,927.49
2017-01-23 23:01:00,925.69
2017-01-23 24:01:00,921.07
2017-01-24 01:01:00,929.87
2017-01-24 02:01:00,903.45
2017-01-24 03:01:00,905.76
2017-01-24 04:01:00,907.59
2017-01-24 05:01:00,913.92
2017-01-24 06:01:00,919.43
2017-01-24 07:01:00,921.85
2017-01-24 08:01:00,920.96
2017-01-24 09:01:00,919.28
2017-01-24 10:01:00,920.75
2017-01-24 11:01:00,918.46
2017-01-24 12:01:00,915.54
2017-01-24 13:01:00,903.32
2017-01-24 14:01:00,906.53
2017-01-24 15:01:00,906.86
2017-01-24 16:01:00,906.17
2017-01-24 17:01:00,906.47
2017-01-24 18:01:00,905.48
2017-01-24 19:01:00,913.42
2017-01-24 20:01:00,908.49
2017-01-24 21:01:00,915.93
2017-01-24 22:01:00,902.93
2017-01-24 23:01:00,900.55
2017-01-24 24:01:00,899.52
2017-01-25 01:01:00,892.41
2017-01-25 02:01:00,895.36
2017-01-25 03:01:00,894.41
2017-01-25 04:01:00,899.05
2017-01-25 05:01:00,907.95
2017-01-25 06:01:00,906.61
2017-01-25 07:01:00,898.67
2017-01-25 08:01:00,897.81
2017-01-25 09:01:00,894.35
2017-01-25 10:01:00,898.09
2017-01-25 11:01:00,899.74
2017-01-25 12:01:00,893.31
2017-01-25 13:01:00,894
2017-01-25 14:01:00,898.37
2017-01-25 15:01:00,891.41
2017-01-25 16:01:00,889.89
2017-01-25 17:01:00,893.53
2017-01-25 18:01:00,895.69
2017-01-25 19:01:00,894.07
2017-01-25 20:01:00,900.08
2017-01-25 21:01:00,903.3
2017-01-25 22:01:00,900.81
2017-01-25 23:01:00,898.57
2017-01-25 24:01:00,898.59
2017-01-26 01:01:00,905.65
2017-01-26 02:01:00,905.99
2017-01-26 03:01:00,904.15
2017-01-26 04:01:00,905.42
2017-01-26 05:01:00,912.4
2017-01-26 06:01:00,916.83
2017-01-26 07:01:00,908.29
2017-01-26 08:01:00,903.67
2017-01-26 09:01:00,897.22
2017-01-26 10:01:00,897.97
2017-01-26 11:01:00,899.87
2017-01-26 12:01:00,901.55
2017-01-26 13:01:00,902.9
2017-01-26 14:01:00,902.75
2017-01-26 15:01:00,906.97
2017-01-26 16:01:00,909.65
2017-01-26 17:01:00,911.38
2017-01-26 18:01:00,916.47
2017-01-26 19:01:00,915.82
2017-01-26 20:01:00,919.11
2017-01-26 21:01:00,916.58
2017-01-26 22:01:00,922.62
2017-01-26 23:01:00,923.17
2017-01-26 24:01:00,913.03
2017-01-27 01:01:00,923.99
2017-01-27 02:01:00,923.26
2017-01-27 03:01:00,922.43
2017-01-27 04:01:00,925.59
2017-01-27 05:01:00,918.32
2017-01-27 06:01:00,914.17
2017-01-27 07:01:00,914.69
2017-01-27 08:01:00,913.74
2017-01-27 09:01:00,916.39
2017-01-27 10:01:00,918.14
2017-01-27 11:01:00,917.34
2017-01-27 12:01:00,914.61
2017-01-27 13:01:00,916.2
2017-01-27 14:01:00,915.51
2017-01-27 15:01:00,915.55
2017-01-27 16:01:00,918.36
2017-01-27 17:01:00,920.72
2017-01-27 18:01:00,923.01
2017-01-27 19:01:00,923.15
2017-01-27 20:01:00,919.4
2017-01-27 21:01:00,922.6
2017-01-27 22:01:00,917.05
2017-01-27 23:01:00,919.01
2017-01-27 24:01:00,918.26
2017-01-28 01:01:00,919.71
2017-01-28 02:01:00,927.83
2017-01-28 03:01:00,928.38
2017-01-28 04:01:00,927.56
2017-01-28 05:01:00,919.86
2017-01-28 06:01:00,930.18
2017-01-28 07:01:00,926.87
2017-01-28 08:01:00,931.34
2017-01-28 09:01:00,933.05
2017-01-28 10:01:00,920.74
2017-01-28 11:01:00,920.18
2017-01-28 12:01:00,920.88
2017-01-28 13:01:00,915.55
2017-01-28 14:01:00,921.97
2017-01-28 15:01:00,918.38
2017-01-28 16:01:00,921.55
2017-01-28 17:01:00,926.23
2017-01-28 18:01:00,929.06
2017-01-28 19:01:00,924.15
2017-01-28 20:01:00,930.82
2017-01-28 21:01:00,930.17
2017-01-28 22:01:00,921.69
2017-01-28 23:01:00,933.78
2017-01-28 24:01:00,932.02
2017-01-29 01:01:00,920.8
2017-01-29 02:01:00,937.6
2017-01-29 03:01:00,930.34
2017-01-29 04:01:00,929.64
2017-01-29 05:01:00,929.59
2017-01-29 06:01:00,937.56
2017-01-29 07:01:00,923.15
2017-01-29 08:01:00,930.48
2017-01-29 09:01:00,927.53
2017-01-29 10:01:00,933.91
2017-01-29 11:01:00,916.87
2017-01-29 12:01:00,931.68
2017-01-29 13:01:00,918.16
2017-01-29 14:01:00,921.92
2017-01-29 15:01:00,924.62
2017-01-29 16:01:00,921.46
2017-01-29 17:01:00,918.78
2017-01-29 18:01:00,917.97
2017-01-29 19:01:00,921.71
2017-01-29 20:01:00,922.37
2017-01-29 21:01:00,917.79
2017-01-29 22:01:00,920.57
2017-01-29 23:01:00,921.08
2017-01-29 24:01:00,916.2
2017-01-30 01:01:00,924.23
2017-01-30 02:01:00,917.99
2017-01-30 03:01:00,918.8
2017-01-30 04:01:00,922.77
2017-01-30 05:01:00,923.04
2017-01-30 06:01:00,923.42
2017-01-30 07:01:00,922.69
2017-01-30 08:01:00,922.33
2017-01-30 09:01:00,917.52
2017-01-30 10:01:00,925.96
2017-01-30 11:01:00,917.56
2017-01-30 12:01:00,918.84
2017-01-30 13:01:00,919.26
2017-01-30 14:01:00,919.28
2017-01-30 15:01:00,920.95
2017-01-30 16:01:00,920.18
2017-01-30 17:01:00,923.81
2017-01-30 18:01:00,924.86
2017-01-30 19:01:00,925.13
2017-01-30 20:01:00,926.02
2017-01-30 21:01:00,928.04
2017-01-30 22:01:00,927.65
2017-01-30 23:01:00,924.48
2017-01-30 24:01:00,925.17
2017-01-31 01:01:00,928.82
2017-01-31 02:01:00,937.26
2017-01-31 03:01:00,927.9
2017-01-31 04:01:00,921.65
2017-01-31 05:01:00,922.23
2017-01-31 06:01:00,935.6
2017-01-31 07:01:00,926.52
2017-01-31 08:01:00,928.34
2017-01-31 09:01:00,925.96
2017-01-31 10:01:00,928.02
2017-01-31 11:01:00,931.43
2017-01-31 12:01:00,932.98
2017-01-31 13:01:00,930.92
2017-01-31 14:01:00,940.2
2017-01-31 15:01:00,951.57
2017-01-31 16:01:00,953.97
2017-01-31 17:01:00,953.07
2017-01-31 18:01:00,959.7
2017-01-31 19:01:00,959.78
2017-01-31 20:01:00,955.69
2017-01-31 21:01:00,964.86
2017-01-31 22:01:00,958.16
2017-01-31 23:01:00,956.51
2017-01-31 24:01:00,963.05
2017-02-01 01:02:00,966.6
2017-02-01 02:02:00,969.34
2017-02-01 03:02:00,972.84
2017-02-01 04:02:00,973.11
2017-02-01 05:02:00,974.54
2017-02-01 06:02:00,968.8
2017-02-01 07:02:00,971.98
2017-02-01 08:02:00,974.48
2017-02-01 09:02:00,971.95
2017-02-01 10:02:00,972.96
2017-02-01 11:02:00,971.78
2017-02-01 12:02:00,965.54
2017-02-01 13:02:00,965.23
2017-02-01 14:02:00,966.69
2017-02-01 15:02:00,966.05
2017-02-01 16:02:00,972.42
2017-02-01 17:02:00,967.9
2017-02-01 18:02:00,972.7
2017-02-01 19:02:00,974.91
2017-02-01 20:02:00,980.87
2017-02-01 21:02:00,977.91
2017-02-01 22:02:00,974.91
2017-02-01 23:02:00,975.97
2017-02-01 24:02:00,977.43
2017-02-02 01:02:00,985.53
2017-02-02 02:02:00,990.89
2017-02-02 03:02:00,993.4
2017-02-02 04:02:00,987.69
2017-02-02 05:02:00,981.65
2017-02-02 06:02:00,980.66
2017-02-02 07:02:00,984.32
2017-02-02 08:02:00,986.01
2017-02-02 09:02:00,989.56
2017-02-02 10:02:00,987.31
2017-02-02 11:02:00,987.85
2017-02-02 12:02:00,985.34
2017-02-02 13:02:00,988.78
2017-02-02 14:02:00,988.38
2017-02-02 15:02:00,990.26
2017-02-02 16:02:00,991.99
2017-02-02 17:02:00,994.82
2017-02-02 18:02:00,994.47
2017-02-02 19:02:00,1000.01
2017-02-02 20:02:00,998.77
2017-02-02 21:02:00,999.4
2017-02-02 22:02:00,1000.48
2017-02-02 23:02:00,1001.64
2017-02-02 24:02:00,1008.39
2017-02-03 01:02:00,1009.44
2017-02-03 02:02:00,1005.38
2017-02-03 03:02:00,1007.58
2017-02-03 04:02:00,1013.79
2017-02-03 05:02:00,1016.6
2017-02-03 06:02:00,1019.89
2017-02-03 07:02:00,1022.85
2017-02-03 08:02:00,1020.17
2017-02-03 09:02:00,1002.39
2017-02-03 10:02:00,1014.91
2017-02-03 11:02:00,1011.13
2017-02-03 12:02:00,1013.21
2017-02-03 13:02:00,1006.65
2017-02-03 14:02:00,1000.25
2017-02-03 15:02:00,1005.34
2017-02-03 16:02:00,1010.67
2017-02-03 17:02:00,1014.59
2017-02-03 18:02:00,1014.48
2017-02-03 19:02:00,1016.54
2017-02-03 20:02:00,1020.34
2017-02-03 21:02:00,1014.97
2017-02-03 22:02:00,1020.16
2017-02-03 23:02:00,1017.47
2017-02-03 24:02:00,1019.16
2017-02-04 01:02:00,1015.75
2017-02-04 02:02:00,1020.18
2017-02-04 03:02:00,1019
2017-02-04 04:02:00,1015.72
2017-02-04 05:02:00,1010.5
2017-02-04 06:02:00,1009.99
2017-02-04 07:02:00,1011.14
2017-02-04 08:02:00,1008.58
2017-02-04 09:02:00,1014.64
2017-02-04 10:02:00,1013.29
2017-02-04 11:02:00,1012.35
2017-02-04 12:02:00,1016.15
2017-02-04 13:02:00,1015.08
2017-02-04 14:02:00,1009.19
2017-02-04 15:02:00,1008.84
2017-02-04 16:02:00,1014.41
2017-02-04 17:02:00,1018.51
2017-02-04 18:02:00,1015.66
2017-02-04 19:02:00,1021.26
2017-02-04 20:02:00,1035.06
2017-02-04 21:02:00,1032.01
2017-02-04 22:02:00,1035.11
2017-02-04 23:02:00,1031.12
2017-02-04 24:02:00,1032.22
2017-02-05 01:02:00,1034.32
2017-02-05 02:02:00,1040.19
2017-02-05 03:02:00,1031.34
2017-02-05 04:02:00,1035.53
2017-02-05 05:02:00,1036.97
2017-02-05 06:02:00,1031.4
2017-02-05 07:02:00,1031.08
2017-02-05 08:02:00,1031.64
2017-02-05 09:02:00,1030.07
2017-02-05 10:02:00,1029.29
2017-02-05 11:02:00,1026.32
2017-02-05 12:02:00,1025.57
2017-02-05 13:02:00,1023.37
2017-02-05 14:02:00,1020.59
2017-02-05 15:02:00,1016.91
2017-02-05 16:02:00,1016.84
2017-02-05 17:02:00,1020.77
2017-02-05 18:02:00,1012.68
2017-02-05 19:02:00,1009.99
2017-02-05 20:02:00,1008.68
2017-02-05 21:02:00,1006.86
2017-02-05 22:02:00,1017.32
2017-02-05 23:02:00,1010.98
2017-02-05 24:02:00,1016.97
2017-02-06 01:02:00,1016.3
2017-02-06 02:02:00,1027.85
2017-02-06 03:02:00,1021.92
2017-02-06 04:02:00,1023.69
2017-02-06 05:02:00,1021
2017-02-06 06:02:00,1015.18
2017-02-06 07:02:00,1020.1
2017-02-06 08:02:00,1025.31
2017-02-06 09:02:00,1022.58
2017-02-06 10:02:00,1019.58
2017-02-06 11:02:00,1025.09
2017-02-06 12:02:00,1027.86
2017-02-06 13:02:00,1025.15
2017-02-06 14:02:00,1022.41
2017-02-06 15:02:00,1026.49
2017-02-06 16:02:00,1021.96
2017-02-06 17:02:00,1025.16
2017-02-06 18:02:00,1026.4
2017-02-06 19:02:00,1025.46
2017-02-06 20:02:00,1024.24
2017-02-06 21:02:00,1022.07
2017-02-06 22:02:00,1023.41
2017-02-06 23:02:00,1024.39
2017-02-06 24:02:00,1029.22
2017-02-07 01:02:00,1024.01
2017-02-07 02:02:00,1031.01
2017-02-07 03:02:00,1032.96
2017-02-07 04:02:00,1028.5
2017-02-07 05:02:00,1033.19
2017-02-07 06:02:00,1033.28
2017-02-07 07:02:00,1034.74
2017-02-07 08:02:00,1039.68
2017-02-07 09:02:00,1042.98
2017-02-07 10:02:00,1046.25
2017-02-07 11:02:00,1042.84
2017-02-07 12:02:00,1040.9
2017-02-07 13:02:00,1041.26
2017-02-07 14:02:00,1045.43
2017-02-07 15:02:00,1049.26
2017-02-07 16:02:00,1052.75
2017-02-07 17:02:00,1049.86
2017-02-07 18:02:00,1046.28
2017-02-07 19:02:00,1046.49
2017-02-07 20:02:00,1052.82
2017-02-07 21:02:00,1047.93
2017-02-07 22:02:00,1055.03
2017-02-07 23:02:00,1051.47
2017-02-07 24:02:00,1052.5
2017-02-08 01:02:00,1058.1
2017-02-08 02:02:00,1054.04
2017-02-08 03:02:00,1061.58
2017-02-08 04:02:00,1062.09
2017-02-08 05:02:00,1062.25
2017-02-08 06:02:00,1069.82
2017-02-08 07:02:00,1063.88
2017-02-08 08:02:00,1064.45
2017-02-08 09:02:00,1068.7
2017-02-08 10:02:00,1033.72
2017-02-08 11:02:00,1032.24
2017-02-08 12:02:00,1033.92
2017-02-08 13:02:00,1043.55
2017-02-08 14:02:00,1038.01
2017-02-08 15:02:00,1040.42
2017-02-08 16:02:00,1042.05
2017-02-08 17:02:00,1046.42
2017-02-08 18:02:00,1052.15
2017-02-08 19:02:00,1051.71
2017-02-08 20:02:00,1058.62
2017-02-08 21:02:00,1059.13
2017-02-08 22:02:00,1063.7
2017-02-08 23:02:00,1058.25
2017-02-08 24:02:00,1056.98
2017-02-09 01:02:00,1065.64
2017-02-09 02:02:00,1063.88
2017-02-09 03:02:00,1064.09
2017-02-09 04:02:00,1067.47
2017-02-09 05:02:00,1068.99
2017-02-09 06:02:00,1072.57
2017-02-09 07:02:00,1072.51
2017-02-09 08:02:00,1070.51
2017-02-09 09:02:00,1062.8
2017-02-09 10:02:00,1057.66
2017-02-09 11:02:00,1057.46
2017-02-09 12:02:00,1056.71
2017-02-09 13:02:00,1058.64
2017-02-09 14:02:00,1055.24
2017-02-09 15:02:00,1024.78
2017-02-09 16:02:00,975.97
2017-02-09 17:02:00,952.7
2017-02-09 18:02:00,974.33
2017-02-09 19:02:00,980.26
2017-02-09 20:02:00,973.22
2017-02-09 21:02:00,967.74
2017-02-09 22:02:00,953.03
2017-02-09 23:02:00,965.14
2017-02-09 24:02:00,974.37
2017-02-10 01:02:00,978.46
2017-02-10 02:02:00,986.52
2017-02-10 03:02:00,974.25
2017-02-10 04:02:00,968.7
2017-02-10 05:02:00,977.01
2017-02-10 06:02:00,980.29
2017-02-10 07:02:00,981.28
2017-02-10 08:02:00,967.41
2017-02-10 09:02:00,966.47
2017-02-10 10:02:00,961.35
2017-02-10 11:02:00,954.76
2017-02-10 12:02:00,960.54
2017-02-10 13:02:00,963.99
2017-02-10 14:02:00,967.63
2017-02-10 15:02:00,966.95
2017-02-10 16:02:00,965.31
2017-02-10 17:02:00,967.08
2017-02-10 18:02:00,976.73
2017-02-10 19:02:00,977.36
2017-02-10 20:02:00,984.93
2017-02-10 21:02:00,989.96
2017-02-10 22:02:00,991.6
2017-02-10 23:02:00,994.76
2017-02-10 24:02:00,997.59
2017-02-11 01:02:00,998.01
2017-02-11 02:02:00,1002.86
2017-02-11 03:02:00,996.53
2017-02-11 04:02:00,991.77
2017-02-11 05:02:00,1000.86
2017-02-11 06:02:00,998.9
2017-02-11 07:02:00,1005.01
2017-02-11 08:02:00,1008.69
2017-02-11 09:02:00,1004.25
2017-02-11 10:02:00,1005.76
2017-02-11 11:02:00,1011
2017-02-11 12:02:00,1006.92
2017-02-11 13:02:00,1008.18
2017-02-11 14:02:00,1000.71
2017-02-11 15:02:00,1002
2017-02-11 16:02:00,1004.34
2017-02-11 17:02:00,1008.4
2017-02-11 18:02:00,1006.24
2017-02-11 19:02:00,1010.88
2017-02-11 20:02:00,1015.06
2017-02-11 21:02:00,1010.04
2017-02-11 22:02:00,1007.51
2017-02-11 23:02:00,1015.88
2017-02-11 24:02:00,1008.84
2017-02-12 01:02:00,1011.56
2017-02-12 02:02:00,1014.46
2017-02-12 03:02:00,1012.62
2017-02-12 04:02:00,1009.28
2017-02-12 05:02:00,1011.44
2017-02-12 06:02:00,1010.31
2017-02-12 07:02:00,1003.07
2017-02-12 08:02:00,1003.37
2017-02-12 09:02:00,1005.48
2017-02-12 10:02:00,1001.68
2017-02-12 11:02:00,1002.68
2017-02-12 12:02:00,1003.32
2017-02-12 13:02:00,1001.19
2017-02-12 14:02:00,1001.74
2017-02-12 15:02:00,1002.59
2017-02-12 16:02:00,1000.22
2017-02-12 17:02:00,1006.47
2017-02-12 18:02:00,1000.45
2017-02-12 19:02:00,1003.81
2017-02-12 20:02:00,1005.82
2017-02-12 21:02:00,1009.24
2017-02-12 22:02:00,1000.06
2017-02-12 23:02:00,1004.23
2017-02-12 24:02:00,1007.88
2017-02-13 01:02:00,1009.37
2017-02-13 02:02:00,1017.04
2017-02-13 03:02:00,1004.39
2017-02-13 04:02:00,1006.8
2017-02-13 05:02:00,1003.52
2017-02-13 06:02:00,1011.73
2017-02-13 07:02:00,1009.87
2017-02-13 08:02:00,1011.05
2017-02-13 09:02:00,1007.02
2017-02-13 10:02:00,991.73
2017-02-13 11:02:00,983.47
2017-02-13 12:02:00,987.35
2017-02-13 13:02:00,989.17
2017-02-13 14:02:00,992.9
2017-02-13 15:02:00,992.13
2017-02-13 16:02:00,995.37
2017-02-13 17:02:00,995.57
2017-02-13 18:02:00,998.02
2017-02-13 19:02:00,1001.92
2017-02-13 20:02:00,999.68
2017-02-13 21:02:00,1004.89
2017-02-13 22:02:00,1003.62
2017-02-13 23:02:00,996.76
2017-02-13 24:02:00,1012.5
2017-02-14 01:02:00,1002.96
2017-02-14 02:02:00,1005.03
2017-02-14 03:02:00,1006.05
2017-02-14 04:02:00,992.21
2017-02-14 05:02:00,1004.88
2017-02-14 06:02:00,1000.19
2017-02-14 07:02:00,992.03
2017-02-14 08:02:00,1001.87
2017-02-14 09:02:00,1004.73
2017-02-14 10:02:00,1008.26
2017-02-14 11:02:00,1012.29
2017-02-14 12:02:00,1013.53
2017-02-14 13:02:00,1001.52
2017-02-14 14:02:00,1002.43
2017-02-14 15:02:00,1005.92
2017-02-14 16:02:00,1005.56
2017-02-14 17:02:00,1010
2017-02-14 18:02:00,1011.58
2017-02-14 19:02:00,1014.12
2017-02-14 20:02:00,1011.46
2017-02-14 21:02:00,1010.43
2017-02-14 22:02:00,1010.45
2017-02-14 23:02:00,1009.09
2017-02-14 24:02:00,1015.2
2017-02-15 01:02:00,1015.2
2017-02-15 02:02:00,1014.32
2017-02-15 03:02:00,1019.65
2017-02-15 04:02:00,1019.87
2017-02-15 05:02:00,1010.77
2017-02-15 06:02:00,1008.27
2017-02-15 07:02:00,1005.72
2017-02-15 08:02:00,1007.46
2017-02-15 09:02:00,1001.86
2017-02-15 10:02:00,1003.06
2017-02-15 11:02:00,1005.19
2017-02-15 12:02:00,1004.16
2017-02-15 13:02:00,1001.61
2017-02-15 14:02:00,1004.58
2017-02-15 15:02:00,1008.38
2017-02-15 16:02:00,1005.12
2017-02-15 17:02:00,1008.41
2017-02-15 18:02:00,1008.31
2017-02-15 19:02:00,1010.05
2017-02-15 20:02:00,1008.81
2017-02-15 21:02:00,1009.23
2017-02-15 22:02:00,1010.31
2017-02-15 23:02:00,1013.81
2017-02-15 24:02:00,1014.98
2017-02-16 01:02:00,1011.66
2017-02-16 02:02:00,1012.21
2017-02-16 03:02:00,1014.15
2017-02-16 04:02:00,1018.67
2017-02-16 05:02:00,1022.01
2017-02-16 06:02:00,1018.75
2017-02-16 07:02:00,1022.72
2017-02-16 08:02:00,1020.32
2017-02-16 09:02:00,1015.61
2017-02-16 10:02:00,1020.24
2017-02-16 11:02:00,1019.85
2017-02-16 12:02:00,1016.55
2017-02-16 13:02:00,1017.95
2017-02-16 14:02:00,1024.07
2017-02-16 15:02:00,1024.24
2017-02-16 16:02:00,1024.55
2017-02-16 17:02:00,1030.93
2017-02-16 18:02:00,1033.55
2017-02-16 19:02:00,1035.9
2017-02-16 20:02:00,1039.45
2017-02-16 21:02:00,1038.1
2017-02-16 22:02:00,1036.44
2017-02-16 23:02:00,1033.89
2017-02-16 24:02:00,1034.01
2017-02-17 01:02:00,1035.34
2017-02-17 02:02:00,1038.83
2017-02-17 03:02:00,1041.07
2017-02-17 04:02:00,1039.53
2017-02-17 05:02:00,1039.14
2017-02-17 06:02:00,1037.41
2017-02-17 07:02:00,1038.35
2017-02-17 08:02:00,1038.06
2017-02-17 09:02:00,1040.04
2017-02-17 10:02:00,1037.37
2017-02-17 11:02:00,1039.06
2017-02-17 12:02:00,1044.17
2017-02-17 13:02:00,1028.96
2017-02-17 14:02:00,1037.95
2017-02-17 15:02:00,1047.57
2017-02-17 16:02:00,1051.68
2017-02-17 17:02:00,1055.32
2017-02-17 18:02:00,1055.72
2017-02-17 19:02:00,1055.33
2017-02-17 20:02:00,1054.91
2017-02-17 21:02:00,1052.75
2017-02-17 22:02:00,1055.31
2017-02-17 23:02:00,1059.3
2017-02-17 24:02:00,1055.5
2017-02-18 01:02:00,1055.62
2017-02-18 02:02:00,1056.62
2017-02-18 03:02:00,1053.87
2017-02-18 04:02:00,1057.18
2017-02-18 05:02:00,1058.3
2017-02-18 06:02:00,1058.34
2017-02-18 07:02:00,1065.18
2017-02-18 08:02:00,1063.24
2017-02-18 09:02:00,1061.48
2017-02-18 10:02:00,1062.82
2017-02-18 11:02:00,1060.48
2017-02-18 12:02:00,1059.1
2017-02-18 13:02:00,1055.38
2017-02-18 14:02:00,1051.16
2017-02-18 15:02:00,1050.92
2017-02-18 16:02:00,1055.3
2017-02-18 17:02:00,1060.17
2017-02-18 18:02:00,1061.59
2017-02-18 19:02:00,1062.37
2017-02-18 20:02:00,1057.9
2017-02-18 21:02:00,1058.78
2017-02-18 22:02:00,1062.19
2017-02-18 23:02:00,1064.58
2017-02-18 24:02:00,1058.34
2017-02-19 01:02:00,1055.41
2017-02-19 02:02:00,1053.88
2017-02-19 03:02:00,1054.33
2017-02-19 04:02:00,1054.57
2017-02-19 05:02:00,1053.68
2017-02-19 06:02:00,1046.35
2017-02-19 07:02:00,1052.9
2017-02-19 08:02:00,1065.85
2017-02-19 09:02:00,1059.89
2017-02-19 10:02:00,1050.99
2017-02-19 11:02:00,1054.93
2017-02-19 12:02:00,1056.27
2017-02-19 13:02:00,1053.66
2017-02-19 14:02:00,1046.1
2017-02-19 15:02:00,1047.98
2017-02-19 16:02:00,1051.89
2017-02-19 17:02:00,1050.35
2017-02-19 18:02:00,1052.52
2017-02-19 19:02:00,1053.03
2017-02-19 20:02:00,1054.22
2017-02-19 21:02:00,1048.96
2017-02-19 22:02:00,1045.21
2017-02-19 23:02:00,1052.55
2017-02-19 24:02:00,1055.17
2017-02-20 01:02:00,1052.71
2017-02-20 02:02:00,1053.52
2017-02-20 03:02:00,1053.5
2017-02-20 04:02:00,1050.61
2017-02-20 05:02:00,1046.22
2017-02-20 06:02:00,1049.84
2017-02-20 07:02:00,1050.45
2017-02-20 08:02:00,1053.5
2017-02-20 09:02:00,1053.39
2017-02-20 10:02:00,1055.72
2017-02-20 11:02:00,1054.29
2017-02-20 12:02:00,1054.17
2017-02-20 13:02:00,1050.12
2017-02-20 14:02:00,1050.77
2017-02-20 15:02:00,1056.73
2017-02-20 16:02:00,1056.56
2017-02-20 17:02:00,1059.68
2017-02-20 18:02:00,1059.26
2017-02-20 19:02:00,1059.6
2017-02-20 20:02:00,1059.69
2017-02-20 21:02:00,1056.4
2017-02-20 22:02:00,1063.64
2017-02-20 23:02:00,1059.99
2017-02-20 24:02:00,1062.36
2017-02-21 01:02:00,1077.34
2017-02-21 02:02:00,1083.66
2017-02-21 03:02:00,1085.07
2017-02-21 04:02:00,1083.11
2017-02-21 05:02:00,1082.35
2017-02-21 06:02:00,1084.21
2017-02-21 07:02:00,1082.88
2017-02-21 08:02:00,1094.8
2017-02-21 09:02:00,1090.22
2017-02-21 10:02:00,1092.57
2017-02-21 11:02:00,1094.78
2017-02-21 12:02:00,1094.51
2017-02-21 13:02:00,1104.96
2017-02-21 14:02:00,1110.21
2017-02-21 15:02:00,1112.67
2017-02-21 16:02:00,1106.37
2017-02-21 17:02:00,1095.86
2017-02-21 18:02:00,1098.6
2017-02-21 19:02:00,1107.6
2017-02-21 20:02:00,1116.54
2017-02-21 21:02:00,1112.69
2017-02-21 22:02:00,1112.69
2017-02-21 23:02:00,1114.79
2017-02-21 24:02:00,1120.18
2017-02-22 01:02:00,1127.37
2017-02-22 02:02:00,1119.37
2017-02-22 03:02:00,1118
2017-02-22 04:02:00,1109.6
2017-02-22 05:02:00,1114.2
2017-02-22 06:02:00,1112.93
2017-02-22 07:02:00,1108.52
2017-02-22 08:02:00,1108.27
2017-02-22 09:02:00,1108.27
2017-02-22 10:02:00,1107.45
2017-02-22 11:02:00,1102.97
2017-02-22 12:02:00,1110.09
2017-02-22 13:02:00,1112.5
2017-02-22 14:02:00,1104.49
2017-02-22 15:02:00,1115.68
2017-02-22 16:02:00,1118.93
2017-02-22 17:02:00,1125.66
2017-02-22 18:02:00,1121.09
2017-02-22 19:02:00,1124.31
2017-02-22 20:02:00,1129.43
2017-02-22 21:02:00,1131.7
2017-02-22 22:02:00,1131.76
2017-02-22 23:02:00,1131.5
2017-02-22 24:02:00,1124.89
2017-02-23 01:02:00,1126.33
2017-02-23 02:02:00,1128.39
2017-02-23 03:02:00,1129.51
2017-02-23 04:02:00,1130.34
2017-02-23 05:02:00,1123.71
2017-02-23 06:02:00,1121.53
2017-02-23 07:02:00,1123.32
2017-02-23 08:02:00,1124.55
2017-02-23 09:02:00,1121.84
2017-02-23 10:02:00,1131.19
2017-02-23 11:02:00,1125.69
2017-02-23 12:02:00,1127.89
2017-02-23 13:02:00,1139.9
2017-02-23 14:02:00,1145.35
2017-02-23 15:02:00,1147.99
2017-02-23 16:02:00,1144.59
2017-02-23 17:02:00,1151.81
2017-02-23 18:02:00,1151.47
2017-02-23 19:02:00,1153.6
2017-02-23 20:02:00,1161.02
2017-02-23 21:02:00,1160.99
2017-02-23 22:02:00,1162.33
2017-02-23 23:02:00,1157.32
2017-02-23 24:02:00,1172.17
2017-02-24 01:02:00,1177.99
2017-02-24 02:02:00,1182.81
2017-02-24 03:02:00,1176.55
2017-02-24 04:02:00,1179.45
2017-02-24 05:02:00,1191
2017-02-24 06:02:00,1205.02
2017-02-24 07:02:00,1201.5
2017-02-24 08:02:00,1202.77
2017-02-24 09:02:00,1146.2
2017-02-24 10:02:00,1161.56
2017-02-24 11:02:00,1176.29
2017-02-24 12:02:00,1171.75
2017-02-24 13:02:00,1157.77
2017-02-24 14:02:00,1164.35
2017-02-24 15:02:00,1179.86
2017-02-24 16:02:00,1196.76
2017-02-24 17:02:00,1195.03
2017-02-24 18:02:00,1190.21
2017-02-24 19:02:00,1196.75
2017-02-24 20:02:00,1187.05
2017-02-24 21:02:00,1184.31
2017-02-24 22:02:00,1173.87
2017-02-24 23:02:00,1171.53
2017-02-24 24:02:00,1178.16
2017-02-25 01:02:00,1182.43
2017-02-25 02:02:00,1181.24
2017-02-25 03:02:00,1182.02
2017-02-25 04:02:00,1180.14
2017-02-25 05:02:00,1181.1
2017-02-25 06:02:00,1178.74
2017-02-25 07:02:00,1180.86
2017-02-25 08:02:00,1174.87
2017-02-25 09:02:00,1175.29
2017-02-25 10:02:00,1176.84
2017-02-25 11:02:00,1176.74
2017-02-25 12:02:00,1165.78
2017-02-25 13:02:00,1176.82
2017-02-25 14:02:00,1175.53
2017-02-25 15:02:00,1171.99
2017-02-25 16:02:00,1160.58
2017-02-25 17:02:00,1157.31
2017-02-25 18:02:00,1138.52
2017-02-25 19:02:00,1137.53
2017-02-25 20:02:00,1150.15
2017-02-25 21:02:00,1151.42
2017-02-25 22:02:00,1153.81
2017-02-25 23:02:00,1147.62
2017-02-25 24:02:00,1152.82
2017-02-26 01:02:00,1149.45
2017-02-26 02:02:00,1152.48
2017-02-26 03:02:00,1138.2
2017-02-26 04:02:00,1139.57
2017-02-26 05:02:00,1142.13
2017-02-26 06:02:00,1151.16
2017-02-26 07:02:00,1156.22
2017-02-26 08:02:00,1155.08
2017-02-26 09:02:00,1157.98
2017-02-26 10:02:00,1161.58
2017-02-26 11:02:00,1167.46
2017-02-26 12:02:00,1171.51
2017-02-26 13:02:00,1167.62
2017-02-26 14:02:00,1168.04
2017-02-26 15:02:00,1164.51
2017-02-26 16:02:00,1161.08
2017-02-26 17:02:00,1172.1
2017-02-26 18:02:00,1174.26
2017-02-26 19:02:00,1176.05
2017-02-26 20:02:00,1174.23
2017-02-26 21:02:00,1169.98
2017-02-26 22:02:00,1168.1
2017-02-26 23:02:00,1167.27
2017-02-26 24:02:00,1174.59
2017-02-27 01:02:00,1177.31
2017-02-27 02:02:00,1184.99
2017-02-27 03:02:00,1188.9
2017-02-27 04:02:00,1185.98
2017-02-27 05:02:00,1182
2017-02-27 06:02:00,1182.67
2017-02-27 07:02:00,1176.86
2017-02-27 08:02:00,1177.6
2017-02-27 09:02:00,1177.73
2017-02-27 10:02:00,1174.46
2017-02-27 11:02:00,1179.4
2017-02-27 12:02:00,1178.55
2017-02-27 13:02:00,1173.84
2017-02-27 14:02:00,1175.74
2017-02-27 15:02:00,1176.91
2017-02-27 16:02:00,1180.48
2017-02-27 17:02:00,1181.18
2017-02-27 18:02:00,1190.68
2017-02-27 19:02:00,1193.75
2017-02-27 20:02:00,1192.5
2017-02-27 21:02:00,1192.39
2017-02-27 22:02:00,1190.45
2017-02-27 23:02:00,1189.98
2017-02-27 24:02:00,1192.73
2017-02-28 01:02:00,1192.27
2017-02-28 02:02:00,1198.8
2017-02-28 03:02:00,1204.29
2017-02-28 04:02:00,1205.61
2017-02-28 05:02:00,1195.57
2017-02-28 06:02:00,1191.42
2017-02-28 07:02:00,1195.84
2017-02-28 08:02:00,1196.8
2017-02-28 09:02:00,1192.26
2017-02-28 10:02:00,1189.7
2017-02-28 11:02:00,1188.84
2017-02-28 12:02:00,1189.66
2017-02-28 13:02:00,1186.72
2017-02-28 14:02:00,1182.83
2017-02-28 15:02:00,1186.43
2017-02-28 16:02:00,1182.54
2017-02-28 17:02:00,1186.84
2017-02-28 18:02:00,1189.31
2017-02-28 19:02:00,1190.34
2017-02-28 20:02:00,1195.14
2017-02-28 21:02:00,1196.2
2017-02-28 22:02:00,1191.82
2017-02-28 23:02:00,1194.63
2017-02-28 24:02:00,1191.9
2017-03-01 01:03:00,1188.63
2017-03-01 02:03:00,1188.19
2017-03-01 03:03:00,1191.7
2017-03-01 04:03:00,1192.74
2017-03-01 05:03:00,1195.61
2017-03-01 06:03:00,1194.71
2017-03-01 07:03:00,1193.07
2017-03-01 08:03:00,1188.78
2017-03-01 09:03:00,1191.26
2017-03-01 10:03:00,1186.93
2017-03-01 11:03:00,1187.54
2017-03-01 12:03:00,1191.76
2017-03-01 13:03:00,1197.74
2017-03-01 14:03:00,1202.68
2017-03-01 15:03:00,1216.08
2017-03-01 16:03:00,1218.9
2017-03-01 17:03:00,1222.4
2017-03-01 18:03:00,1217.19
2017-03-01 19:03:00,1221.61
2017-03-01 20:03:00,1221.76
2017-03-01 21:03:00,1220.47
2017-03-01 22:03:00,1223.8
2017-03-01 23:03:00,1221.83
2017-03-01 24:03:00,1220.66
2017-03-02 01:03:00,1226
2017-03-02 02:03:00,1228.31
2017-03-02 03:03:00,1228.85
2017-03-02 04:03:00,1228.54
2017-03-02 05:03:00,1222.56
2017-03-02 06:03:00,1219.07
2017-03-02 07:03:00,1219.56
2017-03-02 08:03:00,1217.52
2017-03-02 09:03:00,1221.9
2017-03-02 10:03:00,1222.64
2017-03-02 11:03:00,1225.11
2017-03-02 12:03:00,1227.11
2017-03-02 13:03:00,1227.46
2017-03-02 14:03:00,1229.62
2017-03-02 15:03:00,1233.25
2017-03-02 16:03:00,1234.05
2017-03-02 17:03:00,1248.74
2017-03-02 18:03:00,1252.91
2017-03-02 19:03:00,1274.53
2017-03-02 20:03:00,1268.79
2017-03-02 21:03:00,1264.34
2017-03-02 22:03:00,1260.25
2017-03-02 23:03:00,1256.48
2017-03-02 24:03:00,1255.39
2017-03-03 01:03:00,1257.97
2017-03-03 02:03:00,1260.15
2017-03-03 03:03:00,1268.67
2017-03-03 04:03:00,1267.74
2017-03-03 05:03:00,1266
2017-03-03 06:03:00,1265.11
2017-03-03 07:03:00,1261.08
2017-03-03 08:03:00,1260.02
2017-03-03 09:03:00,1267.51
2017-03-03 10:03:00,1274.83
2017-03-03 11:03:00,1276.01
2017-03-03 12:03:00,1283.12
2017-03-03 13:03:00,1282.1
2017-03-03 14:03:00,1285.05
2017-03-03 15:03:00,1277.99
2017-03-03 16:03:00,1284.43
2017-03-03 17:03:00,1278.2
2017-03-03 18:03:00,1275.12
2017-03-03 19:03:00,1267.43
2017-03-03 20:03:00,1269.9
2017-03-03 21:03:00,1269.96
2017-03-03 22:03:00,1284.81
2017-03-03 23:03:00,1273.68
2017-03-03 24:03:00,1279.56
2017-03-04 01:03:00,1284.33
2017-03-04 02:03:00,1285.25
2017-03-04 03:03:00,1285.13
2017-03-04 04:03:00,1282.34
2017-03-04 05:03:00,1285.28
2017-03-04 06:03:00,1281.62
2017-03-04 07:03:00,1285.64
2017-03-04 08:03:00,1283.24
2017-03-04 09:03:00,1280.25
2017-03-04 10:03:00,1281.78
2017-03-04 11:03:00,1274.72
2017-03-04 12:03:00,1274.11
2017-03-04 13:03:00,1276.51
2017-03-04 14:03:00,1270.3
2017-03-04 15:03:00,1275.38
2017-03-04 16:03:00,1270.24
2017-03-04 17:03:00,1259.5
2017-03-04 18:03:00,1248.4
2017-03-04 19:03:00,1257.05
2017-03-04 20:03:00,1260.28
2017-03-04 21:03:00,1262.36
2017-03-04 22:03:00,1262.18
2017-03-04 23:03:00,1262.51
2017-03-04 24:03:00,1265.71
2017-03-05 01:03:00,1266.99
2017-03-05 02:03:00,1264.17
2017-03-05 03:03:00,1265.65
2017-03-05 04:03:00,1267.6
2017-03-05 05:03:00,1264.63
2017-03-05 06:03:00,1259.8
2017-03-05 07:03:00,1257.83
2017-03-05 08:03:00,1258.65
2017-03-05 09:03:00,1250.09
2017-03-05 10:03:00,1251.43
2017-03-05 11:03:00,1252.29
2017-03-05 12:03:00,1254.05
2017-03-05 13:03:00,1250.09
2017-03-05 14:03:00,1257.14
2017-03-05 15:03:00,1263.5
2017-03-05 16:03:00,1261.61
2017-03-05 17:03:00,1269.02
2017-03-05 18:03:00,1267.03
2017-03-05 19:03:00,1270.89
2017-03-05 20:03:00,1270.67
2017-03-05 21:03:00,1269.93
2017-03-05 22:03:00,1271.24
2017-03-05 23:03:00,1270.41
2017-03-05 24:03:00,1272.74
2017-03-06 01:03:00,1275.59
2017-03-06 02:03:00,1276.13
2017-03-06 03:03:00,1276.85
2017-03-06 04:03:00,1276.18
2017-03-06 05:03:00,1274.11
2017-03-06 06:03:00,1268.59
2017-03-06 07:03:00,1275.64
2017-03-06 08:03:00,1272.6
2017-03-06 09:03:00,1273.72
2017-03-06 10:03:00,1277.6
2017-03-06 11:03:00,1274.94
2017-03-06 12:03:00,1273.51
2017-03-06 13:03:00,1277.45
2017-03-06 14:03:00,1275.71
2017-03-06 15:03:00,1276.96
2017-03-06 16:03:00,1276.91
2017-03-06 17:03:00,1276.07
2017-03-06 18:03:00,1274.33
2017-03-06 19:03:00,1276.54
2017-03-06 20:03:00,1275.23
2017-03-06 21:03:00,1275.15
2017-03-06 22:03:00,1276.38
2017-03-06 23:03:00,1280.36
2017-03-06 24:03:00,1278.68
2017-03-07 01:03:00,1282.6
2017-03-07 02:03:00,1281.98
2017-03-07 03:03:00,1279.2
2017-03-07 04:03:00,1282.48
2017-03-07 05:03:00,1280.68
2017-03-07 06:03:00,1268.58
2017-03-07 07:03:00,1269.79
2017-03-07 08:03:00,1268.94
2017-03-07 09:03:00,1269.44
2017-03-07 10:03:00,1267.09
2017-03-07 11:03:00,1251.73
2017-03-07 12:03:00,1246.34
2017-03-07 13:03:00,1209.65
2017-03-07 14:03:00,1215.48
2017-03-07 15:03:00,1234.12
2017-03-07 16:03:00,1232.5
2017-03-07 17:03:00,1229.17
2017-03-07 18:03:00,1244.61
2017-03-07 19:03:00,1253.57
2017-03-07 20:03:00,1248.47
2017-03-07 21:03:00,1250.56
2017-03-07 22:03:00,1245.13
2017-03-07 23:03:00,1246.32
2017-03-07 24:03:00,1238.4
2017-03-08 01:03:00,1235.81
2017-03-08 02:03:00,1233.37
2017-03-08 03:03:00,1238.87
2017-03-08 04:03:00,1238.73
2017-03-08 05:03:00,1217.98
2017-03-08 06:03:00,1198.74
2017-03-08 07:03:00,1183.64
2017-03-08 08:03:00,1185.93
2017-03-08 09:03:00,1174.62
2017-03-08 10:03:00,1197.53
2017-03-08 11:03:00,1207.8
2017-03-08 12:03:00,1218.37
2017-03-08 13:03:00,1214.71
2017-03-08 14:03:00,1209.47
2017-03-08 15:03:00,1206.83
2017-03-08 16:03:00,1197.17
2017-03-08 17:03:00,1185.43
2017-03-08 18:03:00,1188.44
2017-03-08 19:03:00,1187.52
2017-03-08 20:03:00,1190.44
2017-03-08 21:03:00,1182.05
2017-03-08 22:03:00,1164.93
2017-03-08 23:03:00,1165.11
2017-03-08 24:03:00,1156.29
2017-03-09 01:03:00,1152.37
2017-03-09 02:03:00,1146.1
2017-03-09 03:03:00,1141.9
2017-03-09 04:03:00,1152.94
2017-03-09 05:03:00,1156.91
2017-03-09 06:03:00,1152.33
2017-03-09 07:03:00,1154.25
2017-03-09 08:03:00,1169.35
2017-03-09 09:03:00,1172.79
2017-03-09 10:03:00,1180.77
2017-03-09 11:03:00,1180.83
2017-03-09 12:03:00,1174.49
2017-03-09 13:03:00,1163.51
2017-03-09 14:03:00,1176.05
2017-03-09 15:03:00,1178.44
2017-03-09 16:03:00,1178.22
2017-03-09 17:03:00,1186.71
2017-03-09 18:03:00,1196.15
2017-03-09 19:03:00,1199.2
2017-03-09 20:03:00,1198.76
2017-03-09 21:03:00,1200.5
2017-03-09 22:03:00,1196.92
2017-03-09 23:03:00,1199.69
2017-03-09 24:03:00,1195.45
2017-03-10 01:03:00,1193.08
2017-03-10 02:03:00,1200.65
2017-03-10 03:03:00,1203.81
2017-03-10 04:03:00,1201.07
2017-03-10 05:03:00,1200.65
2017-03-10 06:03:00,1199.66
2017-03-10 07:03:00,1198.97
2017-03-10 08:03:00,1190.52
2017-03-10 09:03:00,1182.08
2017-03-10 10:03:00,1189.97
2017-03-10 11:03:00,1192.22
2017-03-10 12:03:00,1196.9
2017-03-10 13:03:00,1201.5
2017-03-10 14:03:00,1200.84
2017-03-10 15:03:00,1259.67
2017-03-10 16:03:00,1268.32
2017-03-10 17:03:00,1244.77
2017-03-10 18:03:00,1244.66
2017-03-10 19:03:00,1251.32
2017-03-10 20:03:00,1238.44
2017-03-10 21:03:00,1258.29
2017-03-10 22:03:00,1271.27
2017-03-10 23:03:00,1092.52
2017-03-10 24:03:00,1103.6
2017-03-11 01:03:00,1090.36
2017-03-11 02:03:00,1121.77
2017-03-11 03:03:00,1134.82
2017-03-11 04:03:00,1142.97
2017-03-11 05:03:00,1144.14
2017-03-11 06:03:00,1150.37
2017-03-11 07:03:00,1148.64
2017-03-11 08:03:00,1152.25
2017-03-11 09:03:00,1170.39
2017-03-11 10:03:00,1186.91
2017-03-11 11:03:00,1182.59
2017-03-11 12:03:00,1179.79
2017-03-11 13:03:00,1184.61
2017-03-11 14:03:00,1187.18
2017-03-11 15:03:00,1188.38
2017-03-11 16:03:00,1184.78
2017-03-11 17:03:00,1182.02
2017-03-11 18:03:00,1184.35
2017-03-11 19:03:00,1184.83
2017-03-11 20:03:00,1179.67
2017-03-11 21:03:00,1178.53
2017-03-11 22:03:00,1168.18
2017-03-11 23:03:00,1163.34
2017-03-11 24:03:00,1173.18
2017-03-12 01:03:00,1176.53
2017-03-12 02:03:00,1174.54
2017-03-12 03:03:00,1182.12
2017-03-12 04:03:00,1181.99
2017-03-12 05:03:00,1178.67
2017-03-12 06:03:00,1181.12
2017-03-12 07:03:00,1180.64
2017-03-12 08:03:00,1178.28
2017-03-12 09:03:00,1172.13
2017-03-12 10:03:00,1176.09
2017-03-12 11:03:00,1178
2017-03-12 12:03:00,1177.96
2017-03-12 13:03:00,1174.84
2017-03-12 14:03:00,1177.33
2017-03-12 15:03:00,1178.94
2017-03-12 16:03:00,1195.03
2017-03-12 17:03:00,1210.13
2017-03-12 18:03:00,1220.27
2017-03-12 19:03:00,1221.26
2017-03-12 20:03:00,1228.39
2017-03-12 21:03:00,1230.42
2017-03-12 22:03:00,1223.12
2017-03-12 23:03:00,1223.21
2017-03-12 24:03:00,1226.96
2017-03-13 01:03:00,1226.67
2017-03-13 02:03:00,1223.64
2017-03-13 03:03:00,1225.97
2017-03-13 04:03:00,1224.42
2017-03-13 05:03:00,1228.67
2017-03-13 06:03:00,1235.59
2017-03-13 07:03:00,1226.15
2017-03-13 08:03:00,1218.98
2017-03-13 09:03:00,1218.36
2017-03-13 10:03:00,1221.77
2017-03-13 11:03:00,1224.68
2017-03-13 12:03:00,1226.37
2017-03-13 13:03:00,1231.83
2017-03-13 14:03:00,1237.7
2017-03-13 15:03:00,1237.48
2017-03-13 16:03:00,1227.65
2017-03-13 17:03:00,1228.62
2017-03-13 18:03:00,1234.08
2017-03-13 19:03:00,1234.37
2017-03-13 20:03:00,1233.07
2017-03-13 21:03:00,1233.26
2017-03-13 22:03:00,1238.04
2017-03-13 23:03:00,1239.07
2017-03-13 24:03:00,1239.66
2017-03-14 01:03:00,1239.84
2017-03-14 02:03:00,1240.05
2017-03-14 03:03:00,1238.37
2017-03-14 04:03:00,1239.34
2017-03-14 05:03:00,1239.04
2017-03-14 06:03:00,1237.55
2017-03-14 07:03:00,1232.95
2017-03-14 08:03:00,1227.8
2017-03-14 09:03:00,1226.48
2017-03-14 10:03:00,1230.46
2017-03-14 11:03:00,1230.87
2017-03-14 12:03:00,1230.82
2017-03-14 13:03:00,1237.9
2017-03-14 14:03:00,1240.18
2017-03-14 15:03:00,1244.1
2017-03-14 16:03:00,1251.01
2017-03-14 17:03:00,1250.15
2017-03-14 18:03:00,1250.19
2017-03-14 19:03:00,1247.99
2017-03-14 20:03:00,1241.54
2017-03-14 21:03:00,1243.8
2017-03-14 22:03:00,1243.94
2017-03-14 23:03:00,1248.7
2017-03-14 24:03:00,1243.78
2017-03-15 01:03:00,1245.25
2017-03-15 02:03:00,1246.03
2017-03-15 03:03:00,1247.2
2017-03-15 04:03:00,1248.66
2017-03-15 05:03:00,1249.18
2017-03-15 06:03:00,1246.41
2017-03-15 07:03:00,1242.65
2017-03-15 08:03:00,1241.01
2017-03-15 09:03:00,1251.63
2017-03-15 10:03:00,1248.15
2017-03-15 11:03:00,1247.21
2017-03-15 12:03:00,1247.47
2017-03-15 13:03:00,1248.48
2017-03-15 14:03:00,1253.87
2017-03-15 15:03:00,1251.87
2017-03-15 16:03:00,1248.89
2017-03-15 17:03:00,1251.89
2017-03-15 18:03:00,1247.71
2017-03-15 19:03:00,1248.62
2017-03-15 20:03:00,1249.67
2017-03-15 21:03:00,1247.95
2017-03-15 22:03:00,1249.74
2017-03-15 23:03:00,1251.63
2017-03-15 24:03:00,1255.03
2017-03-16 01:03:00,1256.15
2017-03-16 02:03:00,1304.78
2017-03-16 03:03:00,1258.23
2017-03-16 04:03:00,1252.93
2017-03-16 05:03:00,1245.82
2017-03-16 06:03:00,1240.19
2017-03-16 07:03:00,1226.11
2017-03-16 08:03:00,1228.86
2017-03-16 09:03:00,1232.55
2017-03-16 10:03:00,1225.16
2017-03-16 11:03:00,1220.4
2017-03-16 12:03:00,1222.86
2017-03-16 13:03:00,1225.25
2017-03-16 14:03:00,1218.55
2017-03-16 15:03:00,1212.17
2017-03-16 16:03:00,1217.26
2017-03-16 17:03:00,1215.2
2017-03-16 18:03:00,1215.45
2017-03-16 19:03:00,1218.45
2017-03-16 20:03:00,1215.63
2017-03-16 21:03:00,1194.28
2017-03-16 22:03:00,1167.48
2017-03-16 23:03:00,1146.56
2017-03-16 24:03:00,1169.21
2017-03-17 01:03:00,1182.13
2017-03-17 02:03:00,1163
2017-03-17 03:03:00,1164.85
2017-03-17 04:03:00,1149.41
2017-03-17 05:03:00,1123.32
2017-03-17 06:03:00,1123.96
2017-03-17 07:03:00,1132.05
2017-03-17 08:03:00,1113.05
2017-03-17 09:03:00,1109.61
2017-03-17 10:03:00,1117.97
2017-03-17 11:03:00,1108.13
2017-03-17 12:03:00,1117.66
2017-03-17 13:03:00,1132.68
2017-03-17 14:03:00,1144.19
2017-03-17 15:03:00,1146.5
2017-03-17 16:03:00,1154.48
2017-03-17 17:03:00,1156.66
2017-03-17 18:03:00,1155.7
2017-03-17 19:03:00,1146.07
2017-03-17 20:03:00,1123.74
2017-03-17 21:03:00,1124.76
2017-03-17 22:03:00,1116.13
2017-03-17 23:03:00,1096.32
2017-03-17 24:03:00,1088.06
2017-03-18 01:03:00,1074.63
2017-03-18 02:03:00,1083.35
2017-03-18 03:03:00,1090.66
2017-03-18 04:03:00,1069.79
2017-03-18 05:03:00,1063.89
2017-03-18 06:03:00,1072.48
2017-03-18 07:03:00,1064.67
2017-03-18 08:03:00,1069.82
2017-03-18 09:03:00,1075.36
2017-03-18 10:03:00,1071.52
2017-03-18 11:03:00,1082.4
2017-03-18 12:03:00,1096.01
2017-03-18 13:03:00,1089.05
2017-03-18 14:03:00,1074.72
2017-03-18 15:03:00,1038.21
2017-03-18 16:03:00,1009.82
2017-03-18 17:03:00,973.93
2017-03-18 18:03:00,986.79
2017-03-18 19:03:00,1003.28
2017-03-18 20:03:00,991.31
2017-03-18 21:03:00,985.33
2017-03-18 22:03:00,961.47
2017-03-18 23:03:00,957.06
2017-03-18 24:03:00,959.03
2017-03-19 01:03:00,958.5
2017-03-19 02:03:00,981.43
2017-03-19 03:03:00,997.65
2017-03-19 04:03:00,1006.63
2017-03-19 05:03:00,1006.66
2017-03-19 06:03:00,993.92
2017-03-19 07:03:00,1003.23
2017-03-19 08:03:00,1001.09
2017-03-19 09:03:00,1006.14
2017-03-19 10:03:00,1007.14
2017-03-19 11:03:00,986.63
2017-03-19 12:03:00,983.89
2017-03-19 13:03:00,995.2
2017-03-19 14:03:00,999.15
2017-03-19 15:03:00,990.28
2017-03-19 16:03:00,993.99
2017-03-19 17:03:00,1016.12
2017-03-19 18:03:00,1041.88
2017-03-19 19:03:00,1038.66
2017-03-19 20:03:00,1043.75
2017-03-19 21:03:00,1053.94
2017-03-19 22:03:00,1047.74
2017-03-19 23:03:00,1044.83
2017-03-19 24:03:00,1034.32
2017-03-20 01:03:00,1027.16
2017-03-20 02:03:00,1023.4
2017-03-20 03:03:00,1027.42
2017-03-20 04:03:00,1038.83
2017-03-20 05:03:00,1042.88
2017-03-20 06:03:00,1039.64
2017-03-20 07:03:00,1040.2
2017-03-20 08:03:00,1023.95
2017-03-20 09:03:00,1022.2
2017-03-20 10:03:00,1024.2
2017-03-20 11:03:00,1026.39
2017-03-20 12:03:00,1038.62
2017-03-20 13:03:00,1044.26
2017-03-20 14:03:00,1049.62
2017-03-20 15:03:00,1052.74
2017-03-20 16:03:00,1044.05
2017-03-20 17:03:00,1045.19
2017-03-20 18:03:00,1048.49
2017-03-20 19:03:00,1048.34
2017-03-20 20:03:00,1047.4
2017-03-20 21:03:00,1031.7
2017-03-20 22:03:00,1038
2017-03-20 23:03:00,1042.54
2017-03-20 24:03:00,1050.28
2017-03-21 01:03:00,1042.38
2017-03-21 02:03:00,1049.14
2017-03-21 03:03:00,1052.92
2017-03-21 04:03:00,1054.59
2017-03-21 05:03:00,1062.75
2017-03-21 06:03:00,1075.96
2017-03-21 07:03:00,1081.9
2017-03-21 08:03:00,1081.77
2017-03-21 09:03:00,1086.46
2017-03-21 10:03:00,1081.46
2017-03-21 11:03:00,1086.33
2017-03-21 12:03:00,1075.29
2017-03-21 13:03:00,1080.16
2017-03-21 14:03:00,1092.11
2017-03-21 15:03:00,1089.29
2017-03-21 16:03:00,1087.96
2017-03-21 17:03:00,1090.77
2017-03-21 18:03:00,1098.01
2017-03-21 19:03:00,1113.45
2017-03-21 20:03:00,1110.69
2017-03-21 21:03:00,1113.04
2017-03-21 22:03:00,1106.63
2017-03-21 23:03:00,1108.82
2017-03-21 24:03:00,1116.5
2017-03-22 01:03:00,1114.79
2017-03-22 02:03:00,1105.28
2017-03-22 03:03:00,1100.37
2017-03-22 04:03:00,1097.39
2017-03-22 05:03:00,1092.34
2017-03-22 06:03:00,1096.01
2017-03-22 07:03:00,1103.98
2017-03-22 08:03:00,1101.54
2017-03-22 09:03:00,1080.76
2017-03-22 10:03:00,1067.5
2017-03-22 11:03:00,1063.35
2017-03-22 12:03:00,1071.11
2017-03-22 13:03:00,1077
2017-03-22 14:03:00,1064.02
2017-03-22 15:03:00,1040.78
2017-03-22 16:03:00,1021.39
2017-03-22 17:03:00,1020.08
2017-03-22 18:03:00,1029.03
2017-03-22 19:03:00,1023.02
2017-03-22 20:03:00,1006.51
2017-03-22 21:03:00,1013.13
2017-03-22 22:03:00,1011.96
2017-03-22 23:03:00,1021.01
2017-03-22 24:03:00,1020.18
2017-03-23 01:03:00,1039.58
2017-03-23 02:03:00,1043.83
2017-03-23 03:03:00,1030.58
2017-03-23 04:03:00,1036.74
2017-03-23 05:03:00,1036.96
2017-03-23 06:03:00,1035.38
2017-03-23 07:03:00,1024.77
2017-03-23 08:03:00,1030.74
2017-03-23 09:03:00,1043.93
2017-03-23 10:03:00,1045.13
2017-03-23 11:03:00,1041.45
2017-03-23 12:03:00,1040.35
2017-03-23 13:03:00,1050.91
2017-03-23 14:03:00,1053.59
2017-03-23 15:03:00,1056.05
2017-03-23 16:03:00,1050.32
2017-03-23 17:03:00,1052.45
2017-03-23 18:03:00,1050.41
2017-03-23 19:03:00,1046.35
2017-03-23 20:03:00,1041.92
2017-03-23 21:03:00,1043.74
2017-03-23 22:03:00,1043.72
2017-03-23 23:03:00,1039.38
2017-03-23 24:03:00,1031.98
2017-03-24 01:03:00,1029.76
2017-03-24 02:03:00,1033.36
2017-03-24 03:03:00,1022.61
2017-03-24 04:03:00,1018.67
2017-03-24 05:03:00,1020.03
2017-03-24 06:03:00,1005.66
2017-03-24 07:03:00,1009.49
2017-03-24 08:03:00,1004.05
2017-03-24 09:03:00,1020.77
2017-03-24 10:03:00,1019.38
2017-03-24 11:03:00,1009.43
2017-03-24 12:03:00,1002.87
2017-03-24 13:03:00,994.07
2017-03-24 14:03:00,984.71
2017-03-24 15:03:00,978.03
2017-03-24 16:03:00,989.58
2017-03-24 17:03:00,996.01
2017-03-24 18:03:00,981.63
2017-03-24 19:03:00,988.23
2017-03-24 20:03:00,983
2017-03-24 21:03:00,972.37
2017-03-24 22:03:00,970.82
2017-03-24 23:03:00,957.43
2017-03-24 24:03:00,942.55
2017-03-25 01:03:00,939.68
2017-03-25 02:03:00,943.76
2017-03-25 03:03:00,937.97
2017-03-25 04:03:00,936.78
2017-03-25 05:03:00,938.47
2017-03-25 06:03:00,912.55
2017-03-25 07:03:00,907.53
2017-03-25 08:03:00,904.15
2017-03-25 09:03:00,925.37
2017-03-25 10:03:00,911.58
2017-03-25 11:03:00,906.96
2017-03-25 12:03:00,915.05
2017-03-25 13:03:00,906.2
2017-03-25 14:03:00,917.86
2017-03-25 15:03:00,939.77
2017-03-25 16:03:00,941.47
2017-03-25 17:03:00,941.37
2017-03-25 18:03:00,932.36
2017-03-25 19:03:00,945.74
2017-03-25 20:03:00,950.4
2017-03-25 21:03:00,948.53
2017-03-25 22:03:00,943.43
2017-03-25 23:03:00,958.94
2017-03-25 24:03:00,957
2017-03-26 01:03:00,970.56
2017-03-26 02:03:00,969.57
2017-03-26 04:03:00,960.82
2017-03-26 05:03:00,961.62
2017-03-26 06:03:00,967.71
2017-03-26 07:03:00,964
2017-03-26 08:03:00,969.84
2017-03-26 09:03:00,967.81
2017-03-26 10:03:00,956.43
2017-03-26 11:03:00,957.99
2017-03-26 12:03:00,964.75
2017-03-26 13:03:00,970.57
2017-03-26 14:03:00,974.16
2017-03-26 15:03:00,979.83
2017-03-26 16:03:00,991.3
2017-03-26 17:03:00,989.71
2017-03-26 18:03:00,997.79
2017-03-26 19:03:00,996.67
2017-03-26 20:03:00,984.64
2017-03-26 21:03:00,983.36
2017-03-26 22:03:00,977.27
2017-03-26 23:03:00,982.48
2017-03-26 24:03:00,960.51
2017-03-27 01:03:00,959.34
2017-03-27 02:03:00,962.9
2017-03-27 03:03:00,964.78
2017-03-27 04:03:00,972.33
2017-03-27 05:03:00,976.15
2017-03-27 06:03:00,970.35
2017-03-27 07:03:00,973.57
2017-03-27 08:03:00,974.37
2017-03-27 09:03:00,973.84
2017-03-27 10:03:00,986.79
2017-03-27 11:03:00,990
2017-03-27 12:03:00,991.62
2017-03-27 13:03:00,990.35
2017-03-27 14:03:00,994.55
2017-03-27 15:03:00,1004.99
2017-03-27 16:03:00,1021.2
2017-03-27 17:03:00,1023.05
2017-03-27 18:03:00,1023.77
2017-03-27 19:03:00,1030.04
2017-03-27 20:03:00,1024.14
2017-03-27 21:03:00,1027.82
2017-03-27 22:03:00,1020.47
2017-03-27 23:03:00,1018.13
2017-03-27 24:03:00,1034.04
2017-03-28 01:03:00,1038.82
2017-03-28 02:03:00,1042.92
2017-03-28 03:03:00,1038.05
2017-03-28 04:03:00,1035.39
2017-03-28 05:03:00,1033.87
2017-03-28 06:03:00,1038.88
2017-03-28 07:03:00,1037.94
2017-03-28 08:03:00,1035.21
2017-03-28 09:03:00,1034.36
2017-03-28 10:03:00,1041.76
2017-03-28 11:03:00,1047.12
2017-03-28 12:03:00,1054.46
2017-03-28 13:03:00,1059.37
2017-03-28 14:03:00,1058.07
2017-03-28 15:03:00,1065.55
2017-03-28 16:03:00,1060.69
2017-03-28 17:03:00,1056.53
2017-03-28 18:03:00,1055
2017-03-28 19:03:00,1055.82
2017-03-28 20:03:00,1051.72
2017-03-28 21:03:00,1039
2017-03-28 22:03:00,1024.44
2017-03-28 23:03:00,1028.48
2017-03-28 24:03:00,1035.78
2017-03-29 01:03:00,1038.95
2017-03-29 02:03:00,1044.91
2017-03-29 03:03:00,1036.64
2017-03-29 04:03:00,1032.6
2017-03-29 05:03:00,1021.04
2017-03-29 06:03:00,1013.46
2017-03-29 07:03:00,1020.69
2017-03-29 08:03:00,1027.97
2017-03-29 09:03:00,1021.64
2017-03-29 10:03:00,1018.19
2017-03-29 11:03:00,1028.39
2017-03-29 12:03:00,1033.19
2017-03-29 13:03:00,1042.01
2017-03-29 14:03:00,1051.03
2017-03-29 15:03:00,1052.16
2017-03-29 16:03:00,1046.23
2017-03-29 17:03:00,1046.41
2017-03-29 18:03:00,1046.22
2017-03-29 19:03:00,1047.39
2017-03-29 20:03:00,1039.03
2017-03-29 21:03:00,1029.56
2017-03-29 22:03:00,1037.11
2017-03-29 23:03:00,1041.16
2017-03-29 24:03:00,1041.14
2017-03-30 01:03:00,1041.28
2017-03-30 02:03:00,1040.46
2017-03-30 03:03:00,1049.16
2017-03-30 04:03:00,1045.45
2017-03-30 05:03:00,1046.23
2017-03-30 06:03:00,1039.77
2017-03-30 07:03:00,1042.72
2017-03-30 08:03:00,1043.47
2017-03-30 09:03:00,1042.95
2017-03-30 10:03:00,1045.93
2017-03-30 11:03:00,1037.15
2017-03-30 12:03:00,1033.37
2017-03-30 13:03:00,1033.71
2017-03-30 14:03:00,1037.14
2017-03-30 15:03:00,1032.32
2017-03-30 16:03:00,1028.57
2017-03-30 17:03:00,1027.43
2017-03-30 18:03:00,1027.86
2017-03-30 19:03:00,1030.95
2017-03-30 20:03:00,1036.27
2017-03-30 21:03:00,1034.01
2017-03-30 22:03:00,1031.1
2017-03-30 23:03:00,1033.03
2017-03-30 24:03:00,1036.08
2017-03-31 01:03:00,1034.93
2017-03-31 02:03:00,1036.68
2017-03-31 03:03:00,1044.89
2017-03-31 04:03:00,1045.83
2017-03-31 05:03:00,1048.25
2017-03-31 06:03:00,1051.21
2017-03-31 07:03:00,1049.37
2017-03-31 08:03:00,1050.44
2017-03-31 09:03:00,1044.1
2017-03-31 10:03:00,1046.46
2017-03-31 11:03:00,1048.64
2017-03-31 12:03:00,1049.4
2017-03-31 13:03:00,1047.89
2017-03-31 14:03:00,1046.51
2017-03-31 15:03:00,1046.73
2017-03-31 16:03:00,1047.1
2017-03-31 17:03:00,1052.03
2017-03-31 18:03:00,1070.79
2017-03-31 19:03:00,1077.46
2017-03-31 20:03:00,1070.82
2017-03-31 21:03:00,1075.05
2017-03-31 22:03:00,1074.28
2017-03-31 23:03:00,1076.95
2017-03-31 24:03:00,1071.63
2017-04-01 01:04:00,1080.74
2017-04-01 02:04:00,1079.16
2017-04-01 03:04:00,1082.99
2017-04-01 04:04:00,1080.13
2017-04-01 05:04:00,1080.75
2017-04-01 06:04:00,1077.27
2017-04-01 07:04:00,1078.19
2017-04-01 08:04:00,1080.02
2017-04-01 09:04:00,1083
2017-04-01 10:04:00,1088.72
2017-04-01 11:04:00,1092.33
2017-04-01 12:04:00,1098.8
2017-04-01 13:04:00,1100.94
2017-04-01 14:04:00,1099.36
2017-04-01 15:04:00,1098.34
2017-04-01 16:04:00,1094.34
2017-04-01 17:04:00,1087.71
2017-04-01 18:04:00,1077.66
2017-04-01 19:04:00,1078.01
2017-04-01 20:04:00,1077.42
2017-04-01 21:04:00,1079.97
2017-04-01 22:04:00,1081.65
2017-04-01 23:04:00,1073.93
2017-04-01 24:04:00,1079.02
2017-04-02 01:04:00,1084.09
2017-04-02 02:04:00,1086.63
2017-04-02 03:04:00,1087.48
2017-04-02 04:04:00,1086.93
2017-04-02 05:04:00,1086.03
2017-04-02 06:04:00,1083.53
2017-04-02 07:04:00,1084.37
2017-04-02 08:04:00,1084.74
2017-04-02 09:04:00,1087.63
2017-04-02 10:04:00,1091.87
2017-04-02 11:04:00,1089.92
2017-04-02 12:04:00,1084.17
2017-04-02 13:04:00,1086.96
2017-04-02 14:04:00,1086.57
2017-04-02 15:04:00,1080.88
2017-04-02 16:04:00,1086.49
2017-04-02 17:04:00,1086.37
2017-04-02 18:04:00,1098.21
2017-04-02 19:04:00,1100.47
2017-04-02 20:04:00,1096.85
2017-04-02 21:04:00,1104.56
2017-04-02 22:04:00,1107.18
2017-04-02 23:04:00,1110.7
2017-04-02 24:04:00,1101.88
2017-04-03 01:04:00,1103.16
2017-04-03 02:04:00,1102.03
2017-04-03 03:04:00,1122.68
2017-04-03 04:04:00,1128.96
2017-04-03 05:04:00,1128.16
2017-04-03 06:04:00,1137.02
2017-04-03 07:04:00,1137.07
2017-04-03 08:04:00,1133.99
2017-04-03 09:04:00,1135.02
2017-04-03 10:04:00,1134.01
2017-04-03 11:04:00,1122.74
2017-04-03 12:04:00,1130.81
2017-04-03 13:04:00,1129.95
2017-04-03 14:04:00,1131.66
2017-04-03 15:04:00,1130.71
2017-04-03 16:04:00,1128.11
2017-04-03 17:04:00,1130.85
2017-04-03 18:04:00,1137.14
2017-04-03 19:04:00,1138.57
2017-04-03 20:04:00,1136.12
2017-04-03 21:04:00,1135.54
2017-04-03 22:04:00,1145.99
2017-04-03 23:04:00,1148.65
2017-04-03 24:04:00,1154.55
2017-04-04 01:04:00,1154.89
2017-04-04 02:04:00,1144.24
2017-04-04 03:04:00,1151.23
2017-04-04 04:04:00,1151.03
2017-04-04 05:04:00,1145.02
2017-04-04 06:04:00,1149.7
2017-04-04 07:04:00,1147.13
2017-04-04 08:04:00,1147.72
2017-04-04 09:04:00,1147.6
2017-04-04 10:04:00,1148.15
2017-04-04 11:04:00,1155.36
2017-04-04 12:04:00,1153.96
2017-04-04 13:04:00,1156.7
2017-04-04 14:04:00,1149.05
2017-04-04 15:04:00,1144.17
2017-04-04 16:04:00,1139.76
2017-04-04 17:04:00,1133.65
2017-04-04 18:04:00,1127.57
2017-04-04 19:04:00,1129.96
2017-04-04 20:04:00,1133.6
2017-04-04 21:04:00,1138.39
2017-04-04 22:04:00,1138.27
2017-04-04 23:04:00,1141.05
2017-04-04 24:04:00,1137.7
2017-04-05 01:04:00,1138.24
2017-04-05 02:04:00,1140.83
2017-04-05 03:04:00,1143.07
2017-04-05 04:04:00,1144.23
2017-04-05 05:04:00,1139.85
2017-04-05 06:04:00,1136.55
2017-04-05 07:04:00,1137.43
2017-04-05 08:04:00,1136.17
2017-04-05 09:04:00,1134.12
2017-04-05 10:04:00,1128.44
2017-04-05 11:04:00,1117.43
2017-04-05 12:04:00,1118.81
2017-04-05 13:04:00,1124.35
2017-04-05 14:04:00,1124.8
2017-04-05 15:04:00,1128.27
2017-04-05 16:04:00,1125.49
2017-04-05 17:04:00,1125.21
2017-04-05 18:04:00,1124.68
2017-04-05 19:04:00,1121.31
2017-04-05 20:04:00,1123.28
2017-04-05 21:04:00,1129.86
2017-04-05 22:04:00,1127.78
2017-04-05 23:04:00,1129.46
2017-04-05 24:04:00,1126.12
2017-04-06 01:04:00,1125.27
2017-04-06 02:04:00,1132.72
2017-04-06 03:04:00,1143.15
2017-04-06 04:04:00,1142.71
2017-04-06 05:04:00,1145.07
2017-04-06 06:04:00,1150.02
2017-04-06 07:04:00,1157.27
2017-04-06 08:04:00,1154.25
2017-04-06 09:04:00,1159.58
2017-04-06 10:04:00,1157.88
2017-04-06 11:04:00,1155.13
2017-04-06 12:04:00,1154.24
2017-04-06 13:04:00,1165.6
2017-04-06 14:04:00,1170.22
2017-04-06 15:04:00,1171.31
2017-04-06 16:04:00,1164.87
2017-04-06 17:04:00,1166.8
2017-04-06 18:04:00,1165.51
2017-04-06 19:04:00,1169.92
2017-04-06 20:04:00,1174.9
2017-04-06 21:04:00,1185.17
2017-04-06 22:04:00,1186.26
2017-04-06 23:04:00,1192.59
2017-04-06 24:04:00,1198.86
2017-04-07 01:04:00,1195.34
2017-04-07 02:04:00,1192.29
2017-04-07 03:04:00,1188.66
2017-04-07 04:04:00,1191.41
2017-04-07 05:04:00,1193.78
2017-04-07 06:04:00,1183.81
2017-04-07 07:04:00,1180.5
2017-04-07 08:04:00,1184.84
2017-04-07 09:04:00,1181.23
2017-04-07 10:04:00,1185.82
2017-04-07 11:04:00,1195.63
2017-04-07 12:04:00,1195.25
2017-04-07 13:04:00,1189.43
2017-04-07 14:04:00,1191.82
2017-04-07 15:04:00,1187.82
2017-04-07 16:04:00,1186.13
2017-04-07 17:04:00,1190.95
2017-04-07 18:04:00,1192.95
2017-04-07 19:04:00,1191.46
2017-04-07 20:04:00,1190.26
2017-04-07 21:04:00,1190.48
2017-04-07 22:04:00,1197.77
2017-04-07 23:04:00,1197.98
2017-04-07 24:04:00,1200.64
2017-04-08 01:04:00,1192.81
2017-04-08 02:04:00,1191.79
2017-04-08 03:04:00,1187.04
2017-04-08 04:04:00,1188.24
2017-04-08 05:04:00,1192.91
2017-04-08 06:04:00,1198.93
2017-04-08 07:04:00,1196.55
2017-04-08 08:04:00,1196.04
2017-04-08 09:04:00,1193.95
2017-04-08 10:04:00,1195
2017-04-08 11:04:00,1194.45
2017-04-08 12:04:00,1197.19
2017-04-08 13:04:00,1190.71
2017-04-08 14:04:00,1189.42
2017-04-08 15:04:00,1192.67
2017-04-08 16:04:00,1190.9
2017-04-08 17:04:00,1189.47
2017-04-08 18:04:00,1186.29
2017-04-08 19:04:00,1186.99
2017-04-08 20:04:00,1189.08
2017-04-08 21:04:00,1178.8
2017-04-08 22:04:00,1178.16
2017-04-08 23:04:00,1179.13
2017-04-08 24:04:00,1178.78
2017-04-09 01:04:00,1177.62
2017-04-09 02:04:00,1185.11
2017-04-09 03:04:00,1187.29
2017-04-09 04:04:00,1185.99
2017-04-09 05:04:00,1187.17
2017-04-09 06:04:00,1189.45
2017-04-09 07:04:00,1189.38
2017-04-09 08:04:00,1186.97
2017-04-09 09:04:00,1188.4
2017-04-09 10:04:00,1187.95
2017-04-09 11:04:00,1187.29
2017-04-09 12:04:00,1186.24
2017-04-09 13:04:00,1185.06
2017-04-09 14:04:00,1182.06
2017-04-09 15:04:00,1186.87
2017-04-09 16:04:00,1190.13
2017-04-09 17:04:00,1192.4
2017-04-09 18:04:00,1199.77
2017-04-09 19:04:00,1211.9
2017-04-09 20:04:00,1215.89
2017-04-09 21:04:00,1212.07
2017-04-09 22:04:00,1214.09
2017-04-09 23:04:00,1214.8
2017-04-09 24:04:00,1211.92
2017-04-10 01:04:00,1212.86
2017-04-10 02:04:00,1212.99
2017-04-10 03:04:00,1211.97
2017-04-10 04:04:00,1208.06
2017-04-10 05:04:00,1212.9
2017-04-10 06:04:00,1215.02
2017-04-10 07:04:00,1213.01
2017-04-10 08:04:00,1210.48
2017-04-10 09:04:00,1209.4
2017-04-10 10:04:00,1209.99
2017-04-10 11:04:00,1207.78
2017-04-10 12:04:00,1217.67
2017-04-10 13:04:00,1218.41
2017-04-10 14:04:00,1212.83
2017-04-10 15:04:00,1212.2
2017-04-10 16:04:00,1213.22
2017-04-10 17:04:00,1212.8
2017-04-10 18:04:00,1213.92
2017-04-10 19:04:00,1214.01
2017-04-10 20:04:00,1210.94
2017-04-10 21:04:00,1210.25
2017-04-10 22:04:00,1208.61
2017-04-10 23:04:00,1206.92
2017-04-10 24:04:00,1205.23
2017-04-11 01:04:00,1205.18
2017-04-11 02:04:00,1211.01
2017-04-11 03:04:00,1213.05
2017-04-11 04:04:00,1213.65
2017-04-11 05:04:00,1212.89
2017-04-11 06:04:00,1206.89
2017-04-11 07:04:00,1204.79
2017-04-11 08:04:00,1204.19
2017-04-11 09:04:00,1203.62
2017-04-11 10:04:00,1205.95
2017-04-11 11:04:00,1205.96
2017-04-11 12:04:00,1204.29
2017-04-11 13:04:00,1207.82
2017-04-11 14:04:00,1206.87
2017-04-11 15:04:00,1217.29
2017-04-11 16:04:00,1214.37
2017-04-11 17:04:00,1217.33
2017-04-11 18:04:00,1223.51
2017-04-11 19:04:00,1229.61
2017-04-11 20:04:00,1230.91
2017-04-11 21:04:00,1227.83
2017-04-11 22:04:00,1225.82
2017-04-11 23:04:00,1222.5
2017-04-11 24:04:00,1233.6
2017-04-12 01:04:00,1229.47
2017-04-12 02:04:00,1230.78
2017-04-12 03:04:00,1228.31
2017-04-12 04:04:00,1226.35
2017-04-12 05:04:00,1229.18
2017-04-12 06:04:00,1227.16
2017-04-12 07:04:00,1226.97
2017-04-12 08:04:00,1222.29
2017-04-12 09:04:00,1217.48
2017-04-12 10:04:00,1218.5
2017-04-12 11:04:00,1221.46
2017-04-12 12:04:00,1223.32
2017-04-12 13:04:00,1220.43
2017-04-12 14:04:00,1215.75
2017-04-12 15:04:00,1221.86
2017-04-12 16:04:00,1224.58
2017-04-12 17:04:00,1222.74
2017-04-12 18:04:00,1221.62
2017-04-12 19:04:00,1219.58
2017-04-12 20:04:00,1219.39
2017-04-12 21:04:00,1222.12
2017-04-12 22:04:00,1225.41
2017-04-12 23:04:00,1219.74
2017-04-12 24:04:00,1219.18
2017-04-13 01:04:00,1216.04
2017-04-13 02:04:00,1217.63
2017-04-13 03:04:00,1222.58
2017-04-13 04:04:00,1223.39
2017-04-13 05:04:00,1224.43
2017-04-13 06:04:00,1219.86
2017-04-13 07:04:00,1221.03
2017-04-13 08:04:00,1219.75
2017-04-13 09:04:00,1190.24
2017-04-13 10:04:00,1193.39
2017-04-13 11:04:00,1194.75
2017-04-13 12:04:00,1193.58
2017-04-13 13:04:00,1192.82
2017-04-13 14:04:00,1195.77
2017-04-13 15:04:00,1198.64
2017-04-13 16:04:00,1195.37
2017-04-13 17:04:00,1183.48
2017-04-13 18:04:00,1180.87
2017-04-13 19:04:00,1179.28
2017-04-13 20:04:00,1163.67
2017-04-13 21:04:00,1167.19
2017-04-13 22:04:00,1174.79
2017-04-13 23:04:00,1172.63
2017-04-13 24:04:00,1179.34
2017-04-14 01:04:00,1182.33
2017-04-14 02:04:00,1178.49
2017-04-14 03:04:00,1181.23
2017-04-14 04:04:00,1186.87
2017-04-14 05:04:00,1190.05
2017-04-14 06:04:00,1188.6
2017-04-14 07:04:00,1190.17
2017-04-14 08:04:00,1191.88
2017-04-14 09:04:00,1197.65
2017-04-14 10:04:00,1193.56
2017-04-14 11:04:00,1186.76
2017-04-14 12:04:00,1171.46
2017-04-14 13:04:00,1173.59
2017-04-14 14:04:00,1173.46
2017-04-14 15:04:00,1171.27
2017-04-14 16:04:00,1185.1
2017-04-14 17:04:00,1195.61
2017-04-14 18:04:00,1197.68
2017-04-14 19:04:00,1200.01
2017-04-14 20:04:00,1197.84
2017-04-14 21:04:00,1196.01
2017-04-14 22:04:00,1193.39
2017-04-14 23:04:00,1189.34
2017-04-14 24:04:00,1197.53
2017-04-15 01:04:00,1191.44
2017-04-15 02:04:00,1196.9
2017-04-15 03:04:00,1194.37
2017-04-15 04:04:00,1190.12
2017-04-15 05:04:00,1189.97
2017-04-15 06:04:00,1190.41
2017-04-15 07:04:00,1192.96
2017-04-15 08:04:00,1197.72
2017-04-15 09:04:00,1193.69
2017-04-15 10:04:00,1195.03
2017-04-15 11:04:00,1193.36
2017-04-15 12:04:00,1190.85
2017-04-15 13:04:00,1189.29
2017-04-15 14:04:00,1197.51
2017-04-15 15:04:00,1190.92
2017-04-15 16:04:00,1194.17
2017-04-15 17:04:00,1200.68
2017-04-15 18:04:00,1200.53
2017-04-15 19:04:00,1202.28
2017-04-15 20:04:00,1199.36
2017-04-15 21:04:00,1194.89
2017-04-15 22:04:00,1199.43
2017-04-15 23:04:00,1197.02
2017-04-15 24:04:00,1200.22
2017-04-16 01:04:00,1191.14
2017-04-16 02:04:00,1171.1
2017-04-16 03:04:00,1186.69
2017-04-16 04:04:00,1192.1
2017-04-16 05:04:00,1192.78
2017-04-16 06:04:00,1193.44
2017-04-16 07:04:00,1193.35
2017-04-16 08:04:00,1198.88
2017-04-16 09:04:00,1197.53
2017-04-16 10:04:00,1196.8
2017-04-16 11:04:00,1195.84
2017-04-16 12:04:00,1198.28
2017-04-16 13:04:00,1197.25
2017-04-16 14:04:00,1196.34
2017-04-16 15:04:00,1181.97
2017-04-16 16:04:00,1175.47
2017-04-16 17:04:00,1183.99
2017-04-16 18:04:00,1173.66
2017-04-16 19:04:00,1195.18
2017-04-16 20:04:00,1193.23
2017-04-16 21:04:00,1202.31
2017-04-16 22:04:00,1198.91
2017-04-16 23:04:00,1202.36
2017-04-16 24:04:00,1195.14
2017-04-17 01:04:00,1193.54
2017-04-17 02:04:00,1183.49
2017-04-17 03:04:00,1184.01
2017-04-17 04:04:00,1190.47
2017-04-17 05:04:00,1189.11
2017-04-17 06:04:00,1184.92
2017-04-17 07:04:00,1188.33
2017-04-17 08:04:00,1193.35
2017-04-17 09:04:00,1186.5
2017-04-17 10:04:00,1189.74
2017-04-17 11:04:00,1190.88
2017-04-17 12:04:00,1190.28
2017-04-17 13:04:00,1198.45
2017-04-17 14:04:00,1198.88
2017-04-17 15:04:00,1187.75
2017-04-17 16:04:00,1192.09
2017-04-17 17:04:00,1191.73
2017-04-17 18:04:00,1212.83
2017-04-17 19:04:00,1216.23
2017-04-17 20:04:00,1208.93
2017-04-17 21:04:00,1217.48
2017-04-17 22:04:00,1216.72
2017-04-17 23:04:00,1218.29
2017-04-17 24:04:00,1211.37
2017-04-18 01:04:00,1216.12
2017-04-18 02:04:00,1219.57
2017-04-18 03:04:00,1224.65
2017-04-18 04:04:00,1217.01
2017-04-18 05:04:00,1230.68
2017-04-18 06:04:00,1229.44
2017-04-18 07:04:00,1235.04
2017-04-18 08:04:00,1234.78
2017-04-18 09:04:00,1228.62
2017-04-18 10:04:00,1241.35
2017-04-18 11:04:00,1230.78
2017-04-18 12:04:00,1233.08
2017-04-18 13:04:00,1227.57
2017-04-18 14:04:00,1217.17
2017-04-18 15:04:00,1245.28
2017-04-18 16:04:00,1236.68
2017-04-18 17:04:00,1225.54
2017-04-18 18:04:00,1235.29
2017-04-18 19:04:00,1231.72
2017-04-18 20:04:00,1229.74
2017-04-18 21:04:00,1242.51
2017-04-18 22:04:00,1228.03
2017-04-18 23:04:00,1215.52
2017-04-18 24:04:00,1219.91
2017-04-19 01:04:00,1221.91
2017-04-19 02:04:00,1220.18
2017-04-19 03:04:00,1219.2
2017-04-19 04:04:00,1233.34
2017-04-19 05:04:00,1230.05
2017-04-19 06:04:00,1233.63
2017-04-19 07:04:00,1229.42
2017-04-19 08:04:00,1220.53
2017-04-19 09:04:00,1229.31
2017-04-19 10:04:00,1229.94
2017-04-19 11:04:00,1226.46
2017-04-19 12:04:00,1217.83
2017-04-19 13:04:00,1226.29
2017-04-19 14:04:00,1212.02
2017-04-19 15:04:00,1218.06
2017-04-19 16:04:00,1213.73
2017-04-19 17:04:00,1216.48
2017-04-19 18:04:00,1221.1
2017-04-19 19:04:00,1219.63
2017-04-19 20:04:00,1223.79
2017-04-19 21:04:00,1225.22
2017-04-19 22:04:00,1227.91
2017-04-19 23:04:00,1214.76
2017-04-19 24:04:00,1213.65
2017-04-20 01:04:00,1223.22
2017-04-20 02:04:00,1241.09
2017-04-20 03:04:00,1229.8
2017-04-20 04:04:00,1234.51
2017-04-20 05:04:00,1227.61
2017-04-20 06:04:00,1225.36
2017-04-20 07:04:00,1233.96
2017-04-20 08:04:00,1233.58
2017-04-20 09:04:00,1240.53
2017-04-20 10:04:00,1226.44
2017-04-20 11:04:00,1242.61
2017-04-20 12:04:00,1233.55
2017-04-20 13:04:00,1246.25
2017-04-20 14:04:00,1235.51
2017-04-20 15:04:00,1240.49
2017-04-20 16:04:00,1248.66
2017-04-20 17:04:00,1244.47
2017-04-20 18:04:00,1260.82
2017-04-20 19:04:00,1273.35
2017-04-20 20:04:00,1278.61
2017-04-20 21:04:00,1263.94
2017-04-20 22:04:00,1263.61
2017-04-20 23:04:00,1248.79
2017-04-20 24:04:00,1268.84
2017-04-21 01:04:00,1256.09
2017-04-21 02:04:00,1262.12
2017-04-21 03:04:00,1269.89
2017-04-21 04:04:00,1260.67
2017-04-21 05:04:00,1269.64
2017-04-21 06:04:00,1281.46
2017-04-21 07:04:00,1275.42
2017-04-21 08:04:00,1282.11
2017-04-21 09:04:00,1272
2017-04-21 10:04:00,1266.35
2017-04-21 11:04:00,1264.58
2017-04-21 12:04:00,1272.54
2017-04-21 13:04:00,1269.46
2017-04-21 14:04:00,1275.82
2017-04-21 15:04:00,1271.26
2017-04-21 16:04:00,1275.06
2017-04-21 17:04:00,1273.52
2017-04-21 18:04:00,1265.79
2017-04-21 19:04:00,1272.81
2017-04-21 20:04:00,1269.92
2017-04-21 21:04:00,1257.61
2017-04-21 22:04:00,1261.06
2017-04-21 23:04:00,1254.04
2017-04-21 24:04:00,1277.48
2017-04-22 01:04:00,1264.02
2017-04-22 02:04:00,1266.09
2017-04-22 03:04:00,1277.49
2017-04-22 04:04:00,1272.4
2017-04-22 05:04:00,1275.79
2017-04-22 06:04:00,1275.58
2017-04-22 07:04:00,1279.29
2017-04-22 08:04:00,1285.78
2017-04-22 09:04:00,1275.3
2017-04-22 10:04:00,1275.02
2017-04-22 11:04:00,1260.86
2017-04-22 12:04:00,1262.94
2017-04-22 13:04:00,1265.73
2017-04-22 14:04:00,1264.51
2017-04-22 15:04:00,1275.47
2017-04-22 16:04:00,1250.68
2017-04-22 17:04:00,1259.62
2017-04-22 18:04:00,1254.91
2017-04-22 19:04:00,1261.76
2017-04-22 20:04:00,1269.15
2017-04-22 21:04:00,1259.54
2017-04-22 22:04:00,1297.76
2017-04-22 23:04:00,1265.76
2017-04-22 24:04:00,1306
2017-04-23 01:04:00,1302.28
2017-04-23 02:04:00,1261.4
2017-04-23 03:04:00,1273.63
2017-04-23 04:04:00,1289.29
2017-04-23 05:04:00,1262.48
2017-04-23 06:04:00,1270.65
2017-04-23 07:04:00,1260.25
2017-04-23 08:04:00,1258.42
2017-04-23 09:04:00,1271.7
2017-04-23 10:04:00,1262.05
2017-04-23 11:04:00,1271.13
2017-04-23 12:04:00,1284.41
2017-04-23 13:04:00,1276.49
2017-04-23 14:04:00,1282.73
2017-04-23 15:04:00,1267.23
2017-04-23 16:04:00,1266.97
2017-04-23 17:04:00,1274.3
2017-04-23 18:04:00,1296.88
2017-04-23 19:04:00,1280.36
2017-04-23 20:04:00,1269.26
2017-04-23 21:04:00,1259.94
2017-04-23 22:04:00,1258.31
2017-04-23 23:04:00,1264.62
2017-04-23 24:04:00,1272.16
2017-04-24 01:04:00,1274.42
2017-04-24 02:04:00,1285.61
2017-04-24 03:04:00,1299.18
2017-04-24 04:04:00,1285.06
2017-04-24 05:04:00,1270.28
2017-04-24 06:04:00,1283.95
2017-04-24 07:04:00,1274.49
2017-04-24 08:04:00,1275.54
2017-04-24 09:04:00,1294.63
2017-04-24 10:04:00,1308.28
2017-04-24 11:04:00,1295.19
2017-04-24 12:04:00,1282.14
2017-04-24 13:04:00,1265.49
2017-04-24 14:04:00,1261.3
2017-04-24 15:04:00,1278.32
2017-04-24 16:04:00,1270.52
2017-04-24 17:04:00,1263.17
2017-04-24 18:04:00,1261.05
2017-04-24 19:04:00,1265.35
2017-04-24 20:04:00,1271.26
2017-04-24 21:04:00,1275.4
2017-04-24 22:04:00,1284.33
2017-04-24 23:04:00,1272.22
2017-04-24 24:04:00,1261.54
2017-04-25 01:04:00,1271.73
2017-04-25 02:04:00,1276.19
2017-04-25 03:04:00,1286.59
2017-04-25 04:04:00,1280.45
2017-04-25 05:04:00,1270.81
2017-04-25 06:04:00,1286.13
2017-04-25 07:04:00,1279.89
2017-04-25 08:04:00,1271.54
2017-04-25 09:04:00,1260.64
2017-04-25 10:04:00,1309.45
2017-04-25 11:04:00,1285.65
2017-04-25 12:04:00,1304.9
2017-04-25 13:04:00,1294.29
2017-04-25 14:04:00,1286.94
2017-04-25 15:04:00,1285.08
2017-04-25 16:04:00,1281.58
2017-04-25 17:04:00,1278.83
2017-04-25 18:04:00,1290.89
2017-04-25 19:04:00,1302.32
2017-04-25 20:04:00,1304.53
2017-04-25 21:04:00,1286.91
2017-04-25 22:04:00,1291.13
2017-04-25 23:04:00,1289.08
2017-04-25 24:04:00,1301.94
2017-04-26 01:04:00,1296.93
2017-04-26 02:04:00,1288.79
2017-04-26 03:04:00,1308.03
2017-04-26 04:04:00,1296.71
2017-04-26 05:04:00,1296.85
2017-04-26 06:04:00,1298.3
2017-04-26 07:04:00,1299.78
2017-04-26 08:04:00,1298.76
2017-04-26 09:04:00,1306.23
2017-04-26 10:04:00,1329.71
2017-04-26 11:04:00,1309.56
2017-04-26 12:04:00,1314.95
2017-04-26 13:04:00,1318.98
2017-04-26 14:04:00,1295.38
2017-04-26 15:04:00,1330.19
2017-04-26 16:04:00,1323.17
2017-04-26 17:04:00,1319.56
2017-04-26 18:04:00,1309.97
2017-04-26 19:04:00,1335.44
2017-04-26 20:04:00,1330.6
2017-04-26 21:04:00,1328.63
2017-04-26 22:04:00,1338.09
2017-04-26 23:04:00,1308.97
2017-04-26 24:04:00,1316.11
2017-04-27 01:04:00,1325.32
2017-04-27 02:04:00,1321.3
2017-04-27 03:04:00,1336.12
2017-04-27 04:04:00,1320.08
2017-04-27 05:04:00,1311.5
2017-04-27 06:04:00,1314.3
2017-04-27 07:04:00,1324.87
2017-04-27 08:04:00,1329.52
2017-04-27 09:04:00,1324.51
2017-04-27 10:04:00,1326.95
2017-04-27 11:04:00,1345.54
2017-04-27 12:04:00,1331.3
2017-04-27 13:04:00,1330.52
2017-04-27 14:04:00,1329.83
2017-04-27 15:04:00,1347.56
2017-04-27 16:04:00,1344.35
2017-04-27 17:04:00,1360.26
2017-04-27 18:04:00,1358.19
2017-04-27 19:04:00,1344.88
2017-04-27 20:04:00,1362
2017-04-27 21:04:00,1351.59
2017-04-27 22:04:00,1358.93
2017-04-27 23:04:00,1349.13
2017-04-27 24:04:00,1364.08
2017-04-28 01:04:00,1403.81
2017-04-28 02:04:00,1380.36
2017-04-28 03:04:00,1366.72
2017-04-28 04:04:00,1369.41
2017-04-28 05:04:00,1375.24
2017-04-28 06:04:00,1383.01
2017-04-28 07:04:00,1371.98
2017-04-28 08:04:00,1359.49
2017-04-28 09:04:00,1366.28
2017-04-28 10:04:00,1353.63
2017-04-28 11:04:00,1347.17
2017-04-28 12:04:00,1347.18
2017-04-28 13:04:00,1365.21
2017-04-28 14:04:00,1333.89
2017-04-28 15:04:00,1346.63
2017-04-28 16:04:00,1339.03
2017-04-28 17:04:00,1331.71
2017-04-28 18:04:00,1338.83
2017-04-28 19:04:00,1340.79
2017-04-28 20:04:00,1327.48
2017-04-28 21:04:00,1334.18
2017-04-28 22:04:00,1322.87
2017-04-28 23:04:00,1327.78
2017-04-28 24:04:00,1332.63
2017-04-29 01:04:00,1337.78
2017-04-29 02:04:00,1370.9
2017-04-29 03:04:00,1366.84
2017-04-29 04:04:00,1376.26
2017-04-29 05:04:00,1367.39
2017-04-29 06:04:00,1363.2
2017-04-29 07:04:00,1361.66
2017-04-29 08:04:00,1362.7
2017-04-29 09:04:00,1362.3
2017-04-29 10:04:00,1379.89
2017-04-29 11:04:00,1360.08
2017-04-29 12:04:00,1355.74
2017-04-29 13:04:00,1350.98
2017-04-29 14:04:00,1356.99
2017-04-29 15:04:00,1348.99
2017-04-29 16:04:00,1356.02
2017-04-29 17:04:00,1355.88
2017-04-29 18:04:00,1362.48
2017-04-29 19:04:00,1366.71
2017-04-29 20:04:00,1373.35
2017-04-29 21:04:00,1385.48
2017-04-29 22:04:00,1376.7
2017-04-29 23:04:00,1380.33
2017-04-29 24:04:00,1376.22
2017-04-30 01:04:00,1377.8
2017-04-30 02:04:00,1369.11
2017-04-30 03:04:00,1362.7
2017-04-30 04:04:00,1359.68
2017-04-30 05:04:00,1363.11
2017-04-30 06:04:00,1353.64
2017-04-30 07:04:00,1348.23
2017-04-30 08:04:00,1375.72
2017-04-30 09:04:00,1373.21
2017-04-30 10:04:00,1352.65
2017-04-30 11:04:00,1353.26
2017-04-30 12:04:00,1357.79
2017-04-30 13:04:00,1345.7
2017-04-30 14:04:00,1352.39
2017-04-30 15:04:00,1353.09
2017-04-30 16:04:00,1350.62
2017-04-30 17:04:00,1375.92
2017-04-30 18:04:00,1367.09
2017-04-30 19:04:00,1368.21
2017-04-30 20:04:00,1368.11
2017-04-30 21:04:00,1361.1
2017-04-30 22:04:00,1365.24
2017-04-30 23:04:00,1365.43
2017-04-30 24:04:00,1375.56
2017-05-01 01:05:00,1378.79
2017-05-01 02:05:00,1389.08
2017-05-01 03:05:00,1384.34
2017-05-01 04:05:00,1386.81
2017-05-01 05:05:00,1396.21
2017-05-01 06:05:00,1403.41
2017-05-01 07:05:00,1415.5
2017-05-01 08:05:00,1408.12
2017-05-01 09:05:00,1413.38
2017-05-01 10:05:00,1397.56
2017-05-01 11:05:00,1406.28
2017-05-01 12:05:00,1398.39
2017-05-01 13:05:00,1404.15
2017-05-01 14:05:00,1397.4
2017-05-01 15:05:00,1401.16
2017-05-01 16:05:00,1436.24
2017-05-01 17:05:00,1449.53
2017-05-01 18:05:00,1450.27
2017-05-01 19:05:00,1450.27
2017-05-01 20:05:00,1474.1
2017-05-01 21:05:00,1455.44
2017-05-01 22:05:00,1452.03
2017-05-01 23:05:00,1465.34
2017-05-01 24:05:00,1479.91
2017-05-02 01:05:00,1451.99
2017-05-02 02:05:00,1451.96
2017-05-02 03:05:00,1444.34
2017-05-02 04:05:00,1441.63
2017-05-02 05:05:00,1463.58
2017-05-02 06:05:00,1458.02
2017-05-02 07:05:00,1472.82
2017-05-02 08:05:00,1466.61
2017-05-02 09:05:00,1452.54
2017-05-02 10:05:00,1461.63
2017-05-02 11:05:00,1446.77
2017-05-02 12:05:00,1467.25
2017-05-02 13:05:00,1479.87
2017-05-02 14:05:00,1502.54
2017-05-02 15:05:00,1493.03
2017-05-02 16:05:00,1498.31
2017-05-02 17:05:00,1489.11
2017-05-02 18:05:00,1482.29
2017-05-02 19:05:00,1488.31
2017-05-02 20:05:00,1478.77
2017-05-02 21:05:00,1479.43
2017-05-02 22:05:00,1472.58
2017-05-02 23:05:00,1461.73
2017-05-02 24:05:00,1466.05
2017-05-03 01:05:00,1483.05
2017-05-03 02:05:00,1489.38
2017-05-03 03:05:00,1488.81
2017-05-03 04:05:00,1495.58
2017-05-03 05:05:00,1490.72
2017-05-03 06:05:00,1475.11
2017-05-03 07:05:00,1497.27
2017-05-03 08:05:00,1489
2017-05-03 09:05:00,1474.81
2017-05-03 10:05:00,1467.02
2017-05-03 11:05:00,1456.73
2017-05-03 12:05:00,1485.5
2017-05-03 13:05:00,1481.25
2017-05-03 14:05:00,1487.42
2017-05-03 15:05:00,1481.38
2017-05-03 16:05:00,1485.54
2017-05-03 17:05:00,1484.86
2017-05-03 18:05:00,1503.29
2017-05-03 19:05:00,1488.68
2017-05-03 20:05:00,1516.08
2017-05-03 21:05:00,1521.4
2017-05-03 22:05:00,1514.84
2017-05-03 23:05:00,1515.46
2017-05-03 24:05:00,1521.75
2017-05-04 01:05:00,1514.29
2017-05-04 02:05:00,1514.16
2017-05-04 03:05:00,1515.98
2017-05-04 04:05:00,1524.83
2017-05-04 05:05:00,1524.82
2017-05-04 06:05:00,1526.94
2017-05-04 07:05:00,1531.58
2017-05-04 08:05:00,1549.92
2017-05-04 09:05:00,1524.98
2017-05-04 10:05:00,1532.67
2017-05-04 11:05:00,1559.64
2017-05-04 12:05:00,1546.41
2017-05-04 13:05:00,1551.27
2017-05-04 14:05:00,1540.68
2017-05-04 15:05:00,1548.88
2017-05-04 16:05:00,1573.53
2017-05-04 17:05:00,1588.87
2017-05-04 18:05:00,1596.96
2017-05-04 19:05:00,1580.92
2017-05-04 20:05:00,1605.41
2017-05-04 21:05:00,1634.48
2017-05-04 22:05:00,1569.58
2017-05-04 23:05:00,1542.99
2017-05-04 24:05:00,1511.45
2017-05-05 01:05:00,1551.28
2017-05-05 02:05:00,1549.03
2017-05-05 03:05:00,1562.8
2017-05-05 04:05:00,1572.81
2017-05-05 05:05:00,1569.82
2017-05-05 06:05:00,1586.97
2017-05-05 07:05:00,1578.2
2017-05-05 08:05:00,1590.12
2017-05-05 09:05:00,1589.77
2017-05-05 10:05:00,1589.74
2017-05-05 11:05:00,1584.41
2017-05-05 12:05:00,1596.22
2017-05-05 13:05:00,1586.9
2017-05-05 14:05:00,1580.19
2017-05-05 15:05:00,1585.97
2017-05-05 16:05:00,1588.13
2017-05-05 17:05:00,1585.2
2017-05-05 18:05:00,1564.75
2017-05-05 19:05:00,1527.77
2017-05-05 20:05:00,1534.79
2017-05-05 21:05:00,1550.49
2017-05-05 22:05:00,1548.52
2017-05-05 23:05:00,1534.56
2017-05-05 24:05:00,1538.53
2017-05-06 01:05:00,1550.17
2017-05-06 02:05:00,1523.28
2017-05-06 03:05:00,1535.34
2017-05-06 04:05:00,1550.81
2017-05-06 05:05:00,1542.02
2017-05-06 06:05:00,1546.93
2017-05-06 07:05:00,1539.53
2017-05-06 08:05:00,1539.22
2017-05-06 09:05:00,1531.31
2017-05-06 10:05:00,1533.52
2017-05-06 11:05:00,1540.65
2017-05-06 12:05:00,1544.15
2017-05-06 13:05:00,1549.3
2017-05-06 14:05:00,1561.67
2017-05-06 15:05:00,1557.82
2017-05-06 16:05:00,1553.77
2017-05-06 17:05:00,1558.63
2017-05-06 18:05:00,1549.26
2017-05-06 19:05:00,1553.53
2017-05-06 20:05:00,1559.26
2017-05-06 21:05:00,1570.79
2017-05-06 22:05:00,1570.63
2017-05-06 23:05:00,1571.57
2017-05-06 24:05:00,1584.61
2017-05-07 01:05:00,1566.58
2017-05-07 02:05:00,1573.2
2017-05-07 03:05:00,1572.44
2017-05-07 04:05:00,1577.03
2017-05-07 05:05:00,1574.01
2017-05-07 06:05:00,1578.5
2017-05-07 07:05:00,1571.69
2017-05-07 08:05:00,1569.38
2017-05-07 09:05:00,1573.15
2017-05-07 10:05:00,1558.35
2017-05-07 11:05:00,1561.62
2017-05-07 12:05:00,1573.65
2017-05-07 13:05:00,1569.26
2017-05-07 14:05:00,1570.95
2017-05-07 15:05:00,1560.81
2017-05-07 16:05:00,1554.34
2017-05-07 17:05:00,1545.51
2017-05-07 18:05:00,1559.23
2017-05-07 19:05:00,1552.45
2017-05-07 20:05:00,1564.62
2017-05-07 21:05:00,1564.72
2017-05-07 22:05:00,1567.84
2017-05-07 23:05:00,1574.63
2017-05-07 24:05:00,1569.9
2017-05-08 01:05:00,1553.79
2017-05-08 02:05:00,1572.41
2017-05-08 03:05:00,1593.29
2017-05-08 04:05:00,1608.07
2017-05-08 05:05:00,1605.82
2017-05-08 06:05:00,1610.45
2017-05-08 07:05:00,1613.87
2017-05-08 08:05:00,1629.52
2017-05-08 09:05:00,1630.33
2017-05-08 10:05:00,1618.15
2017-05-08 11:05:00,1627.81
2017-05-08 12:05:00,1624.01
2017-05-08 13:05:00,1614.89
2017-05-08 14:05:00,1610.89
2017-05-08 15:05:00,1613.94
2017-05-08 16:05:00,1617.97
2017-05-08 17:05:00,1615.87
2017-05-08 18:05:00,1618.03
2017-05-08 19:05:00,1613.17
2017-05-08 20:05:00,1622.37
2017-05-08 21:05:00,1627.71
2017-05-08 22:05:00,1635.79
2017-05-08 23:05:00,1659.33
2017-05-08 24:05:00,1671.38
2017-05-09 01:05:00,1663.59
2017-05-09 02:05:00,1673.16
2017-05-09 03:05:00,1676.68
2017-05-09 04:05:00,1681.2
2017-05-09 05:05:00,1694.91
2017-05-09 06:05:00,1688.6
2017-05-09 07:05:00,1693.92
2017-05-09 08:05:00,1706.97
2017-05-09 09:05:00,1694.92
2017-05-09 10:05:00,1719.83
2017-05-09 11:05:00,1725.27
2017-05-09 12:05:00,1735.2
2017-05-09 13:05:00,1721.93
2017-05-09 14:05:00,1736.61
2017-05-09 15:05:00,1747.12
2017-05-09 16:05:00,1725.24
2017-05-09 17:05:00,1732.1
2017-05-09 18:05:00,1748
2017-05-09 19:05:00,1735.85
2017-05-09 20:05:00,1747.47
2017-05-09 21:05:00,1768.37
2017-05-09 22:05:00,1768.46
2017-05-09 23:05:00,1733.89
2017-05-09 24:05:00,1707.41
2017-05-10 01:05:00,1714.85
2017-05-10 02:05:00,1704.51
2017-05-10 03:05:00,1717.55
2017-05-10 04:05:00,1723.06
2017-05-10 05:05:00,1722.23
2017-05-10 06:05:00,1714.36
2017-05-10 07:05:00,1704.74
2017-05-10 08:05:00,1721.79
2017-05-10 09:05:00,1709.49
2017-05-10 10:05:00,1722.37
2017-05-10 11:05:00,1736.31
2017-05-10 12:05:00,1717.25
2017-05-10 13:05:00,1707.04
2017-05-10 14:05:00,1724.98
2017-05-10 15:05:00,1739.96
2017-05-10 16:05:00,1761.73
2017-05-10 17:05:00,1770.86
2017-05-10 18:05:00,1781.54
2017-05-10 19:05:00,1761.82
2017-05-10 20:05:00,1761.29
2017-05-10 21:05:00,1754.94
2017-05-10 22:05:00,1760.66
2017-05-10 23:05:00,1766.75
2017-05-10 24:05:00,1755.24
2017-05-11 01:05:00,1761.22
2017-05-11 02:05:00,1774.98
2017-05-11 03:05:00,1762.75
2017-05-11 04:05:00,1752.94
2017-05-11 05:05:00,1757.78
2017-05-11 06:05:00,1745.91
2017-05-11 07:05:00,1781.66
2017-05-11 08:05:00,1814.28
2017-05-11 09:05:00,1818.56
2017-05-11 10:05:00,1839.22
2017-05-11 11:05:00,1863.89
2017-05-11 12:05:00,1851.63
2017-05-11 13:05:00,1844.53
2017-05-11 14:05:00,1847.82
2017-05-11 15:05:00,1812.91
2017-05-11 16:05:00,1842.7
2017-05-11 17:05:00,1838.55
2017-05-11 18:05:00,1850.36
2017-05-11 19:05:00,1851.8
2017-05-11 20:05:00,1850.38
2017-05-11 21:05:00,1846.24
2017-05-11 22:05:00,1818.93
2017-05-11 23:05:00,1819.99
2017-05-11 24:05:00,1817.02
2017-05-12 01:05:00,1828.69
2017-05-12 02:05:00,1837.06
2017-05-12 03:05:00,1823.26
2017-05-12 04:05:00,1825.99
2017-05-12 05:05:00,1820.5
2017-05-12 06:05:00,1796.55
2017-05-12 07:05:00,1780.23
2017-05-12 08:05:00,1761.47
2017-05-12 09:05:00,1790.34
2017-05-12 10:05:00,1780.33
2017-05-12 11:05:00,1750.31
2017-05-12 12:05:00,1809.05
2017-05-12 13:05:00,1816.72
2017-05-12 14:05:00,1811.42
2017-05-12 15:05:00,1780.06
2017-05-12 16:05:00,1787.45
2017-05-12 17:05:00,1776.06
2017-05-12 18:05:00,1789.35
2017-05-12 19:05:00,1765.22
2017-05-12 20:05:00,1769.31
2017-05-12 21:05:00,1765.19
2017-05-12 22:05:00,1702.19
2017-05-12 23:05:00,1699.31
2017-05-12 24:05:00,1705.37
2017-05-13 01:05:00,1727.03
2017-05-13 02:05:00,1716.61
2017-05-13 03:05:00,1685.43
2017-05-13 04:05:00,1657.45
2017-05-13 05:05:00,1634.16
2017-05-13 06:05:00,1655.37
2017-05-13 07:05:00,1668.07
2017-05-13 08:05:00,1689.63
2017-05-13 09:05:00,1699.57
2017-05-13 10:05:00,1685.16
2017-05-13 11:05:00,1706.78
2017-05-13 12:05:00,1720.82
2017-05-13 13:05:00,1729.6
2017-05-13 14:05:00,1740.78
2017-05-13 15:05:00,1729.78
2017-05-13 16:05:00,1723.75
2017-05-13 17:05:00,1712.47
2017-05-13 18:05:00,1706.48
2017-05-13 19:05:00,1715.12
2017-05-13 20:05:00,1737.37
2017-05-13 21:05:00,1739.69
2017-05-13 22:05:00,1732.63
2017-05-13 23:05:00,1750.08
2017-05-13 24:05:00,1778.59
2017-05-14 01:05:00,1782.92
2017-05-14 02:05:00,1783.73
2017-05-14 03:05:00,1795.85
2017-05-14 04:05:00,1805.24
2017-05-14 05:05:00,1792.67
2017-05-14 06:05:00,1788.43
2017-05-14 07:05:00,1793.14
2017-05-14 08:05:00,1797.97
2017-05-14 09:05:00,1781.08
2017-05-14 10:05:00,1803.43
2017-05-14 11:05:00,1804.78
2017-05-14 12:05:00,1821.77
2017-05-14 13:05:00,1810.76
2017-05-14 14:05:00,1796.4
2017-05-14 15:05:00,1789.89
2017-05-14 16:05:00,1799.91
2017-05-14 17:05:00,1794.47
2017-05-14 18:05:00,1791.43
2017-05-14 19:05:00,1777.91
2017-05-14 20:05:00,1773.34
2017-05-14 21:05:00,1777.45
2017-05-14 22:05:00,1763.95
2017-05-14 23:05:00,1789.5
2017-05-14 24:05:00,1796.01
2017-05-15 01:05:00,1795.85
2017-05-15 02:05:00,1795.68
2017-05-15 03:05:00,1801.3
2017-05-15 04:05:00,1796.41
2017-05-15 05:05:00,1785.3
2017-05-15 06:05:00,1778.3
2017-05-15 07:05:00,1753.93
2017-05-15 08:05:00,1733.01
2017-05-15 09:05:00,1742.86
2017-05-15 10:05:00,1743.94
2017-05-15 11:05:00,1723.23
2017-05-15 12:05:00,1706.9
2017-05-15 13:05:00,1731.6
2017-05-15 14:05:00,1746.99
2017-05-15 15:05:00,1719.68
2017-05-15 16:05:00,1721.31
2017-05-15 17:05:00,1716.37
2017-05-15 18:05:00,1696.52
2017-05-15 19:05:00,1706.4
2017-05-15 20:05:00,1723.39
2017-05-15 21:05:00,1720.56
2017-05-15 22:05:00,1702.19
2017-05-15 23:05:00,1701.53
2017-05-15 24:05:00,1740.65
2017-05-16 01:05:00,1743.21
2017-05-16 02:05:00,1736.64
2017-05-16 03:05:00,1736.12
2017-05-16 04:05:00,1727.91
2017-05-16 05:05:00,1726.67
2017-05-16 06:05:00,1703.4
2017-05-16 07:05:00,1700.4
2017-05-16 08:05:00,1682.14
2017-05-16 09:05:00,1680.18
2017-05-16 10:05:00,1670.82
2017-05-16 11:05:00,1688.16
2017-05-16 12:05:00,1705.38
2017-05-16 13:05:00,1729.75
2017-05-16 14:05:00,1733.32
2017-05-16 15:05:00,1712.12
2017-05-16 16:05:00,1734.25
2017-05-16 17:05:00,1732.35
2017-05-16 18:05:00,1748.63
2017-05-16 19:05:00,1752.51
2017-05-16 20:05:00,1760.12
2017-05-16 21:05:00,1758.83
2017-05-16 22:05:00,1757.52
2017-05-16 23:05:00,1756.86
2017-05-16 24:05:00,1751.42
2017-05-17 01:05:00,1743.59
2017-05-17 02:05:00,1758.53
2017-05-17 03:05:00,1755.37
2017-05-17 04:05:00,1747.22
2017-05-17 05:05:00,1753.13
2017-05-17 06:05:00,1798.37
2017-05-17 07:05:00,1809.32
2017-05-17 08:05:00,1791.19
2017-05-17 09:05:00,1820.98
2017-05-17 10:05:00,1801.09
2017-05-17 11:05:00,1798.08
2017-05-17 12:05:00,1818.28
2017-05-17 13:05:00,1823.43
2017-05-17 14:05:00,1822.2
2017-05-17 15:05:00,1810.48
2017-05-17 16:05:00,1836.4
2017-05-17 17:05:00,1833.46
2017-05-17 18:05:00,1830.03
2017-05-17 19:05:00,1833.23
2017-05-17 20:05:00,1833.59
2017-05-17 21:05:00,1826.27
2017-05-17 22:05:00,1827.3
2017-05-17 23:05:00,1815.23
2017-05-17 24:05:00,1804.61
2017-05-18 01:05:00,1817.73
2017-05-18 02:05:00,1822.47
2017-05-18 03:05:00,1829.5
2017-05-18 04:05:00,1824.69
2017-05-18 05:05:00,1831.86
2017-05-18 06:05:00,1836.79
2017-05-18 07:05:00,1829.44
2017-05-18 08:05:00,1849.16
2017-05-18 09:05:00,1868.18
2017-05-18 10:05:00,1838.45
2017-05-18 11:05:00,1839.93
2017-05-18 12:05:00,1824.68
2017-05-18 13:05:00,1824.82
2017-05-18 14:05:00,1823.93
2017-05-18 15:05:00,1837.35
2017-05-18 16:05:00,1833.87
2017-05-18 17:05:00,1868.51
2017-05-18 18:05:00,1879.28
2017-05-18 19:05:00,1879.72
2017-05-18 20:05:00,1881.08
2017-05-18 21:05:00,1873.38
2017-05-18 22:05:00,1854.78
2017-05-18 23:05:00,1868.52
2017-05-18 24:05:00,1891.67
2017-05-19 01:05:00,1899.13
2017-05-19 02:05:00,1912.65
2017-05-19 03:05:00,1915.63
2017-05-19 04:05:00,1924.82
2017-05-19 05:05:00,1910.92
2017-05-19 06:05:00,1918.58
2017-05-19 07:05:00,1920.77
2017-05-19 08:05:00,1938.22
2017-05-19 09:05:00,1941.53
2017-05-19 10:05:00,1934.41
2017-05-19 11:05:00,1939.1
2017-05-19 12:05:00,1933.89
2017-05-19 13:05:00,1944.17
2017-05-19 14:05:00,1953.36
2017-05-19 15:05:00,1943.1
2017-05-19 16:05:00,1951.97
2017-05-19 17:05:00,1958.24
2017-05-19 18:05:00,1950.78
2017-05-19 19:05:00,1940.38
2017-05-19 20:05:00,1932.23
2017-05-19 21:05:00,1922.64
2017-05-19 22:05:00,1926.87
2017-05-19 23:05:00,1937.59
2017-05-19 24:05:00,1954.02
2017-05-20 01:05:00,1966.21
2017-05-20 02:05:00,1963.81
2017-05-20 03:05:00,1974.49
2017-05-20 04:05:00,1984.59
2017-05-20 05:05:00,1986.29
2017-05-20 06:05:00,1983.05
2017-05-20 07:05:00,1980.48
2017-05-20 08:05:00,1981.65
2017-05-20 09:05:00,1990.98
2017-05-20 10:05:00,1984.64
2017-05-20 11:05:00,1991.43
2017-05-20 12:05:00,1988.84
2017-05-20 13:05:00,1977.32
2017-05-20 14:05:00,1962.24
2017-05-20 15:05:00,1974.08
2017-05-20 16:05:00,1974.9
2017-05-20 17:05:00,1972.16
2017-05-20 18:05:00,1982.52
2017-05-20 19:05:00,1981.22
2017-05-20 20:05:00,1994.49
2017-05-20 21:05:00,2009.62
2017-05-20 22:05:00,2022.47
2017-05-20 23:05:00,2020.42
2017-05-20 24:05:00,2033.78
2017-05-21 01:05:00,2045.4
2017-05-21 02:05:00,2046.86
2017-05-21 03:05:00,2052.68
2017-05-21 04:05:00,2058.6
2017-05-21 05:05:00,2046.55
2017-05-21 06:05:00,2048.08
2017-05-21 07:05:00,2063.89
2017-05-21 08:05:00,2059.72
2017-05-21 09:05:00,2066.23
2017-05-21 10:05:00,2065.17
2017-05-21 11:05:00,2052.7
2017-05-21 12:05:00,2073.78
2017-05-21 13:05:00,2076.98
2017-05-21 14:05:00,2083.42
2017-05-21 15:05:00,2049.8
2017-05-21 16:05:00,2029.08
2017-05-21 17:05:00,2029.09
2017-05-21 18:05:00,2020.44
2017-05-21 19:05:00,2019.3
2017-05-21 20:05:00,2015.4
2017-05-21 21:05:00,2028.08
2017-05-21 22:05:00,2025.7
2017-05-21 23:05:00,2027.9
2017-05-21 24:05:00,2024.94
2017-05-22 01:05:00,2037.98
2017-05-22 02:05:00,2039.31
2017-05-22 03:05:00,2035.79
2017-05-22 04:05:00,2050.92
2017-05-22 05:05:00,2050.88
2017-05-22 06:05:00,2090.01
2017-05-22 07:05:00,2107.4
2017-05-22 08:05:00,2116.34
2017-05-22 09:05:00,2143.49
2017-05-22 10:05:00,2160.97
2017-05-22 11:05:00,2163.48
2017-05-22 12:05:00,2120.34
2017-05-22 13:05:00,2146.28
2017-05-22 14:05:00,2134.42
2017-05-22 15:05:00,2151.96
2017-05-22 16:05:00,2149.95
2017-05-22 17:05:00,2169.63
2017-05-22 18:05:00,2198.19
2017-05-22 19:05:00,2210.09
2017-05-22 20:05:00,2205.35
2017-05-22 21:05:00,2222.33
2017-05-22 22:05:00,2210.95
2017-05-22 23:05:00,2163.76
2017-05-22 24:05:00,2137.31
2017-05-23 01:05:00,2082.73
2017-05-23 02:05:00,2054.28
2017-05-23 03:05:00,2123.14
2017-05-23 04:05:00,2150.91
2017-05-23 05:05:00,2131.84
2017-05-23 06:05:00,2146.22
2017-05-23 07:05:00,2180.81
2017-05-23 08:05:00,2190.4
2017-05-23 09:05:00,2183.9
2017-05-23 10:05:00,2176.17
2017-05-23 11:05:00,2165.02
2017-05-23 12:05:00,2145.2
2017-05-23 13:05:00,2166.52
2017-05-23 14:05:00,2194.52
2017-05-23 15:05:00,2206.04
2017-05-23 16:05:00,2200.75
2017-05-23 17:05:00,2227.98
2017-05-23 18:05:00,2256.03
2017-05-23 19:05:00,2239.81
2017-05-23 20:05:00,2233.98
2017-05-23 21:05:00,2251.21
2017-05-23 22:05:00,2245.22
2017-05-23 23:05:00,2228.86
2017-05-23 24:05:00,2241.98
2017-05-24 01:05:00,2254.17
2017-05-24 02:05:00,2267.3
2017-05-24 03:05:00,2283.24
2017-05-24 04:05:00,2305.76
2017-05-24 05:05:00,2307.27
2017-05-24 06:05:00,2310.2
2017-05-24 07:05:00,2317.53
2017-05-24 08:05:00,2300.41
2017-05-24 09:05:00,2317.98
2017-05-24 10:05:00,2322.51
2017-05-24 11:05:00,2334.38
2017-05-24 12:05:00,2321.4
2017-05-24 13:05:00,2322.59
2017-05-24 14:05:00,2353.61
2017-05-24 15:05:00,2373.84
2017-05-24 16:05:00,2376.08
2017-05-24 17:05:00,2346.56
2017-05-24 18:05:00,2380.98
2017-05-24 19:05:00,2394.95
2017-05-24 20:05:00,2422.25
2017-05-24 21:05:00,2422.72
2017-05-24 22:05:00,2446.27
2017-05-24 23:05:00,2441.07
2017-05-24 24:05:00,2445.34
2017-05-25 01:05:00,2433.84
2017-05-25 02:05:00,2411.03
2017-05-25 03:05:00,2444.6
2017-05-25 04:05:00,2496.28
2017-05-25 05:05:00,2511.52
2017-05-25 06:05:00,2518.71
2017-05-25 07:05:00,2521.76
2017-05-25 08:05:00,2499.56
2017-05-25 09:05:00,2586.42
2017-05-25 10:05:00,2594.44
2017-05-25 11:05:00,2589.69
2017-05-25 12:05:00,2611.81
2017-05-25 13:05:00,2650.09
2017-05-25 14:05:00,2674.69
2017-05-25 15:05:00,2698.62
2017-05-25 16:05:00,2691.66
2017-05-25 17:05:00,2734.58
2017-05-25 18:05:00,2656.01
2017-05-25 19:05:00,2517.37
2017-05-25 20:05:00,2352.91
2017-05-25 21:05:00,2434.91
2017-05-25 22:05:00,2415.46
2017-05-25 23:05:00,2441.63
2017-05-25 24:05:00,2499.15
2017-05-26 01:05:00,2439.68
2017-05-26 02:05:00,2296.2
2017-05-26 03:05:00,2337.41
2017-05-26 04:05:00,2367.57
2017-05-26 05:05:00,2361.72
2017-05-26 06:05:00,2389.01
2017-05-26 07:05:00,2398.42
2017-05-26 08:05:00,2455.31
2017-05-26 09:05:00,2466.71
2017-05-26 10:05:00,2435.05
2017-05-26 11:05:00,2521.47
2017-05-26 12:05:00,2512.9
2017-05-26 13:05:00,2502.27
2017-05-26 14:05:00,2534.56
2017-05-26 15:05:00,2459.55
2017-05-26 16:05:00,2424.99
2017-05-26 17:05:00,2345.85
2017-05-26 18:05:00,2370.96
2017-05-26 19:05:00,2398.49
2017-05-26 20:05:00,2299.52
2017-05-26 21:05:00,2220.07
2017-05-26 22:05:00,2125
2017-05-26 23:05:00,2250.16
2017-05-26 24:05:00,2231
2017-05-27 01:05:00,2154.2
2017-05-27 02:05:00,2221.55
2017-05-27 03:05:00,2198.56
2017-05-27 04:05:00,2248.03
2017-05-27 05:05:00,2187.93
2017-05-27 06:05:00,2081.33
2017-05-27 07:05:00,2038.47
2017-05-27 08:05:00,2037.82
2017-05-27 09:05:00,1983.13
2017-05-27 10:05:00,2024.38
2017-05-27 11:05:00,1983.58
2017-05-27 12:05:00,1865.92
2017-05-27 13:05:00,1854.47
2017-05-27 14:05:00,1934.97
2017-05-27 15:05:00,2000.09
2017-05-27 16:05:00,1965.34
2017-05-27 17:05:00,1989.45
2017-05-27 18:05:00,2017.06
2017-05-27 19:05:00,2083.57
2017-05-27 20:05:00,2050.23
2017-05-27 21:05:00,2082.37
2017-05-27 22:05:00,2085.05
2017-05-27 23:05:00,2004.05
2017-05-27 24:05:00,1957.94
2017-05-28 01:05:00,2001.06
2017-05-28 02:05:00,2009.51
2017-05-28 03:05:00,2065.76
2017-05-28 04:05:00,2095.6
2017-05-28 05:05:00,2120.27
2017-05-28 06:05:00,2158.77
2017-05-28 07:05:00,2168.57
2017-05-28 08:05:00,2142.63
2017-05-28 09:05:00,2133.91
2017-05-28 10:05:00,2184.75
2017-05-28 11:05:00,2215.03
2017-05-28 12:05:00,2241.66
2017-05-28 13:05:00,2220.53
2017-05-28 14:05:00,2178.89
2017-05-28 15:05:00,2203.64
2017-05-28 16:05:00,2208.4
2017-05-28 17:05:00,2125.56
2017-05-28 18:05:00,2046.25
2017-05-28 19:05:00,2059.88
2017-05-28 20:05:00,2084.33
2017-05-28 21:05:00,2104.15
2017-05-28 22:05:00,2125.99
2017-05-28 23:05:00,2063.15
2017-05-28 24:05:00,2080.19
2017-05-29 01:05:00,2136
2017-05-29 02:05:00,2167.24
2017-05-29 03:05:00,2148.77
2017-05-29 04:05:00,2138.2
2017-05-29 05:05:00,2136.67
2017-05-29 06:05:00,2087.88
2017-05-29 07:05:00,2135.7
2017-05-29 08:05:00,2120.87
2017-05-29 09:05:00,2147.86
2017-05-29 10:05:00,2177.25
2017-05-29 11:05:00,2174.67
2017-05-29 12:05:00,2177.17
2017-05-29 13:05:00,2202.4
2017-05-29 14:05:00,2236.92
2017-05-29 15:05:00,2212.79
2017-05-29 16:05:00,2185.71
2017-05-29 17:05:00,2196.19
2017-05-29 18:05:00,2202.43
2017-05-29 19:05:00,2221.55
2017-05-29 20:05:00,2232.44
2017-05-29 21:05:00,2253.23
2017-05-29 22:05:00,2275.53
2017-05-29 23:05:00,2289.46
2017-05-29 24:05:00,2309.84
2017-05-30 01:05:00,2266.85
2017-05-30 02:05:00,2241.6
2017-05-30 03:05:00,2229.91
2017-05-30 04:05:00,2245.98
2017-05-30 05:05:00,2250.74
2017-05-30 06:05:00,2284.94
2017-05-30 07:05:00,2287.57
2017-05-30 08:05:00,2278.56
2017-05-30 09:05:00,2275.34
2017-05-30 10:05:00,2268.47
2017-05-30 11:05:00,2276.05
2017-05-30 12:05:00,2241.06
2017-05-30 13:05:00,2280.94
2017-05-30 14:05:00,2292.47
2017-05-30 15:05:00,2262.3
2017-05-30 16:05:00,2262.49
2017-05-30 17:05:00,2218.08
2017-05-30 18:05:00,2219.2
2017-05-30 19:05:00,2244.9
2017-05-30 20:05:00,2241.44
2017-05-30 21:05:00,2243.84
2017-05-30 22:05:00,2224.65
2017-05-30 23:05:00,2248.43
2017-05-30 24:05:00,2216.01
2017-05-31 01:05:00,2149.17
2017-05-31 02:05:00,2152.45
2017-05-31 03:05:00,2193.21
2017-05-31 04:05:00,2182.81
2017-05-31 05:05:00,2149.35
2017-05-31 06:05:00,2145.49
2017-05-31 07:05:00,2127.4
2017-05-31 08:05:00,2159.6
2017-05-31 09:05:00,2185.87
2017-05-31 10:05:00,2205.02
2017-05-31 11:05:00,2201.02
2017-05-31 12:05:00,2194.65
2017-05-31 13:05:00,2198.9
2017-05-31 14:05:00,2218.42
2017-05-31 15:05:00,2199.76
2017-05-31 16:05:00,2199.25
2017-05-31 17:05:00,2203.84
2017-05-31 18:05:00,2256.03
2017-05-31 19:05:00,2288.82
2017-05-31 20:05:00,2292.29
2017-05-31 21:05:00,2303.11
2017-05-31 22:05:00,2275.24
2017-05-31 23:05:00,2259.66
2017-05-31 24:05:00,2267.78
2017-06-01 01:06:00,2273.3
2017-06-01 02:06:00,2276.57
2017-06-01 03:06:00,2294.78
2017-06-01 04:06:00,2308.89
2017-06-01 05:06:00,2338.56
2017-06-01 06:06:00,2344.3
2017-06-01 07:06:00,2336.02
2017-06-01 08:06:00,2356.52
2017-06-01 09:06:00,2361.73
2017-06-01 10:06:00,2365.76
2017-06-01 11:06:00,2389.65
2017-06-01 12:06:00,2404.28
2017-06-01 13:06:00,2395.02
2017-06-01 14:06:00,2399.66
2017-06-01 15:06:00,2416.69
2017-06-01 16:06:00,2421.76
2017-06-01 17:06:00,2410.72
2017-06-01 18:06:00,2359.55
2017-06-01 19:06:00,2338.5
2017-06-01 20:06:00,2311.03
2017-06-01 21:06:00,2352.42
2017-06-01 22:06:00,2363.38
2017-06-01 23:06:00,2376.79
2017-06-01 24:06:00,2391.24
2017-06-02 01:06:00,2371.92
2017-06-02 02:06:00,2401.82
2017-06-02 03:06:00,2388.49
2017-06-02 04:06:00,2373.06
2017-06-02 05:06:00,2404.61
2017-06-02 06:06:00,2409.88
2017-06-02 07:06:00,2411.4
2017-06-02 08:06:00,2411.48
2017-06-02 09:06:00,2402.18
2017-06-02 10:06:00,2416.79
2017-06-02 11:06:00,2378.57
2017-06-02 12:06:00,2392.27
2017-06-02 13:06:00,2401.97
2017-06-02 14:06:00,2400.93
2017-06-02 15:06:00,2412.14
2017-06-02 16:06:00,2385
2017-06-02 17:06:00,2382.52
2017-06-02 18:06:00,2403.28
2017-06-02 19:06:00,2408.02
2017-06-02 20:06:00,2399.04
2017-06-02 21:06:00,2415.29
2017-06-02 22:06:00,2417.14
2017-06-02 23:06:00,2412.03
2017-06-02 24:06:00,2424.39
2017-06-03 01:06:00,2438.09
2017-06-03 02:06:00,2448.36
2017-06-03 03:06:00,2459.79
2017-06-03 04:06:00,2460.94
2017-06-03 05:06:00,2476.11
2017-06-03 06:06:00,2473.09
2017-06-03 07:06:00,2425.1
2017-06-03 08:06:00,2439.57
2017-06-03 09:06:00,2444.74
2017-06-03 10:06:00,2457.42
2017-06-03 11:06:00,2468.88
2017-06-03 12:06:00,2470.72
2017-06-03 13:06:00,2483.2
2017-06-03 14:06:00,2485.41
2017-06-03 15:06:00,2488.52
2017-06-03 16:06:00,2498.08
2017-06-03 17:06:00,2497.96
2017-06-03 18:06:00,2511.66
2017-06-03 19:06:00,2526.01
2017-06-03 20:06:00,2549.23
2017-06-03 21:06:00,2523.89
2017-06-03 22:06:00,2538.99
2017-06-03 23:06:00,2528.17
2017-06-03 24:06:00,2529.41
2017-06-04 01:06:00,2548.91
2017-06-04 02:06:00,2546.71
2017-06-04 03:06:00,2502.39
2017-06-04 04:06:00,2507.52
2017-06-04 05:06:00,2449.47
2017-06-04 06:06:00,2490.71
2017-06-04 07:06:00,2511.54
2017-06-04 08:06:00,2520.63
2017-06-04 09:06:00,2497.74
2017-06-04 10:06:00,2508.97
2017-06-04 11:06:00,2521.19
2017-06-04 12:06:00,2529.51
2017-06-04 13:06:00,2516.15
2017-06-04 14:06:00,2523.62
2017-06-04 15:06:00,2523.49
2017-06-04 16:06:00,2520.84
2017-06-04 17:06:00,2516.53
2017-06-04 18:06:00,2516.66
2017-06-04 19:06:00,2515.95
2017-06-04 20:06:00,2523.04
2017-06-04 21:06:00,2525.11
2017-06-04 22:06:00,2509.24
2017-06-04 23:06:00,2481.04
2017-06-04 24:06:00,2507.6
2017-06-05 01:06:00,2509.41
2017-06-05 02:06:00,2523.07
2017-06-05 03:06:00,2523.58
2017-06-05 04:06:00,2552.95
2017-06-05 05:06:00,2562.07
2017-06-05 06:06:00,2568.29
2017-06-05 07:06:00,2583.12
2017-06-05 08:06:00,2569.63
2017-06-05 09:06:00,2564.57
2017-06-05 10:06:00,2580.07
2017-06-05 11:06:00,2571.96
2017-06-05 12:06:00,2568.89
2017-06-05 13:06:00,2576.43
2017-06-05 14:06:00,2569.82
2017-06-05 15:06:00,2567.44
2017-06-05 16:06:00,2583.83
2017-06-05 17:06:00,2592.5
2017-06-05 18:06:00,2606.27
2017-06-05 19:06:00,2599.97
2017-06-05 20:06:00,2608.19
2017-06-05 21:06:00,2623.06
2017-06-05 22:06:00,2628.22
2017-06-05 23:06:00,2635.09
2017-06-05 24:06:00,2651.86
2017-06-06 01:06:00,2660.19
2017-06-06 02:06:00,2678.44
2017-06-06 03:06:00,2705.72
2017-06-06 04:06:00,2699.08
2017-06-06 05:06:00,2777.42
2017-06-06 06:06:00,2818.25
2017-06-06 07:06:00,2817.34
2017-06-06 08:06:00,2800.72
2017-06-06 09:06:00,2824.33
2017-06-06 10:06:00,2813.93
2017-06-06 11:06:00,2825.56
2017-06-06 12:06:00,2845.4
2017-06-06 13:06:00,2842.81
2017-06-06 14:06:00,2848.14
2017-06-06 15:06:00,2877.54
2017-06-06 16:06:00,2898.08
2017-06-06 17:06:00,2836.51
2017-06-06 18:06:00,2815.41
2017-06-06 19:06:00,2736.82
2017-06-06 20:06:00,2741.59
2017-06-06 21:06:00,2802.06
2017-06-06 22:06:00,2827.92
2017-06-06 23:06:00,2841.98
2017-06-06 24:06:00,2862.77
2017-06-07 01:06:00,2868.07
2017-06-07 02:06:00,2863.63
2017-06-07 03:06:00,2861.94
2017-06-07 04:06:00,2834.44
2017-06-07 05:06:00,2859.64
2017-06-07 06:06:00,2856.55
2017-06-07 07:06:00,2857.52
2017-06-07 08:06:00,2849.61
2017-06-07 09:06:00,2821.92
2017-06-07 10:06:00,2810.27
2017-06-07 11:06:00,2807.35
2017-06-07 12:06:00,2828.65
2017-06-07 13:06:00,2841.37
2017-06-07 14:06:00,2847.46
2017-06-07 15:06:00,2850.29
2017-06-07 16:06:00,2838.16
2017-06-07 17:06:00,2814.64
2017-06-07 18:06:00,2771.35
2017-06-07 19:06:00,2785.3
2017-06-07 20:06:00,2810.87
2017-06-07 21:06:00,2800.33
2017-06-07 22:06:00,2784.12
2017-06-07 23:06:00,2752.5
2017-06-07 24:06:00,2689.02
2017-06-08 01:06:00,2647.55
2017-06-08 02:06:00,2693.42
2017-06-08 03:06:00,2629.63
2017-06-08 04:06:00,2672.36
2017-06-08 05:06:00,2708.62
2017-06-08 06:06:00,2716.87
2017-06-08 07:06:00,2747.25
2017-06-08 08:06:00,2764.57
2017-06-08 09:06:00,2784
2017-06-08 10:06:00,2765.04
2017-06-08 11:06:00,2777.53
2017-06-08 12:06:00,2782.66
2017-06-08 13:06:00,2790.02
2017-06-08 14:06:00,2778.02
2017-06-08 15:06:00,2748.01
2017-06-08 16:06:00,2725.36
2017-06-08 17:06:00,2729.7
2017-06-08 18:06:00,2710.69
2017-06-08 19:06:00,2742.3
2017-06-08 20:06:00,2726.21
2017-06-08 21:06:00,2728.25
2017-06-08 22:06:00,2731.05
2017-06-08 23:06:00,2748.71
2017-06-08 24:06:00,2765.93
2017-06-09 01:06:00,2785.3
2017-06-09 02:06:00,2789.62
2017-06-09 03:06:00,2799.51
2017-06-09 04:06:00,2809.74
2017-06-09 05:06:00,2832.09
2017-06-09 06:06:00,2817.07
2017-06-09 07:06:00,2811.24
2017-06-09 08:06:00,2808.49
2017-06-09 09:06:00,2799.07
2017-06-09 10:06:00,2799.77
2017-06-09 11:06:00,2809.05
2017-06-09 12:06:00,2814.7
2017-06-09 13:06:00,2810.7
2017-06-09 14:06:00,2815.11
2017-06-09 15:06:00,2819.23
2017-06-09 16:06:00,2832.41
2017-06-09 17:06:00,2845.53
2017-06-09 18:06:00,2848.31
2017-06-09 19:06:00,2836.36
2017-06-09 20:06:00,2846.9
2017-06-09 21:06:00,2823.69
2017-06-09 22:06:00,2826.23
2017-06-09 23:06:00,2823.18
2017-06-09 24:06:00,2824.96
2017-06-10 01:06:00,2823.69
2017-06-10 02:06:00,2806.16
2017-06-10 03:06:00,2823.83
2017-06-10 04:06:00,2828.64
2017-06-10 05:06:00,2830.48
2017-06-10 06:06:00,2831.81
2017-06-10 07:06:00,2821.98
2017-06-10 08:06:00,2821.2
2017-06-10 09:06:00,2807.88
2017-06-10 10:06:00,2816.28
2017-06-10 11:06:00,2815.41
2017-06-10 12:06:00,2825.47
2017-06-10 13:06:00,2851.79
2017-06-10 14:06:00,2873.4
2017-06-10 15:06:00,2888.28
2017-06-10 16:06:00,2901.77
2017-06-10 17:06:00,2888.07
2017-06-10 18:06:00,2871.11
2017-06-10 19:06:00,2866.33
2017-06-10 20:06:00,2872.41
2017-06-10 21:06:00,2857.43
2017-06-10 22:06:00,2863.63
2017-06-10 23:06:00,2852.65
2017-06-10 24:06:00,2806.85
2017-06-11 01:06:00,2846.29
2017-06-11 02:06:00,2871.66
2017-06-11 03:06:00,2870.76
2017-06-11 04:06:00,2908
2017-06-11 05:06:00,2882.2
2017-06-11 06:06:00,2870.6
2017-06-11 07:06:00,2870.2
2017-06-11 08:06:00,2851.34
2017-06-11 09:06:00,2858.96
2017-06-11 10:06:00,2866.68
2017-06-11 11:06:00,2862.45
2017-06-11 12:06:00,2873.46
2017-06-11 13:06:00,2863.76
2017-06-11 14:06:00,2859.97
2017-06-11 15:06:00,2871.35
2017-06-11 16:06:00,2884.48
2017-06-11 17:06:00,2881.41
2017-06-11 18:06:00,2937.25
2017-06-11 19:06:00,2958.77
2017-06-11 20:06:00,2963.29
2017-06-11 21:06:00,2938.9
2017-06-11 22:06:00,2939.21
2017-06-11 23:06:00,2943.85
2017-06-11 24:06:00,2955.05
2017-06-12 01:06:00,2960.41
2017-06-12 02:06:00,2966.47
2017-06-12 03:06:00,2977.29
2017-06-12 04:06:00,2974.13
2017-06-12 05:06:00,2968.37
2017-06-12 06:06:00,2959.34
2017-06-12 07:06:00,2968.01
2017-06-12 08:06:00,2943.51
2017-06-12 09:06:00,2909.95
2017-06-12 10:06:00,2907.95
2017-06-12 11:06:00,2909.16
2017-06-12 12:06:00,2892.12
2017-06-12 13:06:00,2784.5
2017-06-12 14:06:00,2709.52
2017-06-12 15:06:00,2743.93
2017-06-12 16:06:00,2739.25
2017-06-12 17:06:00,2757.21
2017-06-12 18:06:00,2708.74
2017-06-12 19:06:00,2642.33
2017-06-12 20:06:00,2513.22
2017-06-12 21:06:00,2565.07
2017-06-12 22:06:00,2517.84
2017-06-12 23:06:00,2564.92
2017-06-12 24:06:00,2630.62
2017-06-13 01:06:00,2606.18
2017-06-13 02:06:00,2634.08
2017-06-13 03:06:00,2653.95
2017-06-13 04:06:00,2647.74
2017-06-13 05:06:00,2645.79
2017-06-13 06:06:00,2625.07
2017-06-13 07:06:00,2640.89
2017-06-13 08:06:00,2677.41
2017-06-13 09:06:00,2710.66
2017-06-13 10:06:00,2711.82
2017-06-13 11:06:00,2727.33
2017-06-13 12:06:00,2714.75
2017-06-13 13:06:00,2689.72
2017-06-13 14:06:00,2663.2
2017-06-13 15:06:00,2695.85
2017-06-13 16:06:00,2707.09
2017-06-13 17:06:00,2713.91
2017-06-13 18:06:00,2704.33
2017-06-13 19:06:00,2725.6
2017-06-13 20:06:00,2739.82
2017-06-13 21:06:00,2709.42
2017-06-13 22:06:00,2717.26
2017-06-13 23:06:00,2697.99
2017-06-13 24:06:00,2706.23
2017-06-14 01:06:00,2714.11
2017-06-14 02:06:00,2706.53
2017-06-14 03:06:00,2709.01
2017-06-14 04:06:00,2742
2017-06-14 05:06:00,2761.97
2017-06-14 06:06:00,2748.39
2017-06-14 07:06:00,2746.85
2017-06-14 08:06:00,2759.35
2017-06-14 09:06:00,2761.74
2017-06-14 10:06:00,2715.6
2017-06-14 11:06:00,2697.5
2017-06-14 12:06:00,2723.82
2017-06-14 13:06:00,2724.93
2017-06-14 14:06:00,2737.26
2017-06-14 15:06:00,2708.15
2017-06-14 16:06:00,2604.55
2017-06-14 17:06:00,2558.99
2017-06-14 18:06:00,2599.62
2017-06-14 19:06:00,2530.05
2017-06-14 20:06:00,2509.62
2017-06-14 21:06:00,2550.95
2017-06-14 22:06:00,2537.49
2017-06-14 23:06:00,2530.68
2017-06-14 24:06:00,2469.45
2017-06-15 01:06:00,2385.97
2017-06-15 02:06:00,2432.47
2017-06-15 03:06:00,2407.79
2017-06-15 04:06:00,2463.45
2017-06-15 05:06:00,2497.49
2017-06-15 06:06:00,2462.21
2017-06-15 07:06:00,2413.06
2017-06-15 08:06:00,2340.02
2017-06-15 09:06:00,2255.76
2017-06-15 10:06:00,2375.41
2017-06-15 11:06:00,2414.95
2017-06-15 12:06:00,2411.01
2017-06-15 13:06:00,2341.39
2017-06-15 14:06:00,2286.06
2017-06-15 15:06:00,2320.32
2017-06-15 16:06:00,2185.08
2017-06-15 17:06:00,2173.28
2017-06-15 18:06:00,2202.07
2017-06-15 19:06:00,2298.33
2017-06-15 20:06:00,2290.54
2017-06-15 21:06:00,2252.07
2017-06-15 22:06:00,2307.17
2017-06-15 23:06:00,2345.02
2017-06-15 24:06:00,2393.38
2017-06-16 01:06:00,2393.81
2017-06-16 02:06:00,2412.52
2017-06-16 03:06:00,2377.23
2017-06-16 04:06:00,2364.39
2017-06-16 05:06:00,2330.66
2017-06-16 06:06:00,2375.01
2017-06-16 07:06:00,2409.26
2017-06-16 08:06:00,2427.95
2017-06-16 09:06:00,2447.34
2017-06-16 10:06:00,2462.3
2017-06-16 11:06:00,2455.35
2017-06-16 12:06:00,2502.21
2017-06-16 13:06:00,2500.4
2017-06-16 14:06:00,2462.96
2017-06-16 15:06:00,2436.41
2017-06-16 16:06:00,2409.99
2017-06-16 17:06:00,2449.78
2017-06-16 18:06:00,2449.46
2017-06-16 19:06:00,2484.04
2017-06-16 20:06:00,2488.52
2017-06-16 21:06:00,2493.96
2017-06-16 22:06:00,2492.4
2017-06-16 23:06:00,2502.07
2017-06-16 24:06:00,2477.54
2017-06-17 01:06:00,2453.1
2017-06-17 02:06:00,2481.85
2017-06-17 03:06:00,2472.7
2017-06-17 04:06:00,2451.98
2017-06-17 05:06:00,2447.01
2017-06-17 06:06:00,2489.11
2017-06-17 07:06:00,2513.55
2017-06-17 08:06:00,2487.63
2017-06-17 09:06:00,2520.51
2017-06-17 10:06:00,2507.98
2017-06-17 11:06:00,2522.56
2017-06-17 12:06:00,2537.26
2017-06-17 13:06:00,2568.85
2017-06-17 14:06:00,2588.02
2017-06-17 15:06:00,2575.49
2017-06-17 16:06:00,2561.31
2017-06-17 17:06:00,2550.1
2017-06-17 18:06:00,2566.69
2017-06-17 19:06:00,2602.35
2017-06-17 20:06:00,2627.29
2017-06-17 21:06:00,2656.31
2017-06-17 22:06:00,2652.84
2017-06-17 23:06:00,2646.99
2017-06-17 24:06:00,2650.6
2017-06-18 01:06:00,2669.8
2017-06-18 02:06:00,2659.31
2017-06-18 03:06:00,2620.8
2017-06-18 04:06:00,2638.13
2017-06-18 05:06:00,2654.25
2017-06-18 06:06:00,2648.32
2017-06-18 07:06:00,2638.39
2017-06-18 08:06:00,2637.51
2017-06-18 09:06:00,2617.1
2017-06-18 10:06:00,2540.72
2017-06-18 11:06:00,2514.58
2017-06-18 12:06:00,2559.48
2017-06-18 13:06:00,2579.66
2017-06-18 14:06:00,2577.08
2017-06-18 15:06:00,2582.95
2017-06-18 16:06:00,2550.3
2017-06-18 17:06:00,2531.74
2017-06-18 18:06:00,2560.58
2017-06-18 19:06:00,2581.88
2017-06-18 20:06:00,2572.22
2017-06-18 21:06:00,2530.15
2017-06-18 22:06:00,2504.54
2017-06-18 23:06:00,2483.33
2017-06-18 24:06:00,2497.98
2017-06-19 01:06:00,2485.51
2017-06-19 02:06:00,2507.62
2017-06-19 03:06:00,2531.58
2017-06-19 04:06:00,2518.52
2017-06-19 05:06:00,2537.26
2017-06-19 06:06:00,2575.46
2017-06-19 07:06:00,2572.96
2017-06-19 08:06:00,2590.3
2017-06-19 09:06:00,2595.75
2017-06-19 10:06:00,2592.7
2017-06-19 11:06:00,2585.11
2017-06-19 12:06:00,2547.1
2017-06-19 13:06:00,2556.92
2017-06-19 14:06:00,2530.67
2017-06-19 15:06:00,2555.98
2017-06-19 16:06:00,2571.41
2017-06-19 17:06:00,2571.68
2017-06-19 18:06:00,2570.63
2017-06-19 19:06:00,2576.61
2017-06-19 20:06:00,2591.85
2017-06-19 21:06:00,2608.47
2017-06-19 22:06:00,2583.89
2017-06-19 23:06:00,2575.84
2017-06-19 24:06:00,2592.96
2017-06-20 01:06:00,2602.88
2017-06-20 02:06:00,2608.46
2017-06-20 03:06:00,2634.01
2017-06-20 04:06:00,2651.62
2017-06-20 05:06:00,2631.24
2017-06-20 06:06:00,2630.18
2017-06-20 07:06:00,2621.31
2017-06-20 08:06:00,2633.79
2017-06-20 09:06:00,2631.59
2017-06-20 10:06:00,2643.27
2017-06-20 11:06:00,2637.43
2017-06-20 12:06:00,2615.8
2017-06-20 13:06:00,2627.35
2017-06-20 14:06:00,2638.76
2017-06-20 15:06:00,2647.29
2017-06-20 16:06:00,2663.47
2017-06-20 17:06:00,2669.68
2017-06-20 18:06:00,2679.84
2017-06-20 19:06:00,2671.7
2017-06-20 20:06:00,2708
2017-06-20 21:06:00,2741.49
2017-06-20 22:06:00,2761.96
2017-06-20 23:06:00,2762.77
2017-06-20 24:06:00,2771.93
2017-06-21 01:06:00,2748.02
2017-06-21 02:06:00,2746.82
2017-06-21 03:06:00,2732.9
2017-06-21 04:06:00,2721.77
2017-06-21 05:06:00,2735.6
2017-06-21 06:06:00,2753.33
2017-06-21 07:06:00,2782.45
2017-06-21 08:06:00,2747.82
2017-06-21 09:06:00,2682.05
2017-06-21 10:06:00,2706.01
2017-06-21 11:06:00,2740.27
2017-06-21 12:06:00,2719.3
2017-06-21 13:06:00,2693.07
2017-06-21 14:06:00,2716.96
2017-06-21 15:06:00,2734.47
2017-06-21 16:06:00,2730.92
2017-06-21 17:06:00,2715.45
2017-06-21 18:06:00,2686.83
2017-06-21 19:06:00,2719.83
2017-06-21 20:06:00,2698.16
2017-06-21 21:06:00,2654.48
2017-06-21 22:06:00,2685.48
2017-06-21 23:06:00,2685.19
2017-06-21 24:06:00,2637.45
2017-06-22 01:06:00,2629.44
2017-06-22 02:06:00,2646.91
2017-06-22 03:06:00,2677.87
2017-06-22 04:06:00,2650.11
2017-06-22 05:06:00,2657.53
2017-06-22 06:06:00,2664.1
2017-06-22 07:06:00,2627.88
2017-06-22 08:06:00,2616.78
2017-06-22 09:06:00,2648.37
2017-06-22 10:06:00,2653.25
2017-06-22 11:06:00,2649.86
2017-06-22 12:06:00,2659.87
2017-06-22 13:06:00,2701.84
2017-06-22 14:06:00,2687.85
2017-06-22 15:06:00,2686.92
2017-06-22 16:06:00,2700.41
2017-06-22 17:06:00,2718.79
2017-06-22 18:06:00,2719.85
2017-06-22 19:06:00,2740.73
2017-06-22 20:06:00,2732.37
2017-06-22 21:06:00,2731.03
2017-06-22 22:06:00,2702.97
2017-06-22 23:06:00,2693.31
2017-06-22 24:06:00,2684.88
2017-06-23 01:06:00,2707.59
2017-06-23 02:06:00,2702.08
2017-06-23 03:06:00,2723.63
2017-06-23 04:06:00,2732.62
2017-06-23 05:06:00,2744.07
2017-06-23 06:06:00,2736.26
2017-06-23 07:06:00,2747.35
2017-06-23 08:06:00,2731.36
2017-06-23 09:06:00,2730.76
2017-06-23 10:06:00,2730.8
2017-06-23 11:06:00,2699.85
2017-06-23 12:06:00,2706.47
2017-06-23 13:06:00,2713.6
2017-06-23 14:06:00,2715.97
2017-06-23 15:06:00,2718.67
2017-06-23 16:06:00,2724.81
2017-06-23 17:06:00,2731.22
2017-06-23 18:06:00,2741.37
2017-06-23 19:06:00,2738.61
2017-06-23 20:06:00,2749.95
2017-06-23 21:06:00,2739.96
2017-06-23 22:06:00,2738.17
2017-06-23 23:06:00,2724.32
2017-06-23 24:06:00,2717.46
2017-06-24 01:06:00,2736.27
2017-06-24 02:06:00,2709.78
2017-06-24 03:06:00,2721.87
2017-06-24 04:06:00,2724.43
2017-06-24 05:06:00,2727.36
2017-06-24 06:06:00,2727.42
2017-06-24 07:06:00,2709.33
2017-06-24 08:06:00,2716
2017-06-24 09:06:00,2719.69
2017-06-24 10:06:00,2714.72
2017-06-24 11:06:00,2729.55
2017-06-24 12:06:00,2715.05
2017-06-24 13:06:00,2699.11
2017-06-24 14:06:00,2717.87
2017-06-24 15:06:00,2722.96
2017-06-24 16:06:00,2638.41
2017-06-24 17:06:00,2617.96
2017-06-24 18:06:00,2630.85
2017-06-24 19:06:00,2636.75
2017-06-24 20:06:00,2643.2
2017-06-24 21:06:00,2575.29
2017-06-24 22:06:00,2548.85
2017-06-24 23:06:00,2535.35
2017-06-24 24:06:00,2581.59
2017-06-25 01:06:00,2562.6
2017-06-25 02:06:00,2555.29
2017-06-25 03:06:00,2553.03
2017-06-25 04:06:00,2503.3
2017-06-25 05:06:00,2529.17
2017-06-25 06:06:00,2534.34
2017-06-25 07:06:00,2566.11
2017-06-25 08:06:00,2591.54
2017-06-25 09:06:00,2600.28
2017-06-25 10:06:00,2578.17
2017-06-25 11:06:00,2589.46
2017-06-25 12:06:00,2611.71
2017-06-25 13:06:00,2607.37
2017-06-25 14:06:00,2624.29
2017-06-25 15:06:00,2632.17
2017-06-25 16:06:00,2603.1
2017-06-25 17:06:00,2603.64
2017-06-25 18:06:00,2574.56
2017-06-25 19:06:00,2580.36
2017-06-25 20:06:00,2596.71
2017-06-25 21:06:00,2555.89
2017-06-25 22:06:00,2511.84
2017-06-25 23:06:00,2503.18
2017-06-25 24:06:00,2445.55
2017-06-26 01:06:00,2472.75
2017-06-26 02:06:00,2507.54
2017-06-26 03:06:00,2510.97
2017-06-26 04:06:00,2531.66
2017-06-26 05:06:00,2539.15
2017-06-26 06:06:00,2536.16
2017-06-26 07:06:00,2528.62
2017-06-26 08:06:00,2519.57
2017-06-26 09:06:00,2487.69
2017-06-26 10:06:00,2452.31
2017-06-26 11:06:00,2468.83
2017-06-26 12:06:00,2484.39
2017-06-26 13:06:00,2510.03
2017-06-26 14:06:00,2505.86
2017-06-26 15:06:00,2509.14
2017-06-26 16:06:00,2506.06
2017-06-26 17:06:00,2468.4
2017-06-26 18:06:00,2396.59
2017-06-26 19:06:00,2363.11
2017-06-26 20:06:00,2365.74
2017-06-26 21:06:00,2328.74
2017-06-26 22:06:00,2336.75
2017-06-26 23:06:00,2324.11
2017-06-26 24:06:00,2398.09
2017-06-27 01:06:00,2399.01
2017-06-27 02:06:00,2434.68
2017-06-27 03:06:00,2409.75
2017-06-27 04:06:00,2434.1
2017-06-27 05:06:00,2471.08
2017-06-27 06:06:00,2462.06
2017-06-27 07:06:00,2440.64
2017-06-27 08:06:00,2441.54
2017-06-27 09:06:00,2433
2017-06-27 10:06:00,2383.63
2017-06-27 11:06:00,2380.47
2017-06-27 12:06:00,2390.99
2017-06-27 13:06:00,2422
2017-06-27 14:06:00,2389.72
2017-06-27 15:06:00,2383.72
2017-06-27 16:06:00,2352.36
2017-06-27 17:06:00,2295.11
2017-06-27 18:06:00,2320.08
2017-06-27 19:06:00,2319.96
2017-06-27 20:06:00,2338.42
2017-06-27 21:06:00,2367.68
2017-06-27 22:06:00,2404.23
2017-06-27 23:06:00,2447.16
2017-06-27 24:06:00,2446.55
2017-06-28 01:06:00,2488.31
2017-06-28 02:06:00,2524.68
2017-06-28 03:06:00,2535.26
2017-06-28 04:06:00,2492.57
2017-06-28 05:06:00,2494.4
2017-06-28 06:06:00,2506.9
2017-06-28 07:06:00,2522.73
2017-06-28 08:06:00,2472.97
2017-06-28 09:06:00,2495.55
2017-06-28 10:06:00,2521.04
2017-06-28 11:06:00,2515.22
2017-06-28 12:06:00,2521.47
2017-06-28 13:06:00,2536.9
2017-06-28 14:06:00,2517.38
2017-06-28 15:06:00,2532.87
2017-06-28 16:06:00,2534.23
2017-06-28 17:06:00,2533.9
2017-06-28 18:06:00,2533.69
2017-06-28 19:06:00,2523.66
2017-06-28 20:06:00,2550.4
2017-06-28 21:06:00,2548.65
2017-06-28 22:06:00,2547.47
2017-06-28 23:06:00,2563.84
2017-06-28 24:06:00,2581.38
2017-06-29 01:06:00,2565.42
2017-06-29 02:06:00,2567.8
2017-06-29 03:06:00,2556.33
2017-06-29 04:06:00,2555.07
2017-06-29 05:06:00,2560.62
2017-06-29 06:06:00,2566.05
2017-06-29 07:06:00,2560.18
2017-06-29 08:06:00,2560.84
2017-06-29 09:06:00,2584.28
2017-06-29 10:06:00,2569.27
2017-06-29 11:06:00,2574.17
2017-06-29 12:06:00,2553.38
2017-06-29 13:06:00,2494.01
2017-06-29 14:06:00,2506.39
2017-06-29 15:06:00,2512.2
2017-06-29 16:06:00,2515.64
2017-06-29 17:06:00,2525.84
2017-06-29 18:06:00,2548.76
2017-06-29 19:06:00,2557.63
2017-06-29 20:06:00,2582.18
2017-06-29 21:06:00,2576.42
2017-06-29 22:06:00,2574.2
2017-06-29 23:06:00,2566.16
2017-06-29 24:06:00,2561.02
2017-06-30 01:06:00,2550.79
2017-06-30 02:06:00,2528.35
2017-06-30 03:06:00,2538.6
2017-06-30 04:06:00,2547.03
2017-06-30 05:06:00,2544.78
2017-06-30 06:06:00,2528.32
2017-06-30 07:06:00,2531.57
2017-06-30 08:06:00,2528.05
2017-06-30 09:06:00,2520.45
2017-06-30 10:06:00,2522.6
2017-06-30 11:06:00,2523.86
2017-06-30 12:06:00,2527.83
2017-06-30 13:06:00,2522.2
2017-06-30 14:06:00,2549.28
2017-06-30 15:06:00,2530.12
2017-06-30 16:06:00,2520.25
2017-06-30 17:06:00,2523.58
2017-06-30 18:06:00,2542.55
2017-06-30 19:06:00,2534.16
2017-06-30 20:06:00,2539.5
2017-06-30 21:06:00,2546.37
2017-06-30 22:06:00,2524.06
2017-06-30 23:06:00,2524.69
2017-06-30 24:06:00,2497.4
2017-07-01 01:07:00,2473.88
2017-07-01 02:07:00,2447.06
2017-07-01 03:07:00,2474.82
2017-07-01 04:07:00,2421.64
2017-07-01 05:07:00,2428.99
2017-07-01 06:07:00,2416.24
2017-07-01 07:07:00,2420.17
2017-07-01 08:07:00,2444.61
2017-07-01 09:07:00,2466.44
2017-07-01 10:07:00,2489.6
2017-07-01 11:07:00,2496.08
2017-07-01 12:07:00,2493.6
2017-07-01 13:07:00,2493.86
2017-07-01 14:07:00,2490.82
2017-07-01 15:07:00,2489.01
2017-07-01 16:07:00,2445.05
2017-07-01 17:07:00,2441.14
2017-07-01 18:07:00,2440.41
2017-07-01 19:07:00,2444.43
2017-07-01 20:07:00,2423.53
2017-07-01 21:07:00,2393.26
2017-07-01 22:07:00,2388.03
2017-07-01 23:07:00,2381.24
2017-07-01 24:07:00,2357.68
2017-07-02 01:07:00,2372.07
2017-07-02 02:07:00,2394.83
2017-07-02 03:07:00,2386.79
2017-07-02 04:07:00,2402.58
2017-07-02 05:07:00,2391.44
2017-07-02 06:07:00,2398.76
2017-07-02 07:07:00,2390.75
2017-07-02 08:07:00,2411.46
2017-07-02 09:07:00,2423.71
2017-07-02 10:07:00,2431.39
2017-07-02 11:07:00,2414.59
2017-07-02 12:07:00,2464.15
2017-07-02 13:07:00,2434.68
2017-07-02 14:07:00,2424.41
2017-07-02 15:07:00,2422.07
2017-07-02 16:07:00,2430.06
2017-07-02 17:07:00,2408.16
2017-07-02 18:07:00,2429.63
2017-07-02 19:07:00,2460.92
2017-07-02 20:07:00,2474.27
2017-07-02 21:07:00,2485.64
2017-07-02 22:07:00,2491.4
2017-07-02 23:07:00,2488.68
2017-07-02 24:07:00,2507.2
2017-07-03 01:07:00,2511.19
2017-07-03 02:07:00,2515.89
2017-07-03 03:07:00,2501.32
2017-07-03 04:07:00,2494.67
2017-07-03 05:07:00,2500.66
2017-07-03 06:07:00,2495.66
2017-07-03 07:07:00,2508.46
2017-07-03 08:07:00,2497.08
2017-07-03 09:07:00,2505.38
2017-07-03 10:07:00,2502.02
2017-07-03 11:07:00,2487.73
2017-07-03 12:07:00,2514.07
2017-07-03 13:07:00,2490.13
2017-07-03 14:07:00,2503.27
2017-07-03 15:07:00,2527.4
2017-07-03 16:07:00,2561.17
2017-07-03 17:07:00,2580.57
2017-07-03 18:07:00,2588.93
2017-07-03 19:07:00,2574.69
2017-07-03 20:07:00,2564.76
2017-07-03 21:07:00,2551.72
2017-07-03 22:07:00,2544.71
2017-07-03 23:07:00,2569.68
2017-07-03 24:07:00,2575.65
2017-07-04 01:07:00,2585.44
2017-07-04 02:07:00,2577.91
2017-07-04 03:07:00,2574.24
2017-07-04 04:07:00,2588.2
2017-07-04 05:07:00,2601.89
2017-07-04 06:07:00,2629.81
2017-07-04 07:07:00,2632.08
2017-07-04 08:07:00,2633.33
2017-07-04 09:07:00,2635.13
2017-07-04 10:07:00,2648.38
2017-07-04 11:07:00,2623.42
2017-07-04 12:07:00,2628.31
2017-07-04 13:07:00,2624.52
2017-07-04 14:07:00,2627.67
2017-07-04 15:07:00,2644.12
2017-07-04 16:07:00,2636.59
2017-07-04 17:07:00,2627.1
2017-07-04 18:07:00,2591.95
2017-07-04 19:07:00,2571.67
2017-07-04 20:07:00,2586.45
2017-07-04 21:07:00,2590.63
2017-07-04 22:07:00,2571.85
2017-07-04 23:07:00,2577
2017-07-04 24:07:00,2586.17
2017-07-05 01:07:00,2592.68
2017-07-05 02:07:00,2600.3
2017-07-05 03:07:00,2598.15
2017-07-05 04:07:00,2592.18
2017-07-05 05:07:00,2588.68
2017-07-05 06:07:00,2593.41
2017-07-05 07:07:00,2574.6
2017-07-05 08:07:00,2583.43
2017-07-05 09:07:00,2567.42
2017-07-05 10:07:00,2529.08
2017-07-05 11:07:00,2556.91
2017-07-05 12:07:00,2564.06
2017-07-05 13:07:00,2558.33
2017-07-05 14:07:00,2575.2
2017-07-05 15:07:00,2565.25
2017-07-05 16:07:00,2575.36
2017-07-05 17:07:00,2577.98
2017-07-05 18:07:00,2578.71
2017-07-05 19:07:00,2593.09
2017-07-05 20:07:00,2587.3
2017-07-05 21:07:00,2607.99
2017-07-05 22:07:00,2609.92
2017-07-05 23:07:00,2621.32
2017-07-05 24:07:00,2626.36
2017-07-06 01:07:00,2628.38
2017-07-06 02:07:00,2620.88
2017-07-06 03:07:00,2627.37
2017-07-06 04:07:00,2605.88
2017-07-06 05:07:00,2608
2017-07-06 06:07:00,2619.68
2017-07-06 07:07:00,2612.65
2017-07-06 08:07:00,2607.7
2017-07-06 09:07:00,2603.07
2017-07-06 10:07:00,2594.83
2017-07-06 11:07:00,2612.4
2017-07-06 12:07:00,2581.26
2017-07-06 13:07:00,2603.14
2017-07-06 14:07:00,2587.93
2017-07-06 15:07:00,2599.97
2017-07-06 16:07:00,2596.82
2017-07-06 17:07:00,2597.51
2017-07-06 18:07:00,2598.83
2017-07-06 19:07:00,2604.19
2017-07-06 20:07:00,2602.19
2017-07-06 21:07:00,2602.49
2017-07-06 22:07:00,2599.39
2017-07-06 23:07:00,2607.34
2017-07-06 24:07:00,2606.12
2017-07-07 01:07:00,2614.19
2017-07-07 02:07:00,2622.58
2017-07-07 03:07:00,2618.52
2017-07-07 04:07:00,2608.15
2017-07-07 05:07:00,2596.86
2017-07-07 06:07:00,2581.27
2017-07-07 07:07:00,2596.52
2017-07-07 08:07:00,2594.38
2017-07-07 09:07:00,2579.73
2017-07-07 10:07:00,2556.22
2017-07-07 11:07:00,2547.56
2017-07-07 12:07:00,2558.88
2017-07-07 13:07:00,2569.88
2017-07-07 14:07:00,2534.01
2017-07-07 15:07:00,2511.24
2017-07-07 16:07:00,2508.21
2017-07-07 17:07:00,2519.95
2017-07-07 18:07:00,2515.56
2017-07-07 19:07:00,2525.71
2017-07-07 20:07:00,2529.23
2017-07-07 21:07:00,2526.91
2017-07-07 22:07:00,2533.98
2017-07-07 23:07:00,2523.96
2017-07-07 24:07:00,2515.06
2017-07-08 01:07:00,2487.35
2017-07-08 02:07:00,2488.84
2017-07-08 03:07:00,2502.24
2017-07-08 04:07:00,2482.5
2017-07-08 05:07:00,2471.45
2017-07-08 06:07:00,2498.84
2017-07-08 07:07:00,2516.52
2017-07-08 08:07:00,2508.76
2017-07-08 09:07:00,2485.18
2017-07-08 10:07:00,2488.07
2017-07-08 11:07:00,2489.21
2017-07-08 12:07:00,2492.52
2017-07-08 13:07:00,2510.98
2017-07-08 14:07:00,2507.86
2017-07-08 15:07:00,2515.81
2017-07-08 16:07:00,2518.67
2017-07-08 17:07:00,2528.14
2017-07-08 18:07:00,2531.65
2017-07-08 19:07:00,2538.37
2017-07-08 20:07:00,2510.42
2017-07-08 21:07:00,2530.14
2017-07-08 22:07:00,2541.02
2017-07-08 23:07:00,2556.42
2017-07-08 24:07:00,2551.59
2017-07-09 01:07:00,2561.29
2017-07-09 02:07:00,2558.29
2017-07-09 03:07:00,2562.53
2017-07-09 04:07:00,2559.83
2017-07-09 05:07:00,2559.45
2017-07-09 06:07:00,2562.94
2017-07-09 07:07:00,2564.68
2017-07-09 08:07:00,2552.48
2017-07-09 09:07:00,2535.78
2017-07-09 10:07:00,2550.29
2017-07-09 11:07:00,2528.31
2017-07-09 12:07:00,2532.57
2017-07-09 13:07:00,2538.32
2017-07-09 14:07:00,2536.62
2017-07-09 15:07:00,2535.85
2017-07-09 16:07:00,2536.52
2017-07-09 17:07:00,2538.85
2017-07-09 18:07:00,2549.06
2017-07-09 19:07:00,2548.32
2017-07-09 20:07:00,2544.2
2017-07-09 21:07:00,2544.73
2017-07-09 22:07:00,2537.93
2017-07-09 23:07:00,2535.39
2017-07-09 24:07:00,2539.83
2017-07-10 01:07:00,2519.57
2017-07-10 02:07:00,2503.64
2017-07-10 03:07:00,2500.71
2017-07-10 04:07:00,2500.71
2017-07-10 05:07:00,2511.9
2017-07-10 06:07:00,2505.45
2017-07-10 07:07:00,2496.91
2017-07-10 08:07:00,2501.28
2017-07-10 09:07:00,2500.88
2017-07-10 10:07:00,2504.45
2017-07-10 11:07:00,2520.56
2017-07-10 12:07:00,2517.71
2017-07-10 13:07:00,2523.19
2017-07-10 14:07:00,2489.78
2017-07-10 15:07:00,2458.43
2017-07-10 16:07:00,2440.9
2017-07-10 17:07:00,2405.38
2017-07-10 18:07:00,2381.1
2017-07-10 19:07:00,2409
2017-07-10 20:07:00,2409.17
2017-07-10 21:07:00,2401.03
2017-07-10 22:07:00,2408.71
2017-07-10 23:07:00,2385.15
2017-07-10 24:07:00,2340.16
2017-07-11 01:07:00,2330.24
2017-07-11 02:07:00,2298.24
2017-07-11 03:07:00,2351.03
2017-07-11 04:07:00,2360.33
2017-07-11 05:07:00,2341.6
2017-07-11 06:07:00,2309.26
2017-07-11 07:07:00,2297.21
2017-07-11 08:07:00,2312.91
2017-07-11 09:07:00,2248.85
2017-07-11 10:07:00,2292.38
2017-07-11 11:07:00,2317.35
2017-07-11 12:07:00,2332.32
2017-07-11 13:07:00,2351.12
2017-07-11 14:07:00,2357.88
2017-07-11 15:07:00,2370.73
2017-07-11 16:07:00,2373.62
2017-07-11 17:07:00,2357.63
2017-07-11 18:07:00,2361.21
2017-07-11 19:07:00,2370.39
2017-07-11 20:07:00,2364.36
2017-07-11 21:07:00,2345.32
2017-07-11 22:07:00,2316.12
2017-07-11 23:07:00,2318.39
2017-07-11 24:07:00,2347.62
2017-07-12 01:07:00,2334.38
2017-07-12 02:07:00,2326
2017-07-12 03:07:00,2277.76
2017-07-12 04:07:00,2251.8
2017-07-12 05:07:00,2258.98
2017-07-12 06:07:00,2275.66
2017-07-12 07:07:00,2300.46
2017-07-12 08:07:00,2311.61
2017-07-12 09:07:00,2320.13
2017-07-12 10:07:00,2313.77
2017-07-12 11:07:00,2317.22
2017-07-12 12:07:00,2350.02
2017-07-12 13:07:00,2349.29
2017-07-12 14:07:00,2360.75
2017-07-12 15:07:00,2369.19
2017-07-12 16:07:00,2346.39
2017-07-12 17:07:00,2362.66
2017-07-12 18:07:00,2372.92
2017-07-12 19:07:00,2388.47
2017-07-12 20:07:00,2404.06
2017-07-12 21:07:00,2406.12
2017-07-12 22:07:00,2408.63
2017-07-12 23:07:00,2396.06
2017-07-12 24:07:00,2373.09
2017-07-13 01:07:00,2382.22
2017-07-13 02:07:00,2385.89
2017-07-13 03:07:00,2399.82
2017-07-13 04:07:00,2401.03
2017-07-13 05:07:00,2412
2017-07-13 06:07:00,2419.29
2017-07-13 07:07:00,2402.76
2017-07-13 08:07:00,2375.36
2017-07-13 09:07:00,2382.25
2017-07-13 10:07:00,2363.09
2017-07-13 11:07:00,2381.19
2017-07-13 12:07:00,2392.64
2017-07-13 13:07:00,2377.07
2017-07-13 14:07:00,2377.26
2017-07-13 15:07:00,2385.34
2017-07-13 16:07:00,2364.29
2017-07-13 17:07:00,2362.01
2017-07-13 18:07:00,2342.41
2017-07-13 19:07:00,2348.74
2017-07-13 20:07:00,2333.61
2017-07-13 21:07:00,2336.34
2017-07-13 22:07:00,2334.22
2017-07-13 23:07:00,2341.23
2017-07-13 24:07:00,2342.85
2017-07-14 01:07:00,2353.76
2017-07-14 02:07:00,2361.94
2017-07-14 03:07:00,2350.89
2017-07-14 04:07:00,2319.63
2017-07-14 05:07:00,2313.81
2017-07-14 06:07:00,2325.16
2017-07-14 07:07:00,2314.12
2017-07-14 08:07:00,2326.13
2017-07-14 09:07:00,2345.41
2017-07-14 10:07:00,2350.12
2017-07-14 11:07:00,2342.41
2017-07-14 12:07:00,2355.81
2017-07-14 13:07:00,2349.13
2017-07-14 14:07:00,2338.11
2017-07-14 15:07:00,2305.01
2017-07-14 16:07:00,2282.22
2017-07-14 17:07:00,2268.16
2017-07-14 18:07:00,2279.53
2017-07-14 19:07:00,2219.76
2017-07-14 20:07:00,2201.66
2017-07-14 21:07:00,2207.99
2017-07-14 22:07:00,2215.74
2017-07-14 23:07:00,2179.09
2017-07-14 24:07:00,2177.43
2017-07-15 01:07:00,2207.47
2017-07-15 02:07:00,2230.94
2017-07-15 03:07:00,2217.75
2017-07-15 04:07:00,2208.9
2017-07-15 05:07:00,2161.58
2017-07-15 06:07:00,2107.5
2017-07-15 07:07:00,2106.49
2017-07-15 08:07:00,2109.79
2017-07-15 09:07:00,2096.82
2017-07-15 10:07:00,2050.46
2017-07-15 11:07:00,2051.05
2017-07-15 12:07:00,2063.08
2017-07-15 13:07:00,2076.32
2017-07-15 14:07:00,2056.98
2017-07-15 15:07:00,2026.08
2017-07-15 16:07:00,2039.67
2017-07-15 17:07:00,2000.25
2017-07-15 18:07:00,2017.95
2017-07-15 19:07:00,2057.78
2017-07-15 20:07:00,2087.58
2017-07-15 21:07:00,2085.78
2017-07-15 22:07:00,2086.77
2017-07-15 23:07:00,2042.58
2017-07-15 24:07:00,2031.19
2017-07-16 01:07:00,2044.1
2017-07-16 02:07:00,2001.29
2017-07-16 03:07:00,1975.41
2017-07-16 04:07:00,1984.55
2017-07-16 05:07:00,2021.58
2017-07-16 06:07:00,2038.9
2017-07-16 07:07:00,2018.61
2017-07-16 08:07:00,2007.82
2017-07-16 09:07:00,1982.4
2017-07-16 10:07:00,1980.77
2017-07-16 11:07:00,1976.34
2017-07-16 12:07:00,1945.61
2017-07-16 13:07:00,1926.81
2017-07-16 14:07:00,1894.19
2017-07-16 15:07:00,1858.16
2017-07-16 16:07:00,1879.15
2017-07-16 17:07:00,1884.3
2017-07-16 18:07:00,1909.63
2017-07-16 19:07:00,1927.04
2017-07-16 20:07:00,1938.31
2017-07-16 21:07:00,1911.7
2017-07-16 22:07:00,1879.52
2017-07-16 23:07:00,1886.52
2017-07-16 24:07:00,1874.78
2017-07-17 01:07:00,1917.9
2017-07-17 02:07:00,1934.26
2017-07-17 03:07:00,1934.34
2017-07-17 04:07:00,1966.83
2017-07-17 05:07:00,1976.18
2017-07-17 06:07:00,1953.52
2017-07-17 07:07:00,1984.07
2017-07-17 08:07:00,2001.46
2017-07-17 09:07:00,2021.86
2017-07-17 10:07:00,2073.6
2017-07-17 11:07:00,2080
2017-07-17 12:07:00,2063.9
2017-07-17 13:07:00,2048.31
2017-07-17 14:07:00,2033.15
2017-07-17 15:07:00,2002.76
2017-07-17 16:07:00,2031.5
2017-07-17 17:07:00,2055.17
2017-07-17 18:07:00,2082.18
2017-07-17 19:07:00,2072.72
2017-07-17 20:07:00,2121.09
2017-07-17 21:07:00,2148.35
2017-07-17 22:07:00,2138.71
2017-07-17 23:07:00,2167.56
2017-07-17 24:07:00,2177.16
2017-07-18 01:07:00,2186.07
2017-07-18 02:07:00,2216.43
2017-07-18 03:07:00,2211.9
2017-07-18 04:07:00,2179.56
2017-07-18 05:07:00,2200.08
2017-07-18 06:07:00,2185.08
2017-07-18 07:07:00,2184.71
2017-07-18 08:07:00,2217.04
2017-07-18 09:07:00,2251.41
2017-07-18 10:07:00,2277.86
2017-07-18 11:07:00,2265.05
2017-07-18 12:07:00,2236.11
2017-07-18 13:07:00,2241.52
2017-07-18 14:07:00,2287.83
2017-07-18 15:07:00,2310.9
2017-07-18 16:07:00,2324.2
2017-07-18 17:07:00,2342.49
2017-07-18 18:07:00,2351.91
2017-07-18 19:07:00,2308.48
2017-07-18 20:07:00,2319.06
2017-07-18 21:07:00,2351.23
2017-07-18 22:07:00,2361.51
2017-07-18 23:07:00,2349.19
2017-07-18 24:07:00,2355.49
2017-07-19 01:07:00,2312.95
2017-07-19 02:07:00,2312.24
2017-07-19 03:07:00,2282.6
2017-07-19 04:07:00,2274.4
2017-07-19 05:07:00,2276.13
2017-07-19 06:07:00,2337.24
2017-07-19 07:07:00,2337.82
2017-07-19 08:07:00,2347.89
2017-07-19 09:07:00,2373.63
2017-07-19 10:07:00,2394.48
2017-07-19 11:07:00,2394.11
2017-07-19 12:07:00,2369
2017-07-19 13:07:00,2382.88
2017-07-19 14:07:00,2360.54
2017-07-19 15:07:00,2327.74
2017-07-19 16:07:00,2314.2
2017-07-19 17:07:00,2328.26
2017-07-19 18:07:00,2348.51
2017-07-19 19:07:00,2307.15
2017-07-19 20:07:00,2318.84
2017-07-19 21:07:00,2291.95
2017-07-19 22:07:00,2262.27
2017-07-19 23:07:00,2250.78
2017-07-19 24:07:00,2278.52
2017-07-20 01:07:00,2281.18
2017-07-20 02:07:00,2266.76
2017-07-20 03:07:00,2282.08
2017-07-20 04:07:00,2308.87
2017-07-20 05:07:00,2330.76
2017-07-20 06:07:00,2340.53
2017-07-20 07:07:00,2340.65
2017-07-20 08:07:00,2354.17
2017-07-20 09:07:00,2352.08
2017-07-20 10:07:00,2326.53
2017-07-20 11:07:00,2339.55
2017-07-20 12:07:00,2338.77
2017-07-20 13:07:00,2351.03
2017-07-20 14:07:00,2416.8
2017-07-20 15:07:00,2514.29
2017-07-20 16:07:00,2569.42
2017-07-20 17:07:00,2600.23
2017-07-20 18:07:00,2633.74
2017-07-20 19:07:00,2647.48
2017-07-20 20:07:00,2618.31
2017-07-20 21:07:00,2614.21
2017-07-20 22:07:00,2661.56
2017-07-20 23:07:00,2699.29
2017-07-20 24:07:00,2738.42
2017-07-21 01:07:00,2785.73
2017-07-21 02:07:00,2823.06
2017-07-21 03:07:00,2774.39
2017-07-21 04:07:00,2786.17
2017-07-21 05:07:00,2737.89
2017-07-21 06:07:00,2682.1
2017-07-21 07:07:00,2737.82
2017-07-21 08:07:00,2777.61
2017-07-21 09:07:00,2781.88
2017-07-21 10:07:00,2760.46
2017-07-21 11:07:00,2727.32
2017-07-21 12:07:00,2738.8
2017-07-21 13:07:00,2711.95
2017-07-21 14:07:00,2719.96
2017-07-21 15:07:00,2768.77
2017-07-21 16:07:00,2781.3
2017-07-21 17:07:00,2756.49
2017-07-21 18:07:00,2744.57
2017-07-21 19:07:00,2730.33
2017-07-21 20:07:00,2698.5
2017-07-21 21:07:00,2682.48
2017-07-21 22:07:00,2644.42
2017-07-21 23:07:00,2637.09
2017-07-21 24:07:00,2645.95
2017-07-22 01:07:00,2674.43
2017-07-22 02:07:00,2682.66
2017-07-22 03:07:00,2681.4
2017-07-22 04:07:00,2706.7
2017-07-22 05:07:00,2733.91
2017-07-22 06:07:00,2726.55
2017-07-22 07:07:00,2711.98
2017-07-22 08:07:00,2745.29
2017-07-22 09:07:00,2759.81
2017-07-22 10:07:00,2766.56
2017-07-22 11:07:00,2807.38
2017-07-22 12:07:00,2820.48
2017-07-22 13:07:00,2857.7
2017-07-22 14:07:00,2860.96
2017-07-22 15:07:00,2826.79
2017-07-22 16:07:00,2792.49
2017-07-22 17:07:00,2792.9
2017-07-22 18:07:00,2783.97
2017-07-22 19:07:00,2825.17
2017-07-22 20:07:00,2838.88
2017-07-22 21:07:00,2822.39
2017-07-22 22:07:00,2809.21
2017-07-22 23:07:00,2820.62
2017-07-22 24:07:00,2833.8
2017-07-23 01:07:00,2833.62
2017-07-23 02:07:00,2841.05
2017-07-23 03:07:00,2858.31
2017-07-23 04:07:00,2855.17
2017-07-23 05:07:00,2825.74
2017-07-23 06:07:00,2827.63
2017-07-23 07:07:00,2777.02
2017-07-23 08:07:00,2815.07
2017-07-23 09:07:00,2777.36
2017-07-23 10:07:00,2756.25
2017-07-23 11:07:00,2735.95
2017-07-23 12:07:00,2757.91
2017-07-23 13:07:00,2710.11
2017-07-23 14:07:00,2683.75
2017-07-23 15:07:00,2710
2017-07-23 16:07:00,2749.26
2017-07-23 17:07:00,2792.11
2017-07-23 18:07:00,2786.6
2017-07-23 19:07:00,2775.11
2017-07-23 20:07:00,2784.74
2017-07-23 21:07:00,2779.4
2017-07-23 22:07:00,2786.13
2017-07-23 23:07:00,2782.79
2017-07-23 24:07:00,2779.16
2017-07-24 01:07:00,2739.52
2017-07-24 02:07:00,2751.04
2017-07-24 03:07:00,2754.7
2017-07-24 04:07:00,2775.6
2017-07-24 05:07:00,2771.15
2017-07-24 06:07:00,2763.88
2017-07-24 07:07:00,2754.81
2017-07-24 08:07:00,2729.54
2017-07-24 09:07:00,2735.94
2017-07-24 10:07:00,2740.89
2017-07-24 11:07:00,2734.07
2017-07-24 12:07:00,2761.46
2017-07-24 13:07:00,2750.33
2017-07-24 14:07:00,2765.97
2017-07-24 15:07:00,2763.13
2017-07-24 16:07:00,2781.87
2017-07-24 17:07:00,2790.85
2017-07-24 18:07:00,2778.4
2017-07-24 19:07:00,2772.96
2017-07-24 20:07:00,2748.04
2017-07-24 21:07:00,2737.65
2017-07-24 22:07:00,2754.12
2017-07-24 23:07:00,2754.72
2017-07-24 24:07:00,2758.82
2017-07-25 01:07:00,2767.58
2017-07-25 02:07:00,2769.49
2017-07-25 03:07:00,2777.62
2017-07-25 04:07:00,2765.54
2017-07-25 05:07:00,2760.82
2017-07-25 06:07:00,2756.04
2017-07-25 07:07:00,2769.36
2017-07-25 08:07:00,2769.55
2017-07-25 09:07:00,2707.6
2017-07-25 10:07:00,2668.44
2017-07-25 11:07:00,2681.18
2017-07-25 12:07:00,2675.6
2017-07-25 13:07:00,2618.65
2017-07-25 14:07:00,2573.42
2017-07-25 15:07:00,2567.92
2017-07-25 16:07:00,2548.23
2017-07-25 17:07:00,2594.64
2017-07-25 18:07:00,2606.68
2017-07-25 19:07:00,2565.7
2017-07-25 20:07:00,2547.39
2017-07-25 21:07:00,2521.61
2017-07-25 22:07:00,2475.33
2017-07-25 23:07:00,2475.12
2017-07-25 24:07:00,2551.5
2017-07-26 01:07:00,2556.82
2017-07-26 02:07:00,2576.62
2017-07-26 03:07:00,2609.6
2017-07-26 04:07:00,2586.31
2017-07-26 05:07:00,2534.05
2017-07-26 06:07:00,2511.79
2017-07-26 07:07:00,2540.1
2017-07-26 08:07:00,2490.74
2017-07-26 09:07:00,2475.92
2017-07-26 10:07:00,2498.37
2017-07-26 11:07:00,2523.51
2017-07-26 12:07:00,2519.74
2017-07-26 13:07:00,2542.83
2017-07-26 14:07:00,2538.26
2017-07-26 15:07:00,2556.3
2017-07-26 16:07:00,2499.58
2017-07-26 17:07:00,2528.43
2017-07-26 18:07:00,2467.06
2017-07-26 19:07:00,2446.55
2017-07-26 20:07:00,2478.48
2017-07-26 21:07:00,2501.88
2017-07-26 22:07:00,2505.06
2017-07-26 23:07:00,2501.92
2017-07-26 24:07:00,2509.58
2017-07-27 01:07:00,2499.62
2017-07-27 02:07:00,2538.48
2017-07-27 03:07:00,2560.34
2017-07-27 04:07:00,2566.22
2017-07-27 05:07:00,2553.52
2017-07-27 06:07:00,2563.23
2017-07-27 07:07:00,2585.04
2017-07-27 08:07:00,2581.11
2017-07-27 09:07:00,2584.4
2017-07-27 10:07:00,2568.26
2017-07-27 11:07:00,2563.56
2017-07-27 12:07:00,2584.44
2017-07-27 13:07:00,2606.05
2017-07-27 14:07:00,2597.63
2017-07-27 15:07:00,2597.12
2017-07-27 16:07:00,2609.68
2017-07-27 17:07:00,2583.02
2017-07-27 18:07:00,2569.33
2017-07-27 19:07:00,2567.64
2017-07-27 20:07:00,2585.53
2017-07-27 21:07:00,2591.74
2017-07-27 22:07:00,2576.53
2017-07-27 23:07:00,2568.55
2017-07-27 24:07:00,2637.85
2017-07-28 01:07:00,2661.19
2017-07-28 02:07:00,2681.35
2017-07-28 03:07:00,2709.02
2017-07-28 04:07:00,2713.35
2017-07-28 05:07:00,2699.35
2017-07-28 06:07:00,2688.15
2017-07-28 07:07:00,2687.95
2017-07-28 08:07:00,2688.95
2017-07-28 09:07:00,2707.29
2017-07-28 10:07:00,2720.24
2017-07-28 11:07:00,2768.28
2017-07-28 12:07:00,2769.25
2017-07-28 13:07:00,2764.74
2017-07-28 14:07:00,2802.89
2017-07-28 15:07:00,2808.72
2017-07-28 16:07:00,2792.05
2017-07-28 17:07:00,2787.19
2017-07-28 18:07:00,2746.72
2017-07-28 19:07:00,2776.65
2017-07-28 20:07:00,2778.78
2017-07-28 21:07:00,2778.38
2017-07-28 22:07:00,2774.49
2017-07-28 23:07:00,2756.33
2017-07-28 24:07:00,2781.3
2017-07-29 01:07:00,2806.19
2017-07-29 02:07:00,2799.78
2017-07-29 03:07:00,2789.67
2017-07-29 04:07:00,2780.62
2017-07-29 05:07:00,2751.29
2017-07-29 06:07:00,2738.43
2017-07-29 07:07:00,2706.88
2017-07-29 08:07:00,2742.91
2017-07-29 09:07:00,2763.09
2017-07-29 10:07:00,2757.25
2017-07-29 11:07:00,2757.88
2017-07-29 12:07:00,2760.47
2017-07-29 13:07:00,2724.67
2017-07-29 14:07:00,2704.83
2017-07-29 15:07:00,2707.87
2017-07-29 16:07:00,2705.74
2017-07-29 17:07:00,2704.86
2017-07-29 18:07:00,2721.5
2017-07-29 19:07:00,2718.86
2017-07-29 20:07:00,2734.83
2017-07-29 21:07:00,2742.1
2017-07-29 22:07:00,2748.01
2017-07-29 23:07:00,2732.69
2017-07-29 24:07:00,2737.97
2017-07-30 01:07:00,2699.77
2017-07-30 02:07:00,2720.36
2017-07-30 03:07:00,2711.18
2017-07-30 04:07:00,2712.4
2017-07-30 05:07:00,2702.57
2017-07-30 06:07:00,2708.51
2017-07-30 07:07:00,2715.7
2017-07-30 08:07:00,2659.61
2017-07-30 09:07:00,2636.81
2017-07-30 10:07:00,2646.67
2017-07-30 11:07:00,2647.42
2017-07-30 12:07:00,2663.44
2017-07-30 13:07:00,2650.88
2017-07-30 14:07:00,2657.08
2017-07-30 15:07:00,2677.11
2017-07-30 16:07:00,2669.97
2017-07-30 17:07:00,2703.61
2017-07-30 18:07:00,2731.06
2017-07-30 19:07:00,2723.76
2017-07-30 20:07:00,2722.19
2017-07-30 21:07:00,2746.8
2017-07-30 22:07:00,2747.46
2017-07-30 23:07:00,2730.92
2017-07-30 24:07:00,2734.47
2017-07-31 01:07:00,2743.22
2017-07-31 02:07:00,2743.42
2017-07-31 03:07:00,2744.31
2017-07-31 04:07:00,2715.59
2017-07-31 05:07:00,2717.14
2017-07-31 06:07:00,2730.73
2017-07-31 07:07:00,2721.41
2017-07-31 08:07:00,2723.31
2017-07-31 09:07:00,2731.37
2017-07-31 10:07:00,2746.03
2017-07-31 11:07:00,2753.73
2017-07-31 12:07:00,2744.24
2017-07-31 13:07:00,2754.62
2017-07-31 14:07:00,2775.2
2017-07-31 15:07:00,2799.53
2017-07-31 16:07:00,2805.79
2017-07-31 17:07:00,2781.47
2017-07-31 18:07:00,2786.28
2017-07-31 19:07:00,2797.84
2017-07-31 20:07:00,2798.59
2017-07-31 21:07:00,2810.11
2017-07-31 22:07:00,2831.37
2017-07-31 23:07:00,2879.86
2017-07-31 24:07:00,2870.84
2017-08-01 01:08:00,2871.1
2017-08-01 02:08:00,2868.29
2017-08-01 03:08:00,2846.3
2017-08-01 04:08:00,2853.05
2017-08-01 05:08:00,2868.35
2017-08-01 06:08:00,2870.06
2017-08-01 07:08:00,2879.59
2017-08-01 08:08:00,2912.31
2017-08-01 09:08:00,2895.59
2017-08-01 10:08:00,2841.36
2017-08-01 11:08:00,2757.82
2017-08-01 12:08:00,2734.83
2017-08-01 13:08:00,2782.43
2017-08-01 14:08:00,2788.31
2017-08-01 15:08:00,2735.15
2017-08-01 16:08:00,2696.77
2017-08-01 17:08:00,2714.61
2017-08-01 18:08:00,2712.05
2017-08-01 19:08:00,2708.95
2017-08-01 20:08:00,2740.14
2017-08-01 21:08:00,2761.06
2017-08-01 22:08:00,2764.02
2017-08-01 23:08:00,2775.96
2017-08-01 24:08:00,2745.51
2017-08-02 01:08:00,2739.01
2017-08-02 02:08:00,2733.87
2017-08-02 03:08:00,2724.14
2017-08-02 04:08:00,2717.69
2017-08-02 05:08:00,2752.46
2017-08-02 06:08:00,2750.9
2017-08-02 07:08:00,2760.67
2017-08-02 08:08:00,2758.71
2017-08-02 09:08:00,2751.31
2017-08-02 10:08:00,2734
2017-08-02 11:08:00,2724.66
2017-08-02 12:08:00,2739.88
2017-08-02 13:08:00,2728.62
2017-08-02 14:08:00,2739.77
2017-08-02 15:08:00,2757.89
2017-08-02 16:08:00,2698.27
2017-08-02 17:08:00,2698.62
2017-08-02 18:08:00,2712.89
2017-08-02 19:08:00,2713.84
2017-08-02 20:08:00,2727.56
2017-08-02 21:08:00,2730.92
2017-08-02 22:08:00,2720.26
2017-08-02 23:08:00,2694.68
2017-08-02 24:08:00,2674.63
2017-08-03 01:08:00,2697.86
2017-08-03 02:08:00,2701.39
2017-08-03 03:08:00,2725.63
2017-08-03 04:08:00,2715.57
2017-08-03 05:08:00,2721.14
2017-08-03 06:08:00,2726.05
2017-08-03 07:08:00,2728.37
2017-08-03 08:08:00,2728.37
2017-08-03 09:08:00,2732.73
2017-08-03 10:08:00,2740.02
2017-08-03 11:08:00,2742.06
2017-08-03 12:08:00,2761.47
2017-08-03 13:08:00,2764.49
2017-08-03 14:08:00,2746.3
2017-08-03 15:08:00,2744.58
2017-08-03 16:08:00,2754.98
2017-08-03 17:08:00,2747.15
2017-08-03 18:08:00,2772.69
2017-08-03 19:08:00,2784.51
2017-08-03 20:08:00,2769.84
2017-08-03 21:08:00,2776.72
2017-08-03 22:08:00,2795.4
2017-08-03 23:08:00,2797.05
2017-08-03 24:08:00,2797.14
2017-08-04 01:08:00,2808.21
2017-08-04 02:08:00,2809.36
2017-08-04 03:08:00,2813.54
2017-08-04 04:08:00,2794.03
2017-08-04 05:08:00,2799.95
2017-08-04 06:08:00,2799.68
2017-08-04 07:08:00,2786.32
2017-08-04 08:08:00,2788
2017-08-04 09:08:00,2800.06
2017-08-04 10:08:00,2811.37
2017-08-04 11:08:00,2843.3
2017-08-04 12:08:00,2851.98
2017-08-04 13:08:00,2861.45
2017-08-04 14:08:00,2868.8
2017-08-04 15:08:00,2855.9
2017-08-04 16:08:00,2871
2017-08-04 17:08:00,2861.8
2017-08-04 18:08:00,2883.11
2017-08-04 19:08:00,2880.93
2017-08-04 20:08:00,2858.77
2017-08-04 21:08:00,2860.46
2017-08-04 22:08:00,2842.7
2017-08-04 23:08:00,2849.58
2017-08-04 24:08:00,2853.95
2017-08-05 01:08:00,2876.38
2017-08-05 02:08:00,2869.09
2017-08-05 03:08:00,2872.48
2017-08-05 04:08:00,2881.95
2017-08-05 05:08:00,2929.96
2017-08-05 06:08:00,3085.19
2017-08-05 07:08:00,3142.44
2017-08-05 08:08:00,3130.21
2017-08-05 09:08:00,3143.19
2017-08-05 10:08:00,3136.42
2017-08-05 11:08:00,3172.37
2017-08-05 12:08:00,3208.69
2017-08-05 13:08:00,3190.65
2017-08-05 14:08:00,3154.49
2017-08-05 15:08:00,3161.42
2017-08-05 16:08:00,3177.67
2017-08-05 17:08:00,3205.83
2017-08-05 18:08:00,3203.03
2017-08-05 19:08:00,3263.06
2017-08-05 20:08:00,3302.19
2017-08-05 21:08:00,3287.62
2017-08-05 22:08:00,3273.88
2017-08-05 23:08:00,3264.58
2017-08-05 24:08:00,3213.52
2017-08-06 01:08:00,3242.64
2017-08-06 02:08:00,3242.92
2017-08-06 03:08:00,3276.15
2017-08-06 04:08:00,3280.95
2017-08-06 05:08:00,3247.98
2017-08-06 06:08:00,3213.88
2017-08-06 07:08:00,3226.57
2017-08-06 08:08:00,3203.25
2017-08-06 09:08:00,3220.47
2017-08-06 10:08:00,3191.95
2017-08-06 11:08:00,3178.47
2017-08-06 12:08:00,3210.39
2017-08-06 13:08:00,3196.95
2017-08-06 14:08:00,3193.61
2017-08-06 15:08:00,3208.29
2017-08-06 16:08:00,3204.77
2017-08-06 17:08:00,3240.48
2017-08-06 18:08:00,3248.22
2017-08-06 19:08:00,3275.08
2017-08-06 20:08:00,3278.63
2017-08-06 21:08:00,3267.83
2017-08-06 22:08:00,3273.01
2017-08-06 23:08:00,3274.41
2017-08-06 24:08:00,3253.59
2017-08-07 01:08:00,3257.25
2017-08-07 02:08:00,3236.8
2017-08-07 03:08:00,3226.52
2017-08-07 04:08:00,3207.52
2017-08-07 05:08:00,3222.53
2017-08-07 06:08:00,3240.38
2017-08-07 07:08:00,3236.02
2017-08-07 08:08:00,3245.69
2017-08-07 09:08:00,3267.9
2017-08-07 10:08:00,3245.05
2017-08-07 11:08:00,3250.91
2017-08-07 12:08:00,3231.2
2017-08-07 13:08:00,3279.8
2017-08-07 14:08:00,3337.33
2017-08-07 15:08:00,3393.82
2017-08-07 16:08:00,3400.28
2017-08-07 17:08:00,3383
2017-08-07 18:08:00,3389.92
2017-08-07 19:08:00,3379.07
2017-08-07 20:08:00,3364.04
2017-08-07 21:08:00,3347.62
2017-08-07 22:08:00,3354.66
2017-08-07 23:08:00,3363.02
2017-08-07 24:08:00,3362.8
2017-08-08 01:08:00,3379.49
2017-08-08 02:08:00,3400.55
2017-08-08 03:08:00,3384.22
2017-08-08 04:08:00,3392.52
2017-08-08 05:08:00,3409.44
2017-08-08 06:08:00,3441.16
2017-08-08 07:08:00,3453.19
2017-08-08 08:08:00,3439.73
2017-08-08 09:08:00,3438.5
2017-08-08 10:08:00,3455.13
2017-08-08 11:08:00,3485.41
2017-08-08 12:08:00,3453.41
2017-08-08 13:08:00,3433.16
2017-08-08 14:08:00,3437.16
2017-08-08 15:08:00,3454.16
2017-08-08 16:08:00,3396.44
2017-08-08 17:08:00,3387.36
2017-08-08 18:08:00,3405.61
2017-08-08 19:08:00,3364.07
2017-08-08 20:08:00,3391.61
2017-08-08 21:08:00,3384.99
2017-08-08 22:08:00,3427.81
2017-08-08 23:08:00,3448.56
2017-08-08 24:08:00,3427.36
2017-08-09 01:08:00,3443.44
2017-08-09 02:08:00,3436.55
2017-08-09 03:08:00,3412.42
2017-08-09 04:08:00,3394.2
2017-08-09 05:08:00,3378.83
2017-08-09 06:08:00,3392.34
2017-08-09 07:08:00,3383.55
2017-08-09 08:08:00,3379.4
2017-08-09 09:08:00,3398.48
2017-08-09 10:08:00,3397.72
2017-08-09 11:08:00,3401.06
2017-08-09 12:08:00,3377.78
2017-08-09 13:08:00,3301.64
2017-08-09 14:08:00,3303.64
2017-08-09 15:08:00,3321.05
2017-08-09 16:08:00,3310.27
2017-08-09 17:08:00,3265.29
2017-08-09 18:08:00,3286.04
2017-08-09 19:08:00,3303.42
2017-08-09 20:08:00,3322.5
2017-08-09 21:08:00,3336.53
2017-08-09 22:08:00,3340.78
2017-08-09 23:08:00,3360.72
2017-08-09 24:08:00,3365.91
2017-08-10 01:08:00,3341.17
2017-08-10 02:08:00,3342.83
2017-08-10 03:08:00,3351.09
2017-08-10 04:08:00,3356.66
2017-08-10 05:08:00,3348.82
2017-08-10 06:08:00,3334.7
2017-08-10 07:08:00,3343.52
2017-08-10 08:08:00,3361.98
2017-08-10 09:08:00,3377.72
2017-08-10 10:08:00,3395.19
2017-08-10 11:08:00,3403.45
2017-08-10 12:08:00,3420.91
2017-08-10 13:08:00,3405.65
2017-08-10 14:08:00,3408.94
2017-08-10 15:08:00,3397.11
2017-08-10 16:08:00,3411.34
2017-08-10 17:08:00,3440.57
2017-08-10 18:08:00,3447.11
2017-08-10 19:08:00,3444.89
2017-08-10 20:08:00,3432.92
2017-08-10 21:08:00,3413.45
2017-08-10 22:08:00,3424.36
2017-08-10 23:08:00,3415.94
2017-08-10 24:08:00,3429.45
2017-08-11 01:08:00,3425.07
2017-08-11 02:08:00,3436.43
2017-08-11 03:08:00,3422.16
2017-08-11 04:08:00,3419.99
2017-08-11 05:08:00,3431.77
2017-08-11 06:08:00,3435.58
2017-08-11 07:08:00,3440.01
2017-08-11 08:08:00,3467.85
2017-08-11 09:08:00,3473.92
2017-08-11 10:08:00,3491.82
2017-08-11 11:08:00,3489.55
2017-08-11 12:08:00,3502.46
2017-08-11 13:08:00,3489.44
2017-08-11 14:08:00,3488.58
2017-08-11 15:08:00,3524.18
2017-08-11 16:08:00,3548.03
2017-08-11 17:08:00,3554.93
2017-08-11 18:08:00,3558.07
2017-08-11 19:08:00,3534.97
2017-08-11 20:08:00,3537.36
2017-08-11 21:08:00,3550.87
2017-08-11 22:08:00,3549
2017-08-11 23:08:00,3569.15
2017-08-11 24:08:00,3606.77
2017-08-12 01:08:00,3643.1
2017-08-12 02:08:00,3664.89
2017-08-12 03:08:00,3662.59
2017-08-12 04:08:00,3632.53
2017-08-12 05:08:00,3629.28
2017-08-12 06:08:00,3660.61
2017-08-12 07:08:00,3691.92
2017-08-12 08:08:00,3712.05
2017-08-12 09:08:00,3753.94
2017-08-12 10:08:00,3788.51
2017-08-12 11:08:00,3754.04
2017-08-12 12:08:00,3761.36
2017-08-12 13:08:00,3777.73
2017-08-12 14:08:00,3769.96
2017-08-12 15:08:00,3762.01
2017-08-12 16:08:00,3762.92
2017-08-12 17:08:00,3790.64
2017-08-12 18:08:00,3850.71
2017-08-12 19:08:00,3903.83
2017-08-12 20:08:00,3858.68
2017-08-12 21:08:00,3894.25
2017-08-12 22:08:00,3891.61
2017-08-12 23:08:00,3800.79
2017-08-12 24:08:00,3803.39
2017-08-13 01:08:00,3826.05
2017-08-13 02:08:00,3851.2
2017-08-13 03:08:00,3913.62
2017-08-13 04:08:00,4001.16
2017-08-13 05:08:00,4023.1
2017-08-13 06:08:00,4079.68
2017-08-13 07:08:00,4029.59
2017-08-13 08:08:00,4001.57
2017-08-13 09:08:00,4071.65
2017-08-13 10:08:00,4138.55
2017-08-13 11:08:00,4163.13
2017-08-13 12:08:00,4150.57
2017-08-13 13:08:00,4045.92
2017-08-13 14:08:00,3985.84
2017-08-13 15:08:00,3914.44
2017-08-13 16:08:00,3935.16
2017-08-13 17:08:00,3976.46
2017-08-13 18:08:00,4026.72
2017-08-13 19:08:00,4061.85
2017-08-13 20:08:00,4020.64
2017-08-13 21:08:00,4064.42
2017-08-13 22:08:00,4004.15
2017-08-13 23:08:00,4010.38
2017-08-13 24:08:00,4072.48
2017-08-14 01:08:00,4112.46
2017-08-14 02:08:00,4074.17
2017-08-14 03:08:00,4087.67
2017-08-14 04:08:00,4090.86
2017-08-14 05:08:00,4070.69
2017-08-14 06:08:00,4014.68
2017-08-14 07:08:00,4028.38
2017-08-14 08:08:00,4050.63
2017-08-14 09:08:00,4066.15
2017-08-14 10:08:00,4084
2017-08-14 11:08:00,4120.48
2017-08-14 12:08:00,4182.34
2017-08-14 13:08:00,4202.73
2017-08-14 14:08:00,4179.99
2017-08-14 15:08:00,4171.84
2017-08-14 16:08:00,4244.36
2017-08-14 17:08:00,4274.69
2017-08-14 18:08:00,4257.63
2017-08-14 19:08:00,4259.53
2017-08-14 20:08:00,4292.29
2017-08-14 21:08:00,4271.78
2017-08-14 22:08:00,4246.68
2017-08-14 23:08:00,4252.99
2017-08-14 24:08:00,4288.65
2017-08-15 01:08:00,4248.12
2017-08-15 02:08:00,4305.17
2017-08-15 03:08:00,4348.21
2017-08-15 04:08:00,4355.69
2017-08-15 05:08:00,4397.06
2017-08-15 06:08:00,4414.48
2017-08-15 07:08:00,4368.36
2017-08-15 08:08:00,4386.32
2017-08-15 09:08:00,4276.73
2017-08-15 10:08:00,4277.21
2017-08-15 11:08:00,4294.83
2017-08-15 12:08:00,4163.02
2017-08-15 13:08:00,4038.01
2017-08-15 14:08:00,4079.8
2017-08-15 15:08:00,4073.9
2017-08-15 16:08:00,4009.45
2017-08-15 17:08:00,3895.48
2017-08-15 18:08:00,3978.03
2017-08-15 19:08:00,4043.2
2017-08-15 20:08:00,4085.39
2017-08-15 21:08:00,4122.23
2017-08-15 22:08:00,4074.5
2017-08-15 23:08:00,4039
2017-08-15 24:08:00,4115.75
2017-08-16 01:08:00,4183.35
2017-08-16 02:08:00,4165.68
2017-08-16 03:08:00,4168.26
2017-08-16 04:08:00,4125.94
2017-08-16 05:08:00,4088.57
2017-08-16 06:08:00,4080.01
2017-08-16 07:08:00,4056.32
2017-08-16 08:08:00,3992.88
2017-08-16 09:08:00,3994.14
2017-08-16 10:08:00,4092.4
2017-08-16 11:08:00,4118.02
2017-08-16 12:08:00,4153.4
2017-08-16 13:08:00,4128.49
2017-08-16 14:08:00,4085.68
2017-08-16 15:08:00,4090.16
2017-08-16 16:08:00,4124.89
2017-08-16 17:08:00,4124.28
2017-08-16 18:08:00,4261.34
2017-08-16 19:08:00,4332.87
2017-08-16 20:08:00,4304.82
2017-08-16 21:08:00,4285.15
2017-08-16 22:08:00,4306.17
2017-08-16 23:08:00,4339.13
2017-08-16 24:08:00,4349.48
2017-08-17 01:08:00,4316.2
2017-08-17 02:08:00,4374.91
2017-08-17 03:08:00,4381.15
2017-08-17 04:08:00,4355.53
2017-08-17 05:08:00,4327.82
2017-08-17 06:08:00,4275.7
2017-08-17 07:08:00,4290.17
2017-08-17 08:08:00,4315.96
2017-08-17 09:08:00,4323.56
2017-08-17 10:08:00,4333.29
2017-08-17 11:08:00,4370.69
2017-08-17 12:08:00,4427.24
2017-08-17 13:08:00,4450.53
2017-08-17 14:08:00,4459.44
2017-08-17 15:08:00,4432.25
2017-08-17 16:08:00,4453.34
2017-08-17 17:08:00,4464.92
2017-08-17 18:08:00,4398.56
2017-08-17 19:08:00,4312.53
2017-08-17 20:08:00,4316.8
2017-08-17 21:08:00,4250.44
2017-08-17 22:08:00,4257.6
2017-08-17 23:08:00,4295.34
2017-08-17 24:08:00,4345.71
2017-08-18 01:08:00,4323.99
2017-08-18 02:08:00,4315.17
2017-08-18 03:08:00,4284.88
2017-08-18 04:08:00,4225.71
2017-08-18 05:08:00,4265
2017-08-18 06:08:00,4283.4
2017-08-18 07:08:00,4268.44
2017-08-18 08:08:00,4314.7
2017-08-18 09:08:00,4292.95
2017-08-18 10:08:00,4296.56
2017-08-18 11:08:00,4287.82
2017-08-18 12:08:00,4302.52
2017-08-18 13:08:00,4343.81
2017-08-18 14:08:00,4335.74
2017-08-18 15:08:00,4328.34
2017-08-18 16:08:00,4278.51
2017-08-18 17:08:00,4240.52
2017-08-18 18:08:00,4240.73
2017-08-18 19:08:00,4263.1
2017-08-18 20:08:00,4172.59
2017-08-18 21:08:00,4153.81
2017-08-18 22:08:00,4072.15
2017-08-18 23:08:00,4057.14
2017-08-18 24:08:00,4001.45
2017-08-19 01:08:00,4098.95
2017-08-19 02:08:00,4113.3
2017-08-19 03:08:00,4139.84
2017-08-19 04:08:00,4176.1
2017-08-19 05:08:00,4171.31
2017-08-19 06:08:00,4145.83
2017-08-19 07:08:00,4135.68
2017-08-19 08:08:00,4090.29
2017-08-19 09:08:00,4027.45
2017-08-19 10:08:00,3989.7
2017-08-19 11:08:00,4034.18
2017-08-19 12:08:00,4056.25
2017-08-19 13:08:00,4029.48
2017-08-19 14:08:00,3979.88
2017-08-19 15:08:00,4051.56
2017-08-19 16:08:00,4086.92
2017-08-19 17:08:00,4060.93
2017-08-19 18:08:00,4005.18
2017-08-19 19:08:00,4018.34
2017-08-19 20:08:00,4041.18
2017-08-19 21:08:00,4076.09
2017-08-19 22:08:00,4090.07
2017-08-19 23:08:00,4098
2017-08-19 24:08:00,4144.16
2017-08-20 01:08:00,4160.23
2017-08-20 02:08:00,4171.74
2017-08-20 03:08:00,4094.77
2017-08-20 04:08:00,4067.39
2017-08-20 05:08:00,4109.92
2017-08-20 06:08:00,4107.44
2017-08-20 07:08:00,4097.47
2017-08-20 08:08:00,4096.66
2017-08-20 09:08:00,4104.73
2017-08-20 10:08:00,4134.38
2017-08-20 11:08:00,4150.97
2017-08-20 12:08:00,4128.29
2017-08-20 13:08:00,4113.29
2017-08-20 14:08:00,4078.97
2017-08-20 15:08:00,4100.89
2017-08-20 16:08:00,4081.72
2017-08-20 17:08:00,4085.51
2017-08-20 18:08:00,4098.73
2017-08-20 19:08:00,4099.59
2017-08-20 20:08:00,4113.13
2017-08-20 21:08:00,4119.65
2017-08-20 22:08:00,4159.78
2017-08-20 23:08:00,4124
2017-08-20 24:08:00,4133.14
2017-08-21 01:08:00,4150.06
2017-08-21 02:08:00,4082.05
2017-08-21 03:08:00,4077.29
2017-08-21 04:08:00,4074.95
2017-08-21 05:08:00,4056.03
2017-08-21 06:08:00,4078.51
2017-08-21 07:08:00,4073.36
2017-08-21 08:08:00,4038.81
2017-08-21 09:08:00,3991.26
2017-08-21 10:08:00,4015.55
2017-08-21 11:08:00,4045.85
2017-08-21 12:08:00,4068.38
2017-08-21 13:08:00,4071.38
2017-08-21 14:08:00,4057.79
2017-08-21 15:08:00,4039.63
2017-08-21 16:08:00,4009.78
2017-08-21 17:08:00,4012.06
2017-08-21 18:08:00,4025.7
2017-08-21 19:08:00,4016.01
2017-08-21 20:08:00,4007.77
2017-08-21 21:08:00,4002.82
2017-08-21 22:08:00,4030.95
2017-08-21 23:08:00,4014.89
2017-08-21 24:08:00,4483.32
2017-08-22 01:08:00,4028.38
2017-08-22 02:08:00,3999.35
2017-08-22 03:08:00,3919.75
2017-08-22 04:08:00,3867.86
2017-08-22 05:08:00,3881.27
2017-08-22 06:08:00,3876
2017-08-22 07:08:00,3742.93
2017-08-22 08:08:00,3705.39
2017-08-22 09:08:00,3815.31
2017-08-22 10:08:00,3791.57
2017-08-22 11:08:00,3802.16
2017-08-22 12:08:00,3888.28
2017-08-22 13:08:00,3900.37
2017-08-22 14:08:00,3907.13
2017-08-22 15:08:00,4392.76
2017-08-22 16:08:00,3948.53
2017-08-22 17:08:00,3900.66
2017-08-22 18:08:00,3915.75
2017-08-22 19:08:00,3956.97
2017-08-22 20:08:00,4004.66
2017-08-22 21:08:00,4098.38
2017-08-22 22:08:00,4118.24
2017-08-22 23:08:00,4087.08
2017-08-22 24:08:00,4086.78
2017-08-23 01:08:00,4080.1
2017-08-23 02:08:00,4068.3
2017-08-23 03:08:00,4079.9
2017-08-23 04:08:00,4101.68
2017-08-23 05:08:00,4119.21
2017-08-23 06:08:00,4112.23
2017-08-23 07:08:00,4120.93
2017-08-23 08:08:00,4089.18
2017-08-23 09:08:00,4109.74
2017-08-23 10:08:00,4122.96
2017-08-23 11:08:00,4138.19
2017-08-23 12:08:00,4222.76
2017-08-23 13:08:00,4239.74
2017-08-23 14:08:00,4224.23
2017-08-23 15:08:00,4232.77
2017-08-23 16:08:00,4201.31
2017-08-23 17:08:00,4195.6
2017-08-23 18:08:00,4209.9
2017-08-23 19:08:00,4242.73
2017-08-23 20:08:00,4199.35
2017-08-23 21:08:00,4182.43
2017-08-23 22:08:00,4153.17
2017-08-23 23:08:00,4108.82
2017-08-23 24:08:00,4125.91
2017-08-24 01:08:00,4132.24
2017-08-24 02:08:00,4163.36
2017-08-24 03:08:00,4161.11
2017-08-24 04:08:00,4182.06
2017-08-24 05:08:00,4176.22
2017-08-24 06:08:00,4141.38
2017-08-24 07:08:00,4141.37
2017-08-24 08:08:00,4154.14
2017-08-24 09:08:00,4162.42
2017-08-24 10:08:00,4175.32
2017-08-24 11:08:00,4206.64
2017-08-24 12:08:00,4196.57
2017-08-24 13:08:00,4185.31
2017-08-24 14:08:00,4192.27
2017-08-24 15:08:00,4171.6
2017-08-24 16:08:00,4181.29
2017-08-24 17:08:00,4221.65
2017-08-24 18:08:00,4236.36
2017-08-24 19:08:00,4237.26
2017-08-24 20:08:00,4212.18
2017-08-24 21:08:00,4215.49
2017-08-24 22:08:00,4231.91
2017-08-24 23:08:00,4223.84
2017-08-24 24:08:00,4226.58
2017-08-25 01:08:00,4291.47
2017-08-25 02:08:00,4343.15
2017-08-25 03:08:00,4353.68
2017-08-25 04:08:00,4367.16
2017-08-25 05:08:00,4358.54
2017-08-25 06:08:00,4330.24
2017-08-25 07:08:00,4339.12
2017-08-25 08:08:00,4328.63
2017-08-25 09:08:00,4319.91
2017-08-25 10:08:00,4357.97
2017-08-25 11:08:00,4353.44
2017-08-25 12:08:00,4372.8
2017-08-25 13:08:00,4369.74
2017-08-25 14:08:00,4351.09
2017-08-25 15:08:00,4355.96
2017-08-25 16:08:00,4357.82
2017-08-25 17:08:00,4386.73
2017-08-25 18:08:00,4427.06
2017-08-25 19:08:00,4455.1
2017-08-25 20:08:00,4434.67
2017-08-25 21:08:00,4443.94
2017-08-25 22:08:00,4346.69
2017-08-25 23:08:00,4317.08
2017-08-25 24:08:00,4349.42
2017-08-26 01:08:00,4372.32
2017-08-26 02:08:00,4361.41
2017-08-26 03:08:00,4375.5
2017-08-26 04:08:00,4339.51
2017-08-26 05:08:00,4309.55
2017-08-26 06:08:00,4293.41
2017-08-26 07:08:00,4321.83
2017-08-26 08:08:00,4312.5
2017-08-26 09:08:00,4327.57
2017-08-26 10:08:00,4339.97
2017-08-26 11:08:00,4349.21
2017-08-26 12:08:00,4316.48
2017-08-26 13:08:00,4324.04
2017-08-26 14:08:00,4322.64
2017-08-26 15:08:00,4279.07
2017-08-26 16:08:00,4282.85
2017-08-26 17:08:00,4289.42
2017-08-26 18:08:00,4309.9
2017-08-26 19:08:00,4303.06
2017-08-26 20:08:00,4297.73
2017-08-26 21:08:00,4317.3
2017-08-26 22:08:00,4350.57
2017-08-26 23:08:00,4357.78
2017-08-26 24:08:00,4361.22
2017-08-27 01:08:00,4349.12
2017-08-27 02:08:00,4355.43
2017-08-27 03:08:00,4349.72
2017-08-27 04:08:00,4388.25
2017-08-27 05:08:00,4393.09
2017-08-27 06:08:00,4358.78
2017-08-27 07:08:00,4354.84
2017-08-27 08:08:00,4335.49
2017-08-27 09:08:00,4361.95
2017-08-27 10:08:00,4363.52
2017-08-27 11:08:00,4334.13
2017-08-27 12:08:00,4342.3
2017-08-27 13:08:00,4334.12
2017-08-27 14:08:00,4355.73
2017-08-27 15:08:00,4346.3
2017-08-27 16:08:00,4339.56
2017-08-27 17:08:00,4343.51
2017-08-27 18:08:00,4352.42
2017-08-27 19:08:00,4353.94
2017-08-27 20:08:00,4355.23
2017-08-27 21:08:00,4358.09
2017-08-27 22:08:00,4363.28
2017-08-27 23:08:00,4370.79
2017-08-27 24:08:00,4363.98
2017-08-28 01:08:00,4356.35
2017-08-28 02:08:00,4350.99
2017-08-28 03:08:00,4325.4
2017-08-28 04:08:00,4316.24
2017-08-28 05:08:00,4316.82
2017-08-28 06:08:00,4303.88
2017-08-28 07:08:00,4229.23
2017-08-28 08:08:00,4240.58
2017-08-28 09:08:00,4257.3
2017-08-28 10:08:00,4276.88
2017-08-28 11:08:00,4288.19
2017-08-28 12:08:00,4292.55
2017-08-28 13:08:00,4311.77
2017-08-28 14:08:00,4323.6
2017-08-28 15:08:00,4321.29
2017-08-28 16:08:00,4320.61
2017-08-28 17:08:00,4321.22
2017-08-28 18:08:00,4309.23
2017-08-28 19:08:00,4323.13
2017-08-28 20:08:00,4350.85
2017-08-28 21:08:00,4344.15
2017-08-28 22:08:00,4352.69
2017-08-28 23:08:00,4345.51
2017-08-28 24:08:00,4367.79
2017-08-29 01:08:00,4389.15
2017-08-29 02:08:00,4391.59
2017-08-29 03:08:00,4389.7
2017-08-29 04:08:00,4380.06
2017-08-29 05:08:00,4377.61
2017-08-29 06:08:00,4393.55
2017-08-29 07:08:00,4393.75
2017-08-29 08:08:00,4391.23
2017-08-29 09:08:00,4377.99
2017-08-29 10:08:00,4367.78
2017-08-29 11:08:00,4373.73
2017-08-29 12:08:00,4364.11
2017-08-29 13:08:00,4367.88
2017-08-29 14:08:00,4390.98
2017-08-29 15:08:00,4404.06
2017-08-29 16:08:00,4544.6
2017-08-29 17:08:00,4581.72
2017-08-29 18:08:00,4599.79
2017-08-29 19:08:00,4571.9
2017-08-29 20:08:00,4551.12
2017-08-29 21:08:00,4583.18
2017-08-29 22:08:00,4585.07
2017-08-29 23:08:00,4606.86
2017-08-29 24:08:00,4625.69
2017-08-30 01:08:00,4603.1
2017-08-30 02:08:00,4613.46
2017-08-30 03:08:00,4587.79
2017-08-30 04:08:00,4624.29
2017-08-30 05:08:00,4614.16
2017-08-30 06:08:00,4609.51
2017-08-30 07:08:00,4632.18
2017-08-30 08:08:00,4613.74
2017-08-30 09:08:00,4626.65
2017-08-30 10:08:00,4594.4
2017-08-30 11:08:00,4590.52
2017-08-30 12:08:00,4551.01
2017-08-30 13:08:00,4520.2
2017-08-30 14:08:00,4545.3
2017-08-30 15:08:00,4551.77
2017-08-30 16:08:00,4580.32
2017-08-30 17:08:00,4567.67
2017-08-30 18:08:00,4565.38
2017-08-30 19:08:00,4586.82
2017-08-30 20:08:00,4598.2
2017-08-30 21:08:00,4589.69
2017-08-30 22:08:00,4570.95
2017-08-30 23:08:00,4552.13
2017-08-30 24:08:00,4571.26
2017-08-31 01:08:00,4586.76
2017-08-31 02:08:00,4594.64
2017-08-31 03:08:00,4605.4
2017-08-31 04:08:00,4611.66
2017-08-31 05:08:00,4615.85
2017-08-31 06:08:00,4627.8
2017-08-31 07:08:00,4631.71
2017-08-31 08:08:00,4632.13
2017-08-31 09:08:00,4619.45
2017-08-31 10:08:00,4633.09
2017-08-31 11:08:00,4633.39
2017-08-31 12:08:00,4620.24
2017-08-31 13:08:00,4650.3
2017-08-31 14:08:00,4668.6
2017-08-31 15:08:00,4697.06
2017-08-31 16:08:00,4714.69
2017-08-31 17:08:00,4724.93
2017-08-31 18:08:00,4702.7
2017-08-31 19:08:00,4737.78
2017-08-31 20:08:00,4729.36
2017-08-31 21:08:00,4745.62
2017-08-31 22:08:00,4733.78
2017-08-31 23:08:00,4730.55
2017-08-31 24:08:00,4741.23
2017-09-01 01:09:00,4740.24
2017-09-01 02:09:00,4740.97
2017-09-01 03:09:00,4751.01
2017-09-01 04:09:00,4768.26
2017-09-01 05:09:00,4760.4
2017-09-01 06:09:00,4761.88
2017-09-01 07:09:00,4724.53
2017-09-01 08:09:00,4709.87
2017-09-01 09:09:00,4703.99
2017-09-01 10:09:00,4735.83
2017-09-01 11:09:00,4771.76
2017-09-01 12:09:00,4789.59
2017-09-01 13:09:00,4796.83
2017-09-01 14:09:00,4797.63
2017-09-01 15:09:00,4825.64
2017-09-01 16:09:00,4846.36
2017-09-01 17:09:00,4803.73
2017-09-01 18:09:00,4824.14
2017-09-01 19:09:00,4826.07
2017-09-01 20:09:00,4835.05
2017-09-01 21:09:00,4835.89
2017-09-01 22:09:00,4845.24
2017-09-01 23:09:00,4893.12
2017-09-01 24:09:00,4868.43
2017-09-02 01:09:00,4874.62
2017-09-02 02:09:00,4906.61
2017-09-02 03:09:00,4925.41
2017-09-02 04:09:00,4943.61
2017-09-02 05:09:00,4943.05
2017-09-02 06:09:00,4848.69
2017-09-02 07:09:00,4853.16
2017-09-02 08:09:00,4666.1
2017-09-02 09:09:00,4671.64
2017-09-02 10:09:00,4746.48
2017-09-02 11:09:00,4673.03
2017-09-02 12:09:00,4625.56
2017-09-02 13:09:00,4653.6
2017-09-02 14:09:00,4699.06
2017-09-02 15:09:00,4630.14
2017-09-02 16:09:00,4639.8
2017-09-02 17:09:00,4541.78
2017-09-02 18:09:00,4497.57
2017-09-02 19:09:00,4556.96
2017-09-02 20:09:00,4579.47
2017-09-02 21:09:00,4596.51
2017-09-02 22:09:00,4551.33
2017-09-02 23:09:00,4466.91
2017-09-02 24:09:00,4461.82
2017-09-03 01:09:00,4493.54
2017-09-03 02:09:00,4527.49
2017-09-03 03:09:00,4618.12
2017-09-03 04:09:00,4637.41
2017-09-03 05:09:00,4605.62
2017-09-03 06:09:00,4629.98
2017-09-03 07:09:00,4679.2
2017-09-03 08:09:00,4704.19
2017-09-03 09:09:00,4680.77
2017-09-03 10:09:00,4653.1
2017-09-03 11:09:00,4677.65
2017-09-03 12:09:00,4597.58
2017-09-03 13:09:00,4579.15
2017-09-03 14:09:00,4541.86
2017-09-03 15:09:00,4537.13
2017-09-03 16:09:00,4473.22
2017-09-03 17:09:00,4433.08
2017-09-03 18:09:00,4466.19
2017-09-03 19:09:00,4516.78
2017-09-03 20:09:00,4536.62
2017-09-03 21:09:00,4530.71
2017-09-03 22:09:00,4542.87
2017-09-03 23:09:00,4558.52
2017-09-03 24:09:00,4566.99
2017-09-04 01:09:00,4598.04
2017-09-04 02:09:00,4622.83
2017-09-04 03:09:00,4579.77
2017-09-04 04:09:00,4550.35
2017-09-04 05:09:00,4550.39
2017-09-04 06:09:00,4540.91
2017-09-04 07:09:00,4559.12
2017-09-04 08:09:00,4553.85
2017-09-04 09:09:00,4509.62
2017-09-04 10:09:00,4457.06
2017-09-04 11:09:00,4344.49
2017-09-04 12:09:00,4346.62
2017-09-04 13:09:00,4423.99
2017-09-04 14:09:00,4325.48
2017-09-04 15:09:00,4288.83
2017-09-04 16:09:00,4337.11
2017-09-04 17:09:00,4261.94
2017-09-04 18:09:00,4210.35
2017-09-04 19:09:00,5121.57
2017-09-04 20:09:00,4140.03
2017-09-04 21:09:00,4198.96
2017-09-04 22:09:00,4307.32
2017-09-04 23:09:00,4278.72
2017-09-04 24:09:00,4362.54
2017-09-05 01:09:00,4361.91
2017-09-05 02:09:00,4272.22
2017-09-05 03:09:00,4189.12
2017-09-05 04:09:00,4105.27
2017-09-05 05:09:00,4048.83
2017-09-05 06:09:00,4097.12
2017-09-05 07:09:00,4085.21
2017-09-05 08:09:00,4047.09
2017-09-05 09:09:00,4092.15
2017-09-05 10:09:00,4176.03
2017-09-05 11:09:00,4212.29
2017-09-05 12:09:00,4180.34
2017-09-05 13:09:00,4232.25
2017-09-05 14:09:00,4272.97
2017-09-05 15:09:00,4323.74
2017-09-05 16:09:00,4323.06
2017-09-05 17:09:00,4336.33
2017-09-05 18:09:00,4298.52
2017-09-05 19:09:00,4278.48
2017-09-05 20:09:00,4361.04
2017-09-05 21:09:00,4405.85
2017-09-05 22:09:00,4453
2017-09-05 23:09:00,4429.63
2017-09-05 24:09:00,4415.82
2017-09-06 01:09:00,4451.48
2017-09-06 02:09:00,4462.92
2017-09-06 03:09:00,4433.92
2017-09-06 04:09:00,4499.12
2017-09-06 05:09:00,4939.89
2017-09-06 06:09:00,4488.44
2017-09-06 07:09:00,4456.68
2017-09-06 08:09:00,4429.53
2017-09-06 09:09:00,4437.46
2017-09-06 10:09:00,4501.89
2017-09-06 11:09:00,4546.12
2017-09-06 12:09:00,4578.8
2017-09-06 13:09:00,4566.05
2017-09-06 14:09:00,4566.6
2017-09-06 15:09:00,4573.4
2017-09-06 16:09:00,4538.27
2017-09-06 17:09:00,4561.23
2017-09-06 18:09:00,4595.11
2017-09-06 19:09:00,4624.54
2017-09-06 20:09:00,4632.35
2017-09-06 21:09:00,4636.49
2017-09-06 22:09:00,4605.03
2017-09-06 23:09:00,4589.06
2017-09-06 24:09:00,4585.22
2017-09-07 01:09:00,4607.64
2017-09-07 02:09:00,4621.75
2017-09-07 03:09:00,4587.65
2017-09-07 04:09:00,4525.73
2017-09-07 05:09:00,6477.27
2017-09-07 06:09:00,4520.08
2017-09-07 07:09:00,4535.73
2017-09-07 08:09:00,4574.84
2017-09-07 09:09:00,4541.14
2017-09-07 10:09:00,4497.74
2017-09-07 11:09:00,4530.1
2017-09-07 12:09:00,4583.11
2017-09-07 13:09:00,4612.55
2017-09-07 14:09:00,4623.15
2017-09-07 15:09:00,4644.94
2017-09-07 16:09:00,4686.78
2017-09-07 17:09:00,4669.23
2017-09-07 18:09:00,4666.36
2017-09-07 19:09:00,4673.86
2017-09-07 20:09:00,4639.55
2017-09-07 21:09:00,4642.13
2017-09-07 22:09:00,4648.8
2017-09-07 23:09:00,4605.99
2017-09-07 24:09:00,4617.43
2017-09-08 01:09:00,4654.22
2017-09-08 02:09:00,4632.17
2017-09-08 03:09:00,4620.33
2017-09-08 04:09:00,4604.31
2017-09-08 05:09:00,4617.53
2017-09-08 06:09:00,4619.76
2017-09-08 07:09:00,4613.27
2017-09-08 08:09:00,4617.77
2017-09-08 09:09:00,4636.8
2017-09-08 10:09:00,4654.8
2017-09-08 11:09:00,4684.8
2017-09-08 12:09:00,4673.05
2017-09-08 13:09:00,4654.21
2017-09-08 14:09:00,4640.99
2017-09-08 15:09:00,4645.75
2017-09-08 16:09:00,4470.4
2017-09-08 17:09:00,4302.71
2017-09-08 18:09:00,4333.8
2017-09-08 19:09:00,4402.97
2017-09-08 20:09:00,4350.19
2017-09-08 21:09:00,4342.56
2017-09-08 22:09:00,4274.42
2017-09-08 23:09:00,4187.82
2017-09-08 24:09:00,4168.16
2017-09-09 01:09:00,4254.64
2017-09-09 02:09:00,4333.4
2017-09-09 03:09:00,4314.8
2017-09-09 04:09:00,4253.14
2017-09-09 05:09:00,4298.79
2017-09-09 06:09:00,4289.98
2017-09-09 07:09:00,4269.26
2017-09-09 08:09:00,4361.52
2017-09-09 09:09:00,4376.99
2017-09-09 10:09:00,4373.96
2017-09-09 11:09:00,4353.59
2017-09-09 12:09:00,4339.29
2017-09-09 13:09:00,4344.56
2017-09-09 14:09:00,4370.24
2017-09-09 15:09:00,4378.37
2017-09-09 16:09:00,4321.93
2017-09-09 17:09:00,4297.06
2017-09-09 18:09:00,4309.81
2017-09-09 19:09:00,4314.48
2017-09-09 20:09:00,4268.66
2017-09-09 21:09:00,4220.82
2017-09-09 22:09:00,4253.6
2017-09-09 23:09:00,4304.92
2017-09-09 24:09:00,4295.72
2017-09-10 01:09:00,4321.57
2017-09-10 02:09:00,4340.53
2017-09-10 03:09:00,4318.24
2017-09-10 04:09:00,4307.48
2017-09-10 05:09:00,4224.35
2017-09-10 06:09:00,4218.74
2017-09-10 07:09:00,4197.53
2017-09-10 08:09:00,4133.89
2017-09-10 09:09:00,4079.09
2017-09-10 10:09:00,4087.08
2017-09-10 11:09:00,4125
2017-09-10 12:09:00,4089.72
2017-09-10 13:09:00,4085.3
2017-09-10 14:09:00,4125.03
2017-09-10 15:09:00,4138.63
2017-09-10 16:09:00,4165.15
2017-09-10 17:09:00,4168.01
2017-09-10 18:09:00,4178.09
2017-09-10 19:09:00,4195.94
2017-09-10 20:09:00,4291.51
2017-09-10 21:09:00,4291.81
2017-09-10 22:09:00,4305.63
2017-09-10 23:09:00,4280.69
2017-09-10 24:09:00,4272.5
2017-09-11 01:09:00,4290.06
2017-09-11 02:09:00,4259.91
2017-09-11 03:09:00,4236.3
2017-09-11 04:09:00,4287.85
2017-09-11 05:09:00,4320.58
2017-09-11 06:09:00,4356.77
2017-09-11 07:09:00,4234.47
2017-09-11 08:09:00,4170.98
2017-09-11 09:09:00,4199.59
2017-09-11 10:09:00,4205.98
2017-09-11 11:09:00,4168.13
2017-09-11 12:09:00,4202.94
2017-09-11 13:09:00,4203.99
2017-09-11 14:09:00,4191.08
2017-09-11 15:09:00,4203.72
2017-09-11 16:09:00,4250.41
2017-09-11 17:09:00,4274.15
2017-09-11 18:09:00,4247.63
2017-09-11 19:09:00,4271.75
2017-09-11 20:09:00,4259.06
2017-09-11 21:09:00,4227.66
2017-09-11 22:09:00,4199.86
2017-09-11 23:09:00,4194.05
2017-09-11 24:09:00,4206.47
2017-09-12 01:09:00,4224.85
2017-09-12 02:09:00,4221.44
2017-09-12 03:09:00,4240.28
2017-09-12 04:09:00,4253.4
2017-09-12 05:09:00,4287.45
2017-09-12 06:09:00,4287.39
2017-09-12 07:09:00,4298.83
2017-09-12 08:09:00,4308.6
2017-09-12 09:09:00,4349.82
2017-09-12 10:09:00,4364.03
2017-09-12 11:09:00,4311.19
2017-09-12 12:09:00,4322.21
2017-09-12 13:09:00,4336.01
2017-09-12 14:09:00,4359.3
2017-09-12 15:09:00,4334.19
2017-09-12 16:09:00,4286.69
2017-09-12 17:09:00,4283.82
2017-09-12 18:09:00,4278.73
2017-09-12 19:09:00,4258.62
2017-09-12 20:09:00,4236.4
2017-09-12 21:09:00,4120.18
2017-09-12 22:09:00,4131.66
2017-09-12 23:09:00,4157.32
2017-09-12 24:09:00,4194.85
2017-09-13 01:09:00,4190.71
2017-09-13 02:09:00,4158.48
2017-09-13 03:09:00,4130.37
2017-09-13 04:09:00,4128
2017-09-13 05:09:00,4017.1
2017-09-13 06:09:00,3967.62
2017-09-13 07:09:00,3951.38
2017-09-13 08:09:00,3996.53
2017-09-13 09:09:00,4014.17
2017-09-13 10:09:00,3974.87
2017-09-13 11:09:00,3958.21
2017-09-13 12:09:00,3973.14
2017-09-13 13:09:00,3901.04
2017-09-13 14:09:00,3835.63
2017-09-13 15:09:00,3836.59
2017-09-13 16:09:00,3884.43
2017-09-13 17:09:00,3784.85
2017-09-13 18:09:00,3831.31
2017-09-13 19:09:00,3887.52
2017-09-13 20:09:00,3942.02
2017-09-13 21:09:00,3913.55
2017-09-13 22:09:00,3876.22
2017-09-13 23:09:00,3888.37
2017-09-13 24:09:00,3904.02
2017-09-14 01:09:00,3943.95
2017-09-14 02:09:00,3893.91
2017-09-14 03:09:00,3912.69
2017-09-14 04:09:00,3914.55
2017-09-14 05:09:00,3875.98
2017-09-14 06:09:00,3824.15
2017-09-14 07:09:00,3800.09
2017-09-14 08:09:00,3844.8
2017-09-14 09:09:00,3829.2
2017-09-14 10:09:00,3880.44
2017-09-14 11:09:00,3865.51
2017-09-14 12:09:00,3811.82
2017-09-14 13:09:00,3737.13
2017-09-14 14:09:00,3651.01
2017-09-14 15:09:00,3592.28
2017-09-14 16:09:00,3504.37
2017-09-14 17:09:00,3551.05
2017-09-14 18:09:00,3540.45
2017-09-14 19:09:00,3501.94
2017-09-14 20:09:00,3372.57
2017-09-14 21:09:00,3343.94
2017-09-14 22:09:00,3421.47
2017-09-14 23:09:00,3401.87
2017-09-14 24:09:00,3331.99
2017-09-15 01:09:00,3321.28
2017-09-15 02:09:00,3254.94
2017-09-15 03:09:00,3319.28
2017-09-15 04:09:00,3407.67
2017-09-15 05:09:00,3385.22
2017-09-15 06:09:00,3405.27
2017-09-15 07:09:00,3337.58
2017-09-15 08:09:00,3309.17
2017-09-15 09:09:00,3220.84
2017-09-15 10:09:00,3114.65
2017-09-15 11:09:00,3126.45
2017-09-15 12:09:00,3082.42
2017-09-15 13:09:00,3061.43
2017-09-15 14:09:00,3011.66
2017-09-15 15:09:00,3249.97
2017-09-15 16:09:00,3322.92
2017-09-15 17:09:00,3557.1
2017-09-15 18:09:00,3645.52
2017-09-15 19:09:00,3651.8
2017-09-15 20:09:00,3547.69
2017-09-15 21:09:00,3621.83
2017-09-15 22:09:00,3700.86
2017-09-15 23:09:00,3700.26
2017-09-15 24:09:00,3793.41
2017-09-16 01:09:00,3759.13
2017-09-16 02:09:00,3709.18
2017-09-16 03:09:00,3755.8
2017-09-16 04:09:00,3777.32
2017-09-16 05:09:00,3794.36
2017-09-16 06:09:00,3777.13
2017-09-16 07:09:00,3812.72
2017-09-16 08:09:00,3862.86
2017-09-16 09:09:00,3795.5
2017-09-16 10:09:00,3838.05
2017-09-16 11:09:00,3888.58
2017-09-16 12:09:00,3773.03
2017-09-16 13:09:00,3617.68
2017-09-16 14:09:00,3659.02
2017-09-16 15:09:00,3633.72
2017-09-16 16:09:00,3601.95
2017-09-16 17:09:00,3642.21
2017-09-16 18:09:00,3616.85
2017-09-16 19:09:00,3617.26
2017-09-16 20:09:00,3644.55
2017-09-16 21:09:00,3710.93
2017-09-16 22:09:00,3721.15
2017-09-16 23:09:00,3708.44
2017-09-16 24:09:00,3698.33
2017-09-17 01:09:00,3738.57
2017-09-17 02:09:00,3718.97
2017-09-17 03:09:00,3672.25
2017-09-17 04:09:00,3639.35
2017-09-17 05:09:00,3653.52
2017-09-17 06:09:00,3649.02
2017-09-17 07:09:00,3614
2017-09-17 08:09:00,3611.22
2017-09-17 09:09:00,3591.83
2017-09-17 10:09:00,3574.67
2017-09-17 11:09:00,3515.56
2017-09-17 12:09:00,3583.92
2017-09-17 13:09:00,3620.3
2017-09-17 14:09:00,3602.1
2017-09-17 15:09:00,3597.32
2017-09-17 16:09:00,3654.3
2017-09-17 17:09:00,3682.33
2017-09-17 18:09:00,3692.46
2017-09-17 19:09:00,3729.05
2017-09-17 20:09:00,3768.49
2017-09-17 21:09:00,3754.66
2017-09-17 22:09:00,3747.25
2017-09-17 23:09:00,3752.71
2017-09-17 24:09:00,3728.86
2017-09-18 01:09:00,3735.36
2017-09-18 02:09:00,3697.3
2017-09-18 03:09:00,3739.96
2017-09-18 04:09:00,3770.52
2017-09-18 05:09:00,3814.57
2017-09-18 06:09:00,3801.25
2017-09-18 07:09:00,3792.21
2017-09-18 08:09:00,3849.8
2017-09-18 09:09:00,3887.01
2017-09-18 10:09:00,3953.95
2017-09-18 11:09:00,3951.09
2017-09-18 12:09:00,3965.93
2017-09-18 13:09:00,3935.41
2017-09-18 14:09:00,3966.74
2017-09-18 15:09:00,4025.53
2017-09-18 16:09:00,4083.06
2017-09-18 17:09:00,4053.39
2017-09-18 18:09:00,4024.68
2017-09-18 19:09:00,4013.44
2017-09-18 20:09:00,3970.6
2017-09-18 21:09:00,4025.31
2017-09-18 22:09:00,4009.39
2017-09-18 23:09:00,4002.89
2017-09-18 24:09:00,4059.99
2017-09-19 01:09:00,4093.43
2017-09-19 02:09:00,4089.89
2017-09-19 03:09:00,4059.05
2017-09-19 04:09:00,3993.52
2017-09-19 05:09:00,3978.21
2017-09-19 06:09:00,3989.86
2017-09-19 07:09:00,3936.31
2017-09-19 08:09:00,3881.82
2017-09-19 09:09:00,3941.35
2017-09-19 10:09:00,3936.12
2017-09-19 11:09:00,3962.16
2017-09-19 12:09:00,3966.36
2017-09-19 13:09:00,4002.67
2017-09-19 14:09:00,4014.61
2017-09-19 15:09:00,4023.95
2017-09-19 16:09:00,3983.11
2017-09-19 17:09:00,3981.33
2017-09-19 18:09:00,4001.15
2017-09-19 19:09:00,4009.18
2017-09-19 20:09:00,4028.83
2017-09-19 21:09:00,4005.48
2017-09-19 22:09:00,3922.89
2017-09-19 23:09:00,3899.75
2017-09-19 24:09:00,3926.81
2017-09-20 01:09:00,3922.97
2017-09-20 02:09:00,3941.5
2017-09-20 03:09:00,3924.62
2017-09-20 04:09:00,3909.7
2017-09-20 05:09:00,3917.87
2017-09-20 06:09:00,3902.55
2017-09-20 07:09:00,3862.81
2017-09-20 08:09:00,3877.87
2017-09-20 09:09:00,3936.85
2017-09-20 10:09:00,3969.87
2017-09-20 11:09:00,3948.33
2017-09-20 12:09:00,3946.57
2017-09-20 13:09:00,3912.22
2017-09-20 14:09:00,3921.21
2017-09-20 15:09:00,3939.71
2017-09-20 16:09:00,3978.47
2017-09-20 17:09:00,4025.02
2017-09-20 18:09:00,4008.19
2017-09-20 19:09:00,4019.48
2017-09-20 20:09:00,4022.73
2017-09-20 21:09:00,4005.6
2017-09-20 22:09:00,3984.1
2017-09-20 23:09:00,3977.95
2017-09-20 24:09:00,3970.25
2017-09-21 01:09:00,3973.11
2017-09-21 02:09:00,3903.5
2017-09-21 03:09:00,3851.2
2017-09-21 04:09:00,3846.28
2017-09-21 05:09:00,3886.69
2017-09-21 06:09:00,3851.89
2017-09-21 07:09:00,3837.27
2017-09-21 08:09:00,3870.21
2017-09-21 09:09:00,3878.86
2017-09-21 10:09:00,3910
2017-09-21 11:09:00,3887.05
2017-09-21 12:09:00,3861.65
2017-09-21 13:09:00,3893.03
2017-09-21 14:09:00,3878.65
2017-09-21 15:09:00,3876.78
2017-09-21 16:09:00,3883.67
2017-09-21 17:09:00,3826.94
2017-09-21 18:09:00,3729.16
2017-09-21 19:09:00,3682.24
2017-09-21 20:09:00,3701.98
2017-09-21 21:09:00,3696.11
2017-09-21 22:09:00,3635.24
2017-09-21 23:09:00,3619.08
2017-09-21 24:09:00,3673.24
2017-09-22 01:09:00,3666.22
2017-09-22 02:09:00,3628.35
2017-09-22 03:09:00,3651.31
2017-09-22 04:09:00,3679.81
2017-09-22 05:09:00,3658.93
2017-09-22 06:09:00,3675.83
2017-09-22 07:09:00,3726.16
2017-09-22 08:09:00,3714.9
2017-09-22 09:09:00,3734.74
2017-09-22 10:09:00,3698.86
2017-09-22 11:09:00,3652.07
2017-09-22 12:09:00,3631.2
2017-09-22 13:09:00,3599.8
2017-09-22 14:09:00,3573.06
2017-09-22 15:09:00,3569.86
2017-09-22 16:09:00,3577.38
2017-09-22 17:09:00,3606.84
2017-09-22 18:09:00,3540.33
2017-09-22 19:09:00,3556.63
2017-09-22 20:09:00,3547.8
2017-09-22 21:09:00,3566.2
2017-09-22 22:09:00,3581.83
2017-09-22 23:09:00,3606.92
2017-09-22 24:09:00,3616.89
2017-09-23 01:09:00,3630.38
2017-09-23 02:09:00,3627.73
2017-09-23 03:09:00,3603.14
2017-09-23 04:09:00,3580.44
2017-09-23 05:09:00,3612.95
2017-09-23 06:09:00,3625.3
2017-09-23 07:09:00,3670.53
2017-09-23 08:09:00,3704.18
2017-09-23 09:09:00,3711.86
2017-09-23 10:09:00,3703.02
2017-09-23 11:09:00,3735.77
2017-09-23 12:09:00,3738.13
2017-09-23 13:09:00,3763.44
2017-09-23 14:09:00,3789.91
2017-09-23 15:09:00,3796.88
2017-09-23 16:09:00,3778.06
2017-09-23 17:09:00,3787.07
2017-09-23 18:09:00,3746.42
2017-09-23 19:09:00,3747.13
2017-09-23 20:09:00,3770.16
2017-09-23 21:09:00,3766.54
2017-09-23 22:09:00,3776.03
2017-09-23 23:09:00,3790.6
2017-09-23 24:09:00,3751.54
2017-09-24 01:09:00,3762.4
2017-09-24 02:09:00,3785.57
2017-09-24 03:09:00,3764.33
2017-09-24 04:09:00,3778.92
2017-09-24 05:09:00,3774.89
2017-09-24 06:09:00,3786.27
2017-09-24 07:09:00,3712.55
2017-09-24 08:09:00,3685.37
2017-09-24 09:09:00,3670.53
2017-09-24 10:09:00,3649.37
2017-09-24 11:09:00,3680.75
2017-09-24 12:09:00,3671.14
2017-09-24 13:09:00,3676.36
2017-09-24 14:09:00,3694.03
2017-09-24 15:09:00,3706.85
2017-09-24 16:09:00,3727.09
2017-09-24 17:09:00,3713.2
2017-09-24 18:09:00,3703.75
2017-09-24 19:09:00,3710.5
2017-09-24 20:09:00,3706.02
2017-09-24 21:09:00,3675.27
2017-09-24 22:09:00,3697.28
2017-09-24 23:09:00,3671.88
2017-09-24 24:09:00,3683.5
2017-09-25 01:09:00,3689.33
2017-09-25 02:09:00,3686.06
2017-09-25 03:09:00,3683.02
2017-09-25 04:09:00,3708.14
2017-09-25 05:09:00,3758.48
2017-09-25 06:09:00,3765.6
2017-09-25 07:09:00,3799.59
2017-09-25 08:09:00,3791.79
2017-09-25 09:09:00,3793.21
2017-09-25 10:09:00,3787.35
2017-09-25 11:09:00,3770.14
2017-09-25 12:09:00,3774.1
2017-09-25 13:09:00,3770.9
2017-09-25 14:09:00,3752.76
2017-09-25 15:09:00,3779.89
2017-09-25 16:09:00,3790.68
2017-09-25 17:09:00,3888.66
2017-09-25 18:09:00,3918
2017-09-25 19:09:00,3942.41
2017-09-25 20:09:00,3912.79
2017-09-25 21:09:00,3919.39
2017-09-25 22:09:00,3936.51
2017-09-25 23:09:00,3944.86
2017-09-25 24:09:00,3950.75
2017-09-26 01:09:00,3953.55
2017-09-26 02:09:00,3933.46
2017-09-26 03:09:00,3941.64
2017-09-26 04:09:00,3944.66
2017-09-26 05:09:00,3954.28
2017-09-26 06:09:00,3932.59
2017-09-26 07:09:00,3922.29
2017-09-26 08:09:00,3875.65
2017-09-26 09:09:00,3890.17
2017-09-26 10:09:00,3914.88
2017-09-26 11:09:00,3928.32
2017-09-26 12:09:00,3926.73
2017-09-26 13:09:00,3955.79
2017-09-26 14:09:00,3958.2
2017-09-26 15:09:00,3971.65
2017-09-26 16:09:00,3959.12
2017-09-26 17:09:00,3955.8
2017-09-26 18:09:00,3936.32
2017-09-26 19:09:00,3912.27
2017-09-26 20:09:00,3924.92
2017-09-26 21:09:00,3922.34
2017-09-26 22:09:00,3921.65
2017-09-26 23:09:00,3918.05
2017-09-26 24:09:00,3931.33
2017-09-27 01:09:00,3907.88
2017-09-27 02:09:00,3894.45
2017-09-27 03:09:00,3913.66
2017-09-27 04:09:00,3925.72
2017-09-27 05:09:00,3914.27
2017-09-27 06:09:00,3946.77
2017-09-27 07:09:00,3951.21
2017-09-27 08:09:00,3951.25
2017-09-27 09:09:00,3954.56
2017-09-27 10:09:00,3955.59
2017-09-27 11:09:00,3953.01
2017-09-27 12:09:00,3962.18
2017-09-27 13:09:00,4035.66
2017-09-27 14:09:00,4088.97
2017-09-27 15:09:00,4096.08
2017-09-27 16:09:00,4063.5
2017-09-27 17:09:00,4097.9
2017-09-27 18:09:00,4097.68
2017-09-27 19:09:00,4092.22
2017-09-27 20:09:00,4102.55
2017-09-27 21:09:00,4158.84
2017-09-27 22:09:00,4189.11
2017-09-27 23:09:00,4183.54
2017-09-27 24:09:00,4187.87
2017-09-28 01:09:00,4202.85
2017-09-28 02:09:00,4217.44
2017-09-28 03:09:00,4193.47
2017-09-28 04:09:00,4191.91
2017-09-28 05:09:00,4139.64
2017-09-28 06:09:00,4139.54
2017-09-28 07:09:00,4233.7
2017-09-28 08:09:00,4252.45
2017-09-28 09:09:00,4248.67
2017-09-28 10:09:00,4233.79
2017-09-28 11:09:00,4262.52
2017-09-28 12:09:00,4265.2
2017-09-28 13:09:00,4206.09
2017-09-28 14:09:00,4187.44
2017-09-28 15:09:00,4200.45
2017-09-28 16:09:00,4204.31
2017-09-28 17:09:00,4151.74
2017-09-28 18:09:00,4139.35
2017-09-28 19:09:00,4165.42
2017-09-28 20:09:00,4200.44
2017-09-28 21:09:00,4180.51
2017-09-28 22:09:00,4163.12
2017-09-28 23:09:00,4166.72
2017-09-28 24:09:00,4196.98
2017-09-29 01:09:00,4203.23
2017-09-29 02:09:00,4194.45
2017-09-29 03:09:00,4207.92
2017-09-29 04:09:00,4182.66
2017-09-29 05:09:00,4098.84
2017-09-29 06:09:00,4063.89
2017-09-29 07:09:00,4089.98
2017-09-29 08:09:00,4052.56
2017-09-29 09:09:00,4052.05
2017-09-29 10:09:00,4093.77
2017-09-29 11:09:00,4122.22
2017-09-29 12:09:00,4117.69
2017-09-29 13:09:00,4138.22
2017-09-29 14:09:00,4189.5
2017-09-29 15:09:00,4213.88
2017-09-29 16:09:00,4197.6
2017-09-29 17:09:00,4197.86
2017-09-29 18:09:00,4200.84
2017-09-29 19:09:00,4223.61
2017-09-29 20:09:00,4187.98
2017-09-29 21:09:00,4180.74
2017-09-29 22:09:00,4189.75
2017-09-29 23:09:00,4196.94
2017-09-29 24:09:00,4212.34
2017-09-30 01:09:00,4182.84
2017-09-30 02:09:00,4166.48
2017-09-30 03:09:00,4192.85
2017-09-30 04:09:00,4227.67
2017-09-30 05:09:00,4232.47
2017-09-30 06:09:00,4219.36
2017-09-30 07:09:00,4217.78
2017-09-30 08:09:00,4241.23
2017-09-30 09:09:00,4274.16
2017-09-30 10:09:00,4292.91
2017-09-30 11:09:00,4303.54
2017-09-30 12:09:00,4283.18
2017-09-30 13:09:00,4308.99
2017-09-30 14:09:00,4316.26
2017-09-30 15:09:00,4304.43
2017-09-30 16:09:00,4309.14
2017-09-30 17:09:00,4318.94
2017-09-30 18:09:00,4345.77
2017-09-30 19:09:00,4341.48
2017-09-30 20:09:00,4327.7
2017-09-30 21:09:00,4353.46
2017-09-30 22:09:00,4343.94
2017-09-30 23:09:00,4376.54
2017-09-30 24:09:00,4355.92
2017-10-01 01:10:00,4354.78
2017-10-01 02:10:00,4359.41
2017-10-01 03:10:00,4376.55
2017-10-01 04:10:00,4342.17
2017-10-01 05:10:00,4311.57
2017-10-01 06:10:00,4304.53
2017-10-01 07:10:00,4317.43
2017-10-01 08:10:00,4312.29
2017-10-01 09:10:00,4329.01
2017-10-01 10:10:00,4337.89
2017-10-01 11:10:00,4320.78
2017-10-01 12:10:00,4323.39
2017-10-01 13:10:00,4329.87
2017-10-01 14:10:00,4325.52
2017-10-01 15:10:00,4280.96
2017-10-01 16:10:00,4269.42
2017-10-01 17:10:00,4291.81
2017-10-01 18:10:00,4300.89
2017-10-01 19:10:00,4322.56
2017-10-01 20:10:00,4308.44
2017-10-01 21:10:00,4322.05
2017-10-01 22:10:00,4330.14
2017-10-01 23:10:00,4344.75
2017-10-01 24:10:00,4368.16
2017-10-02 01:10:00,4393.12
2017-10-02 02:10:00,4400.21
2017-10-02 03:10:00,4414.21
2017-10-02 04:10:00,4422.08
2017-10-02 05:10:00,4417.69
2017-10-02 06:10:00,4409.67
2017-10-02 07:10:00,4429.47
2017-10-02 08:10:00,4443.07
2017-10-02 09:10:00,4449.84
2017-10-02 10:10:00,4446.18
2017-10-02 11:10:00,4446.66
2017-10-02 12:10:00,4465.22
2017-10-02 13:10:00,4469.14
2017-10-02 14:10:00,4429.3
2017-10-02 15:10:00,4401.88
2017-10-02 16:10:00,4413.93
2017-10-02 17:10:00,4428.46
2017-10-02 18:10:00,4400.91
2017-10-02 19:10:00,4413.3
2017-10-02 20:10:00,4395.32
2017-10-02 21:10:00,4382.53
2017-10-02 22:10:00,4416.39
2017-10-02 23:10:00,4407.85
2017-10-02 24:10:00,4395.82
2017-10-03 01:10:00,4387.57
2017-10-03 02:10:00,4399.69
2017-10-03 03:10:00,4404.09
2017-10-03 04:10:00,4414.06
2017-10-03 05:10:00,4427.16
2017-10-03 06:10:00,4420.35
2017-10-03 07:10:00,4426.97
2017-10-03 08:10:00,4344.95
2017-10-03 09:10:00,4302.26
2017-10-03 10:10:00,4289.44
2017-10-03 11:10:00,4322.83
2017-10-03 12:10:00,4308.37
2017-10-03 13:10:00,4290.54
2017-10-03 14:10:00,4308.88
2017-10-03 15:10:00,4285.34
2017-10-03 16:10:00,4251.21
2017-10-03 17:10:00,4268.93
2017-10-03 18:10:00,4298.71
2017-10-03 19:10:00,4297.73
2017-10-03 20:10:00,4295.65
2017-10-03 21:10:00,4308.47
2017-10-03 22:10:00,4286.91
2017-10-03 23:10:00,4288.34
2017-10-03 24:10:00,4299.74
2017-10-04 01:10:00,4301.21
2017-10-04 02:10:00,4315.27
2017-10-04 03:10:00,4312.38
2017-10-04 04:10:00,4321.13
2017-10-04 05:10:00,4307.75
2017-10-04 06:10:00,4308.97
2017-10-04 07:10:00,4316.09
2017-10-04 08:10:00,4336.14
2017-10-04 09:10:00,4343.75
2017-10-04 10:10:00,4346.81
2017-10-04 11:10:00,4300.72
2017-10-04 12:10:00,4260.91
2017-10-04 13:10:00,4231.22
2017-10-04 14:10:00,4242.01
2017-10-04 15:10:00,4211.56
2017-10-04 16:10:00,4206.54
2017-10-04 17:10:00,4222.77
2017-10-04 18:10:00,4227.43
2017-10-04 19:10:00,4213.02
2017-10-04 20:10:00,4218.44
2017-10-04 21:10:00,4203.31
2017-10-04 22:10:00,4215.33
2017-10-04 23:10:00,4209.95
2017-10-04 24:10:00,4225.79
2017-10-05 01:10:00,4236.27
2017-10-05 02:10:00,4227.32
2017-10-05 03:10:00,4232.41
2017-10-05 04:10:00,4244.76
2017-10-05 05:10:00,4239.9
2017-10-05 06:10:00,4199.21
2017-10-05 07:10:00,4164.39
2017-10-05 08:10:00,4161.08
2017-10-05 09:10:00,4170.99
2017-10-05 10:10:00,4173.41
2017-10-05 11:10:00,4162.06
2017-10-05 12:10:00,4187.41
2017-10-05 13:10:00,4242
2017-10-05 14:10:00,4253.77
2017-10-05 15:10:00,4298.72
2017-10-05 16:10:00,4322.06
2017-10-05 17:10:00,4313.6
2017-10-05 18:10:00,4326.52
2017-10-05 19:10:00,4322.98
2017-10-05 20:10:00,4312.36
2017-10-05 21:10:00,4330.31
2017-10-05 22:10:00,4352.58
2017-10-05 23:10:00,4358.06
2017-10-05 24:10:00,4360.55
2017-10-06 01:10:00,4361.9
2017-10-06 02:10:00,4336.87
2017-10-06 03:10:00,4314.75
2017-10-06 04:10:00,4342.65
2017-10-06 05:10:00,4339.8
2017-10-06 06:10:00,4339.93
2017-10-06 07:10:00,4332.11
2017-10-06 08:10:00,4364.61
2017-10-06 09:10:00,4399.22
2017-10-06 10:10:00,4414.65
2017-10-06 11:10:00,4406.1
2017-10-06 12:10:00,4413.34
2017-10-06 13:10:00,4414.63
2017-10-06 14:10:00,4406.2
2017-10-06 15:10:00,4407.3
2017-10-06 16:10:00,4368.18
2017-10-06 17:10:00,4387.9
2017-10-06 18:10:00,4383.99
2017-10-06 19:10:00,4384.09
2017-10-06 20:10:00,4361.97
2017-10-06 21:10:00,4354.07
2017-10-06 22:10:00,4338.45
2017-10-06 23:10:00,4355.38
2017-10-06 24:10:00,4355.87
2017-10-07 01:10:00,4359.02
2017-10-07 02:10:00,4380.77
2017-10-07 03:10:00,4387.46
2017-10-07 04:10:00,4380.52
2017-10-07 05:10:00,4377.49
2017-10-07 06:10:00,4379.37
2017-10-07 07:10:00,4388.19
2017-10-07 08:10:00,4388.57
2017-10-07 09:10:00,4364.56
2017-10-07 10:10:00,4347.64
2017-10-07 11:10:00,4353.97
2017-10-07 12:10:00,4358.17
2017-10-07 13:10:00,4348.38
2017-10-07 14:10:00,4335.31
2017-10-07 15:10:00,4337.09
2017-10-07 16:10:00,4363.42
2017-10-07 17:10:00,4367.32
2017-10-07 18:10:00,4352.41
2017-10-07 19:10:00,4348.21
2017-10-07 20:10:00,4361.58
2017-10-07 21:10:00,4367.18
2017-10-07 22:10:00,4355.11
2017-10-07 23:10:00,4353.17
2017-10-07 24:10:00,4363.65
2017-10-08 01:10:00,4418.45
2017-10-08 02:10:00,4454.38
2017-10-08 03:10:00,4455.63
2017-10-08 04:10:00,4451.89
2017-10-08 05:10:00,4432.7
2017-10-08 06:10:00,4443.23
2017-10-08 07:10:00,4431.36
2017-10-08 08:10:00,4443.92
2017-10-08 09:10:00,4456.24
2017-10-08 10:10:00,4461.57
2017-10-08 11:10:00,4463.35
2017-10-08 12:10:00,4464.48
2017-10-08 13:10:00,4477.09
2017-10-08 14:10:00,4478.88
2017-10-08 15:10:00,4476
2017-10-08 16:10:00,4510.31
2017-10-08 17:10:00,4541.58
2017-10-08 18:10:00,4567.97
2017-10-08 19:10:00,4567.53
2017-10-08 20:10:00,4580.1
2017-10-08 21:10:00,4561.82
2017-10-08 22:10:00,4588.07
2017-10-08 23:10:00,4610.71
2017-10-08 24:10:00,4590.76
2017-10-09 01:10:00,4609.38
2017-10-09 02:10:00,4618.18
2017-10-09 03:10:00,4593.67
2017-10-09 04:10:00,4609.15
2017-10-09 05:10:00,4614.97
2017-10-09 06:10:00,4630.29
2017-10-09 07:10:00,4615.69
2017-10-09 08:10:00,4601.1
2017-10-09 09:10:00,4571.79
2017-10-09 10:10:00,4579.12
2017-10-09 11:10:00,4583.73
2017-10-09 12:10:00,4583.86
2017-10-09 13:10:00,4603.95
2017-10-09 14:10:00,4611.79
2017-10-09 15:10:00,4601.79
2017-10-09 16:10:00,4600.6
2017-10-09 17:10:00,4646.84
2017-10-09 18:10:00,4662.46
2017-10-09 19:10:00,4650.07
2017-10-09 20:10:00,4685.37
2017-10-09 21:10:00,4724.88
2017-10-09 22:10:00,4822.4
2017-10-09 23:10:00,4797.95
2017-10-09 24:10:00,4815.53
2017-10-10 01:10:00,4783.96
2017-10-10 02:10:00,4783.71
2017-10-10 03:10:00,4830.31
2017-10-10 04:10:00,4848.97
2017-10-10 05:10:00,4810.09
2017-10-10 06:10:00,4796.17
2017-10-10 07:10:00,4814.46
2017-10-10 08:10:00,4818.35
2017-10-10 09:10:00,4844.18
2017-10-10 10:10:00,4821.43
2017-10-10 11:10:00,4784.89
2017-10-10 12:10:00,4791.96
2017-10-10 13:10:00,4803.82
2017-10-10 14:10:00,4816.57
2017-10-10 15:10:00,4824.78
2017-10-10 16:10:00,4833.16
2017-10-10 17:10:00,4818.36
2017-10-10 18:10:00,4806.46
2017-10-10 19:10:00,4841.09
2017-10-10 20:10:00,4894.12
2017-10-10 21:10:00,4904.03
2017-10-10 22:10:00,4879.12
2017-10-10 23:10:00,4888.91
2017-10-10 24:10:00,4852.76
2017-10-11 01:10:00,4781.57
2017-10-11 02:10:00,4756.42
2017-10-11 03:10:00,4757.22
2017-10-11 04:10:00,4762.53
2017-10-11 05:10:00,4776.98
2017-10-11 06:10:00,4755.64
2017-10-11 07:10:00,4742.3
2017-10-11 08:10:00,4757.79
2017-10-11 09:10:00,4774.18
2017-10-11 10:10:00,4785.43
2017-10-11 11:10:00,4815.88
2017-10-11 12:10:00,4806.89
2017-10-11 13:10:00,4816.92
2017-10-11 14:10:00,4814.19
2017-10-11 15:10:00,4778.81
2017-10-11 16:10:00,4773.85
2017-10-11 17:10:00,4783.48
2017-10-11 18:10:00,4820.74
2017-10-11 19:10:00,4853.71
2017-10-11 20:10:00,4848.7
2017-10-11 21:10:00,4838.54
2017-10-11 22:10:00,4862.67
2017-10-11 23:10:00,4844.14
2017-10-11 24:10:00,4812.65
2017-10-12 01:10:00,4821.86
2017-10-12 02:10:00,4830.47
2017-10-12 03:10:00,4833.19
2017-10-12 04:10:00,4846.36
2017-10-12 05:10:00,4857.52
2017-10-12 06:10:00,4852.06
2017-10-12 07:10:00,4854.8
2017-10-12 08:10:00,4881.67
2017-10-12 09:10:00,4906.51
2017-10-12 10:10:00,4964.09
2017-10-12 11:10:00,5111.22
2017-10-12 12:10:00,5157
2017-10-12 13:10:00,5193.2
2017-10-12 14:10:00,5221.45
2017-10-12 15:10:00,5211.76
2017-10-12 16:10:00,5200.18
2017-10-12 17:10:00,5206.16
2017-10-12 18:10:00,5272.29
2017-10-12 19:10:00,5347.79
2017-10-12 20:10:00,5304.54
2017-10-12 21:10:00,5282.81
2017-10-12 22:10:00,5311.12
2017-10-12 23:10:00,5338.89
2017-10-12 24:10:00,5310.48
2017-10-13 01:10:00,5322.09
2017-10-13 02:10:00,5394.86
2017-10-13 03:10:00,5436.45
2017-10-13 04:10:00,5460.98
2017-10-13 05:10:00,5689.64
2017-10-13 06:10:00,5677.41
2017-10-13 07:10:00,5774.08
2017-10-13 08:10:00,5599.95
2017-10-13 09:10:00,5522.56
2017-10-13 10:10:00,5586.39
2017-10-13 11:10:00,5688.66
2017-10-13 12:10:00,5697.05
2017-10-13 13:10:00,5669.26
2017-10-13 14:10:00,5628.59
2017-10-13 15:10:00,5603.68
2017-10-13 16:10:00,5619.48
2017-10-13 17:10:00,5759.56
2017-10-13 18:10:00,5743.77
2017-10-13 19:10:00,5707.87
2017-10-13 20:10:00,5715.97
2017-10-13 21:10:00,5674.53
2017-10-13 22:10:00,5563.52
2017-10-13 23:10:00,5580.98
2017-10-13 24:10:00,5592.61
2017-10-14 01:10:00,5582.23
2017-10-14 02:10:00,5628.68
2017-10-14 03:10:00,5620.03
2017-10-14 04:10:00,5612.56
2017-10-14 05:10:00,5668.14
2017-10-14 06:10:00,5684.21
2017-10-14 07:10:00,5673
2017-10-14 08:10:00,5609.8
2017-10-14 09:10:00,5588.49
2017-10-14 10:10:00,5628.71
2017-10-14 11:10:00,5634.71
2017-10-14 12:10:00,5620.25
2017-10-14 13:10:00,5664.79
2017-10-14 14:10:00,5730.35
2017-10-14 15:10:00,5689.38
2017-10-14 16:10:00,5696.53
2017-10-14 17:10:00,5723.68
2017-10-14 18:10:00,5739.31
2017-10-14 19:10:00,5752.42
2017-10-14 20:10:00,5751.04
2017-10-14 21:10:00,5707.18
2017-10-14 22:10:00,5708.33
2017-10-14 23:10:00,5710.64
2017-10-14 24:10:00,5718.04
2017-10-15 01:10:00,5749.9
2017-10-15 02:10:00,5804.04
2017-10-15 03:10:00,5821
2017-10-15 04:10:00,5819.8
2017-10-15 05:10:00,5836.72
2017-10-15 06:10:00,5808.9
2017-10-15 07:10:00,5759.6
2017-10-15 08:10:00,5763.23
2017-10-15 09:10:00,5767.28
2017-10-15 10:10:00,5781.88
2017-10-15 11:10:00,5608.46
2017-10-15 12:10:00,5523.96
2017-10-15 13:10:00,5552.1
2017-10-15 14:10:00,5496.22
2017-10-15 15:10:00,5493.33
2017-10-15 16:10:00,5521.07
2017-10-15 17:10:00,5540.37
2017-10-15 18:10:00,5558.04
2017-10-15 19:10:00,5508.08
2017-10-15 20:10:00,6328.53
2017-10-15 21:10:00,5593.49
2017-10-15 22:10:00,5523.41
2017-10-15 23:10:00,6964.59
2017-10-15 24:10:00,5537.02
2017-10-16 01:10:00,5650.73
2017-10-16 02:10:00,5706.83
2017-10-16 03:10:00,5698.23
2017-10-16 04:10:00,5688.99
2017-10-16 05:10:00,5698.86
2017-10-16 06:10:00,5647.89
2017-10-16 07:10:00,5630.17
2017-10-16 08:10:00,5649.33
2017-10-16 09:10:00,5645.23
2017-10-16 10:10:00,5618.34
2017-10-16 11:10:00,5615.72
2017-10-16 12:10:00,5613.41
2017-10-16 13:10:00,5703.64
2017-10-16 14:10:00,5729.97
2017-10-16 15:10:00,5735.94
2017-10-16 16:10:00,5697.32
2017-10-16 17:10:00,5700.24
2017-10-16 18:10:00,5692.42
2017-10-16 19:10:00,5671.47
2017-10-16 20:10:00,5700.25
2017-10-16 21:10:00,5709.73
2017-10-16 22:10:00,6001.32
2017-10-16 23:10:00,5723.39
2017-10-16 24:10:00,5716.49
2017-10-17 01:10:00,5719.95
2017-10-17 02:10:00,5769.28
2017-10-17 03:10:00,5767.65
2017-10-17 04:10:00,5666.6
2017-10-17 05:10:00,5639.23
2017-10-17 06:10:00,5633.12
2017-10-17 07:10:00,5655.96
2017-10-17 08:10:00,5635.34
2017-10-17 09:10:00,5661.82
2017-10-17 10:10:00,5664.1
2017-10-17 11:10:00,5673.24
2017-10-17 12:10:00,5681.68
2017-10-17 13:10:00,5666.74
2017-10-17 14:10:00,5577.91
2017-10-17 15:10:00,5550.28
2017-10-17 16:10:00,6040.41
2017-10-17 17:10:00,5595.08
2017-10-17 18:10:00,5583.47
2017-10-17 19:10:00,5587.62
2017-10-17 20:10:00,5608.22
2017-10-17 21:10:00,5629.77
2017-10-17 22:10:00,5624.05
2017-10-17 23:10:00,5597.29
2017-10-17 24:10:00,5590.47
2017-10-18 01:10:00,5584.92
2017-10-18 02:10:00,5591.47
2017-10-18 03:10:00,5521.99
2017-10-18 04:10:00,5487.46
2017-10-18 05:10:00,5482.07
2017-10-18 06:10:00,5480.67
2017-10-18 07:10:00,5525.79
2017-10-18 08:10:00,5505.21
2017-10-18 09:10:00,5431.72
2017-10-18 10:10:00,5322.61
2017-10-18 11:10:00,5294.21
2017-10-18 12:10:00,5358.85
2017-10-18 13:10:00,5310.81
2017-10-18 14:10:00,6259.21
2017-10-18 15:10:00,5308.92
2017-10-18 16:10:00,5231.82
2017-10-18 17:10:00,5166.43
2017-10-18 18:10:00,5272.19
2017-10-18 19:10:00,5389.95
2017-10-18 20:10:00,5406.94
2017-10-18 21:10:00,5414.27
2017-10-18 22:10:00,5406.13
2017-10-18 23:10:00,5447.23
2017-10-18 24:10:00,5514.34
2017-10-19 01:10:00,5558.62
2017-10-19 02:10:00,5581.12
2017-10-19 03:10:00,5539.88
2017-10-19 04:10:00,5610.76
2017-10-19 05:10:00,5617.41
2017-10-19 06:10:00,5613.21
2017-10-19 07:10:00,5646.62
2017-10-19 08:10:00,5637.18
2017-10-19 09:10:00,5594.45
2017-10-19 10:10:00,5579.35
2017-10-19 11:10:00,5629.61
2017-10-19 12:10:00,5666.72
2017-10-19 13:10:00,5693.85
2017-10-19 14:10:00,5698.29
2017-10-19 15:10:00,5664.49
2017-10-19 16:10:00,5700.43
2017-10-19 17:10:00,5724.67
2017-10-19 18:10:00,5666.45
2017-10-19 19:10:00,5668.02
2017-10-19 20:10:00,5665.22
2017-10-19 21:10:00,5667.26
2017-10-19 22:10:00,5642.09
2017-10-19 23:10:00,5668.79
2017-10-19 24:10:00,5708.56
2017-10-20 01:10:00,5721.05
2017-10-20 02:10:00,5717.89
2017-10-20 03:10:00,5723.23
2017-10-20 04:10:00,5705.12
2017-10-20 05:10:00,5684.58
2017-10-20 06:10:00,5683.44
2017-10-20 07:10:00,5704.48
2017-10-20 08:10:00,5671.96
2017-10-20 09:10:00,5635.58
2017-10-20 10:10:00,5648.19
2017-10-20 11:10:00,5659.86
2017-10-20 12:10:00,5650
2017-10-20 13:10:00,5667.49
2017-10-20 14:10:00,5665.94
2017-10-20 15:10:00,5655.6
2017-10-20 16:10:00,5678.11
2017-10-20 17:10:00,5833.13
2017-10-20 18:10:00,5983.11
2017-10-20 19:10:00,5973.96
2017-10-20 20:10:00,5930.81
2017-10-20 21:10:00,5978.4
2017-10-20 22:10:00,6012.35
2017-10-20 23:10:00,6020.77
2017-10-20 24:10:00,5966.43
2017-10-21 01:10:00,5977.04
2017-10-21 02:10:00,6001.11
2017-10-21 03:10:00,5965.62
2017-10-21 04:10:00,6032.98
2017-10-21 05:10:00,6072.55
2017-10-21 06:10:00,6099.14
2017-10-21 07:10:00,6093.57
2017-10-21 08:10:00,6057.47
2017-10-21 09:10:00,6076.97
2017-10-21 10:10:00,6102.76
2017-10-21 11:10:00,6070.37
2017-10-21 12:10:00,6080.31
2017-10-21 13:10:00,6103.52
2017-10-21 14:10:00,6113.19
2017-10-21 15:10:00,6114.08
2017-10-21 16:10:00,6107.41
2017-10-21 17:10:00,6150.5
2017-10-21 18:10:00,6151.94
2017-10-21 19:10:00,6139.95
2017-10-21 20:10:00,5981.92
2017-10-21 21:10:00,6013.58
2017-10-21 22:10:00,6037.78
2017-10-21 23:10:00,6083.42
2017-10-21 24:10:00,6078.88
2017-10-22 01:10:00,6067.79
2017-10-22 02:10:00,6023.34
2017-10-22 03:10:00,6032.04
2017-10-22 04:10:00,6049.32
2017-10-22 05:10:00,5965.84
2017-10-22 06:10:00,5949.34
2017-10-22 07:10:00,5841.33
2017-10-22 08:10:00,5844.35
2017-10-22 09:10:00,5832.39
2017-10-22 10:10:00,5913.87
2017-10-22 11:10:00,5905.72
2017-10-22 12:10:00,5857.63
2017-10-22 13:10:00,5814.46
2017-10-22 14:10:00,5766.77
2017-10-22 15:10:00,5835.75
2017-10-22 16:10:00,5856.67
2017-10-22 17:10:00,5937.4
2017-10-22 18:10:00,5994.17
2017-10-22 19:10:00,5964.13
2017-10-22 20:10:00,5967.8
2017-10-22 21:10:00,5930.65
2017-10-22 22:10:00,5869.84
2017-10-22 23:10:00,5886.71
2017-10-22 24:10:00,5880.63
2017-10-23 01:10:00,5943.8
2017-10-23 02:10:00,5984.61
2017-10-23 03:10:00,5952.59
2017-10-23 04:10:00,5988.22
2017-10-23 05:10:00,5992.8
2017-10-23 06:10:00,5960.59
2017-10-23 07:10:00,5973.46
2017-10-23 08:10:00,6003.67
2017-10-23 09:10:00,5903.25
2017-10-23 10:10:00,5893.65
2017-10-23 11:10:00,5825.59
2017-10-23 12:10:00,5801.4
2017-10-23 13:10:00,5868.04
2017-10-23 14:10:00,5891.65
2017-10-23 15:10:00,5792.91
2017-10-23 16:10:00,5700.72
2017-10-23 17:10:00,5707.28
2017-10-23 18:10:00,5751.03
2017-10-23 19:10:00,5784.64
2017-10-23 20:10:00,5844.04
2017-10-23 21:10:00,5826.56
2017-10-23 22:10:00,5906.78
2017-10-23 23:10:00,5948.62
2017-10-23 24:10:00,5894.02
2017-10-24 01:10:00,5855.01
2017-10-24 02:10:00,5893.55
2017-10-24 03:10:00,5792.09
2017-10-24 04:10:00,5684.04
2017-10-24 05:10:00,5609.55
2017-10-24 06:10:00,5654.34
2017-10-24 07:10:00,5626.91
2017-10-24 08:10:00,5673.1
2017-10-24 09:10:00,5749.05
2017-10-24 10:10:00,5718.5
2017-10-24 11:10:00,5708.55
2017-10-24 12:10:00,5651.19
2017-10-24 13:10:00,5668.91
2017-10-24 14:10:00,5696.58
2017-10-24 15:10:00,5636.15
2017-10-24 16:10:00,5628.55
2017-10-24 17:10:00,5641.39
2017-10-24 18:10:00,5645.44
2017-10-24 19:10:00,5702.74
2017-10-24 20:10:00,5708.87
2017-10-24 21:10:00,5703.89
2017-10-24 22:10:00,5663.04
2017-10-24 23:10:00,5600.46
2017-10-24 24:10:00,5514.68
2017-10-25 01:10:00,5504.21
2017-10-25 02:10:00,5512.93
2017-10-25 03:10:00,5508.51
2017-10-25 04:10:00,5419.09
2017-10-25 05:10:00,5402.4
2017-10-25 06:10:00,5473.47
2017-10-25 07:10:00,5531.46
2017-10-25 08:10:00,5494.53
2017-10-25 09:10:00,5515.69
2017-10-25 10:10:00,5564.07
2017-10-25 11:10:00,5609.84
2017-10-25 12:10:00,5616.94
2017-10-25 13:10:00,5566.3
2017-10-25 14:10:00,5506.78
2017-10-25 15:10:00,5472.04
2017-10-25 16:10:00,5520.42
2017-10-25 17:10:00,5513.73
2017-10-25 18:10:00,5450.59
2017-10-25 19:10:00,5522.53
2017-10-25 20:10:00,5518.49
2017-10-25 21:10:00,5549.35
2017-10-25 22:10:00,5590.21
2017-10-25 23:10:00,5657.93
2017-10-25 24:10:00,5678.42
2017-10-26 01:10:00,5662.04
2017-10-26 02:10:00,5708.83
2017-10-26 03:10:00,5717.73
2017-10-26 04:10:00,5726.73
2017-10-26 05:10:00,5715.31
2017-10-26 06:10:00,5757.86
2017-10-26 07:10:00,5748.5
2017-10-26 08:10:00,5732.66
2017-10-26 09:10:00,5707.83
2017-10-26 10:10:00,5719.98
2017-10-26 11:10:00,5732.04
2017-10-26 12:10:00,5732.31
2017-10-26 13:10:00,5742.01
2017-10-26 14:10:00,5822.74
2017-10-26 15:10:00,5920.19
2017-10-26 16:10:00,5926.66
2017-10-26 17:10:00,5925.38
2017-10-26 18:10:00,5938.28
2017-10-26 19:10:00,5940.18
2017-10-26 20:10:00,5944.28
2017-10-26 21:10:00,5900.09
2017-10-26 22:10:00,5857
2017-10-26 23:10:00,5873.23
2017-10-26 24:10:00,5825.64
2017-10-27 01:10:00,5860.7
2017-10-27 02:10:00,5902.19
2017-10-27 03:10:00,5959.18
2017-10-27 04:10:00,5970.23
2017-10-27 05:10:00,5947.58
2017-10-27 06:10:00,5916.84
2017-10-27 07:10:00,5894.18
2017-10-27 08:10:00,5848.85
2017-10-27 09:10:00,5812.7
2017-10-27 10:10:00,5861.69
2017-10-27 11:10:00,5876.94
2017-10-27 12:10:00,5904.67
2017-10-27 13:10:00,5866.23
2017-10-27 14:10:00,5843.44
2017-10-27 15:10:00,5784.32
2017-10-27 16:10:00,5732.7
2017-10-27 17:10:00,5761.09
2017-10-27 18:10:00,5750.42
2017-10-27 19:10:00,5780.96
2017-10-27 20:10:00,5756.49
2017-10-27 21:10:00,5710.48
2017-10-27 22:10:00,5751.74
2017-10-27 23:10:00,5738.86
2017-10-27 24:10:00,5773.44
2017-10-28 01:10:00,5764.62
2017-10-28 02:10:00,5763.82
2017-10-28 03:10:00,5822.39
2017-10-28 04:10:00,5851.35
2017-10-28 05:10:00,5788.25
2017-10-28 06:10:00,5739.27
2017-10-28 07:10:00,5737.19
2017-10-28 08:10:00,5779
2017-10-28 09:10:00,5795.08
2017-10-28 10:10:00,5785.66
2017-10-28 11:10:00,5773.74
2017-10-28 12:10:00,5758.1
2017-10-28 13:10:00,5740.33
2017-10-28 14:10:00,5683.28
2017-10-28 15:10:00,5679.29
2017-10-28 16:10:00,5701.78
2017-10-28 17:10:00,5716
2017-10-28 18:10:00,5680.51
2017-10-28 19:10:00,5709.65
2017-10-28 20:10:00,5724.45
2017-10-28 21:10:00,5741.17
2017-10-28 22:10:00,5766.23
2017-10-28 23:10:00,5749.46
2017-10-28 24:10:00,5727.49
2017-10-29 02:10:00,5746.7
2017-10-29 03:10:00,5714.3
2017-10-29 03:10:00,5702
2017-10-29 04:10:00,5688
2017-10-29 05:10:00,5712.08
2017-10-29 06:10:00,5754.79
2017-10-29 07:10:00,5747.14
2017-10-29 08:10:00,5755.75
2017-10-29 09:10:00,5821.07
2017-10-29 10:10:00,5801.16
2017-10-29 11:10:00,5786.8
2017-10-29 12:10:00,5780.58
2017-10-29 13:10:00,5811.83
2017-10-29 14:10:00,5803.82
2017-10-29 15:10:00,5772.3
2017-10-29 16:10:00,5801.98
2017-10-29 17:10:00,5939.64
2017-10-29 18:10:00,5977.66
2017-10-29 19:10:00,5975.25
2017-10-29 20:10:00,5969.93
2017-10-29 21:10:00,6054.35
2017-10-29 22:10:00,6213.96
2017-10-29 23:10:00,6182.68
2017-10-29 24:10:00,6164.32
2017-10-30 01:10:00,6193.76
2017-10-30 02:10:00,6136.63
2017-10-30 03:10:00,6112.12
2017-10-30 04:10:00,6125.99
2017-10-30 05:10:00,6142.95
2017-10-30 06:10:00,6167.85
2017-10-30 07:10:00,6152.95
2017-10-30 08:10:00,6137.27
2017-10-30 09:10:00,6145.43
2017-10-30 10:10:00,6137.41
2017-10-30 11:10:00,6165.12
2017-10-30 12:10:00,6203.08
2017-10-30 13:10:00,6194.22
2017-10-30 14:10:00,6139.44
2017-10-30 15:10:00,6165.34
2017-10-30 16:10:00,6084.7
2017-10-30 17:10:00,6059.6
2017-10-30 18:10:00,6074.38
2017-10-30 19:10:00,6081.92
2017-10-30 20:10:00,6126.77
2017-10-30 21:10:00,6096.97
2017-10-30 22:10:00,6102.4
2017-10-30 23:10:00,6115.59
2017-10-30 24:10:00,6109.9
2017-10-31 01:10:00,6122.38
2017-10-31 02:10:00,6145.06
2017-10-31 03:10:00,6142.32
2017-10-31 04:10:00,6140.44
2017-10-31 05:10:00,6140.74
2017-10-31 06:10:00,6147.02
2017-10-31 07:10:00,6161.13
2017-10-31 08:10:00,6138.68
2017-10-31 09:10:00,6107.36
2017-10-31 10:10:00,6117.09
2017-10-31 11:10:00,6153.07
2017-10-31 12:10:00,6172.46
2017-10-31 13:10:00,6210.27
2017-10-31 14:10:00,6218.23
2017-10-31 15:10:00,6275.66
2017-10-31 16:10:00,6370.9
2017-10-31 17:10:00,6364.81
2017-10-31 18:10:00,6376.71
2017-10-31 19:10:00,6347.67
2017-10-31 20:10:00,6350.69
2017-10-31 21:10:00,6320.36
2017-10-31 22:10:00,6358.76
2017-10-31 23:10:00,6379.87
2017-10-31 24:10:00,6402.71
2017-11-01 01:11:00,6433.4
2017-11-01 02:11:00,6404.5
2017-11-01 03:11:00,6402.18
2017-11-01 04:11:00,6414.47
2017-11-01 05:11:00,6436.96
2017-11-01 06:11:00,6376.32
2017-11-01 07:11:00,6386.77
2017-11-01 08:11:00,6397.81
2017-11-01 09:11:00,6391.64
2017-11-01 10:11:00,6434.16
2017-11-01 11:11:00,6505.64
2017-11-01 12:11:00,6560.8
2017-11-01 13:11:00,6570.8
2017-11-01 14:11:00,6502.05
2017-11-01 15:11:00,6494.16
2017-11-01 16:11:00,6528.4
2017-11-01 17:11:00,6545.11
2017-11-01 18:11:00,6586.75
2017-11-01 19:11:00,6594.06
2017-11-01 20:11:00,6588.67
2017-11-01 21:11:00,6592.26
2017-11-01 22:11:00,6555.53
2017-11-01 23:11:00,6585.14
2017-11-01 24:11:00,6640.22
2017-11-02 01:11:00,6701.12
2017-11-02 02:11:00,6784.95
2017-11-02 03:11:00,6859.45
2017-11-02 04:11:00,6801.68
2017-11-02 05:11:00,6837.98
2017-11-02 06:11:00,6845.62
2017-11-02 07:11:00,6870.28
2017-11-02 08:11:00,6920.54
2017-11-02 09:11:00,6929.1
2017-11-02 10:11:00,6945.75
2017-11-02 11:11:00,6969.3
2017-11-02 12:11:00,7077.21
2017-11-02 13:11:00,7027.13
2017-11-02 14:11:00,6904.72
2017-11-02 15:11:00,7075.24
2017-11-02 16:11:00,7054.33
2017-11-02 17:11:00,7058.44
2017-11-02 18:11:00,7010.84
2017-11-02 19:11:00,6935.27
2017-11-02 20:11:00,6899.04
2017-11-02 21:11:00,6921.27
2017-11-02 22:11:00,7051.24
2017-11-02 23:11:00,7064.15
2017-11-02 24:11:00,7058.77
2017-11-03 01:11:00,7037.74
2017-11-03 02:11:00,7002.96
2017-11-03 03:11:00,6975.31
2017-11-03 04:11:00,7031.18
2017-11-03 05:11:00,7160.06
2017-11-03 06:11:00,7218.21
2017-11-03 07:11:00,7173.68
2017-11-03 08:11:00,7226.8
2017-11-03 09:11:00,7276.85
2017-11-03 10:11:00,7343.5
2017-11-03 11:11:00,7381.92
2017-11-03 12:11:00,7408.62
2017-11-03 13:11:00,7302.15
2017-11-03 14:11:00,7292.8
2017-11-03 15:11:00,7229.46
2017-11-03 16:11:00,7239.17
2017-11-03 17:11:00,7317.46
2017-11-03 18:11:00,7309.16
2017-11-03 19:11:00,7275.56
2017-11-03 20:11:00,7321.41
2017-11-03 21:11:00,7289.26
2017-11-03 22:11:00,7248.32
2017-11-03 23:11:00,7142.16
2017-11-03 24:11:00,7179.21
2017-11-04 01:11:00,7181.02
2017-11-04 02:11:00,7065.15
2017-11-04 03:11:00,7020.07
2017-11-04 04:11:00,7139.59
2017-11-04 05:11:00,7158.95
2017-11-04 06:11:00,7221.59
2017-11-04 07:11:00,7200.78
2017-11-04 08:11:00,7141.15
2017-11-04 09:11:00,7188.01
2017-11-04 10:11:00,7193.21
2017-11-04 11:11:00,7153.53
2017-11-04 12:11:00,7105.99
2017-11-04 13:11:00,7122.12
2017-11-04 14:11:00,7148.23
2017-11-04 15:11:00,7267.7
2017-11-04 16:11:00,7334.18
2017-11-04 17:11:00,7315.14
2017-11-04 18:11:00,7375.99
2017-11-04 19:11:00,7335.92
2017-11-04 20:11:00,7342.44
2017-11-04 21:11:00,7387.3
2017-11-04 22:11:00,7462.36
2017-11-04 23:11:00,7458.28
2017-11-04 24:11:00,7395
2017-11-05 01:11:00,7394.88
2017-11-05 02:11:00,7332.23
2017-11-05 03:11:00,7384.37
2017-11-05 04:11:00,7367.64
2017-11-05 05:11:00,7392.29
2017-11-05 06:11:00,7420.81
2017-11-05 07:11:00,7445.68
2017-11-05 08:11:00,7467.46
2017-11-05 09:11:00,7403.93
2017-11-05 10:11:00,7453
2017-11-05 11:11:00,7446.6
2017-11-05 12:11:00,7440.17
2017-11-05 13:11:00,7515.69
2017-11-05 14:11:00,7532.94
2017-11-05 15:11:00,7572.11
2017-11-05 16:11:00,7563.07
2017-11-05 17:11:00,7535.91
2017-11-05 18:11:00,7528.93
2017-11-05 19:11:00,7514.35
2017-11-05 20:11:00,7547.38
2017-11-05 21:11:00,7569.28
2017-11-05 22:11:00,7545.5
2017-11-05 23:11:00,7426.8
2017-11-05 24:11:00,7390.92
2017-11-06 01:11:00,7340.45
2017-11-06 02:11:00,7358.05
2017-11-06 03:11:00,7350.17
2017-11-06 04:11:00,7363.67
2017-11-06 05:11:00,7241.42
2017-11-06 06:11:00,7156.13
2017-11-06 07:11:00,7271.3
2017-11-06 08:11:00,7315.63
2017-11-06 09:11:00,7291.36
2017-11-06 10:11:00,7353.44
2017-11-06 11:11:00,7318.02
2017-11-06 12:11:00,7300.7
2017-11-06 13:11:00,7333.82
2017-11-06 14:11:00,7398.58
2017-11-06 15:11:00,7379.49
2017-11-06 16:11:00,7291.69
2017-11-06 17:11:00,7242.72
2017-11-06 18:11:00,7192.47
2017-11-06 19:11:00,7088.6
2017-11-06 20:11:00,7051.78
2017-11-06 21:11:00,6985.65
2017-11-06 22:11:00,7098.42
2017-11-06 23:11:00,7108.43
2017-11-06 24:11:00,7083.54
2017-11-07 01:11:00,6977.36
2017-11-07 02:11:00,7037.85
2017-11-07 03:11:00,7086.72
2017-11-07 04:11:00,7054.55
2017-11-07 05:11:00,7125.36
2017-11-07 06:11:00,7153.48
2017-11-07 07:11:00,7182.12
2017-11-07 08:11:00,7141.2
2017-11-07 09:11:00,7174.77
2017-11-07 10:11:00,7179.89
2017-11-07 11:11:00,7180.72
2017-11-07 12:11:00,7153.9
2017-11-07 13:11:00,7180.57
2017-11-07 14:11:00,7203.73
2017-11-07 15:11:00,7071.37
2017-11-07 16:11:00,7024.72
2017-11-07 17:11:00,7024.69
2017-11-07 18:11:00,7012.58
2017-11-07 19:11:00,7037.77
2017-11-07 20:11:00,7092.69
2017-11-07 21:11:00,7106.78
2017-11-07 22:11:00,7041.15
2017-11-07 23:11:00,7045.69
2017-11-07 24:11:00,7075.22
2017-11-08 01:11:00,7108.14
2017-11-08 02:11:00,7095.48
2017-11-08 03:11:00,7246.86
2017-11-08 04:11:00,7295.31
2017-11-08 05:11:00,7353.93
2017-11-08 06:11:00,7328.65
2017-11-08 07:11:00,7372.34
2017-11-08 08:11:00,7401.64
2017-11-08 09:11:00,7360.42
2017-11-08 10:11:00,7378.86
2017-11-08 11:11:00,7367.42
2017-11-08 12:11:00,7369.61
2017-11-08 13:11:00,7431.2
2017-11-08 14:11:00,7481.21
2017-11-08 15:11:00,7467.13
2017-11-08 16:11:00,7500.58
2017-11-08 17:11:00,7502.57
2017-11-08 18:11:00,7450.98
2017-11-08 19:11:00,7716.08
2017-11-08 20:11:00,7386.21
2017-11-08 21:11:00,7291.12
2017-11-08 22:11:00,7207.06
2017-11-08 23:11:00,7267.59
2017-11-08 24:11:00,7356.25
2017-11-09 01:11:00,7419.45
2017-11-09 02:11:00,7372.93
2017-11-09 03:11:00,7345.38
2017-11-09 04:11:00,7413.11
2017-11-09 05:11:00,7357.57
2017-11-09 06:11:00,7323.43
2017-11-09 07:11:00,7398.34
2017-11-09 08:11:00,7368.69
2017-11-09 09:11:00,7366.83
2017-11-09 10:11:00,7255.92
2017-11-09 11:11:00,7204
2017-11-09 12:11:00,7216.92
2017-11-09 13:11:00,7125.06
2017-11-09 14:11:00,7090.67
2017-11-09 15:11:00,7157.89
2017-11-09 16:11:00,7181.74
2017-11-09 17:11:00,7173.55
2017-11-09 18:11:00,7156.98
2017-11-09 19:11:00,7178.17
2017-11-09 20:11:00,7207.28
2017-11-09 21:11:00,7165.78
2017-11-09 22:11:00,7178.7
2017-11-09 23:11:00,7127.62
2017-11-09 24:11:00,7124.79
2017-11-10 01:11:00,7085.78
2017-11-10 02:11:00,7223.81
2017-11-10 03:11:00,7277.35
2017-11-10 04:11:00,7251.28
2017-11-10 05:11:00,7255.69
2017-11-10 06:11:00,7270.07
2017-11-10 07:11:00,7248.95
2017-11-10 08:11:00,7195.86
2017-11-10 09:11:00,7191.52
2017-11-10 10:11:00,7176.39
2017-11-10 11:11:00,7146.66
2017-11-10 12:11:00,7099.24
2017-11-10 13:11:00,6944.65
2017-11-10 14:11:00,6802.93
2017-11-10 15:11:00,6772.2
2017-11-10 16:11:00,6796.72
2017-11-10 17:11:00,6794.21
2017-11-10 18:11:00,6894.73
2017-11-10 19:11:00,6754.33
2017-11-10 20:11:00,6581.98
2017-11-10 21:11:00,6560.31
2017-11-10 22:11:00,6481.57
2017-11-10 23:11:00,6566.13
2017-11-10 24:11:00,6689.02
2017-11-11 01:11:00,6617.98
2017-11-11 02:11:00,6648.95
2017-11-11 03:11:00,6765.5
2017-11-11 04:11:00,6781
2017-11-11 05:11:00,6751.97
2017-11-11 06:11:00,6764.87
2017-11-11 07:11:00,6713.45
2017-11-11 08:11:00,6693.69
2017-11-11 09:11:00,6657.46
2017-11-11 10:11:00,6706.85
2017-11-11 11:11:00,6697.52
2017-11-11 12:11:00,6641.76
2017-11-11 13:11:00,6545.49
2017-11-11 14:11:00,6401.56
2017-11-11 15:11:00,6345.46
2017-11-11 16:11:00,6449.97
2017-11-11 17:11:00,6348.55
2017-11-11 18:11:00,6410.38
2017-11-11 19:11:00,6361.78
2017-11-11 20:11:00,6283.71
2017-11-11 21:11:00,6306.72
2017-11-11 22:11:00,6331.53
2017-11-11 23:11:00,6435.45
2017-11-11 24:11:00,6394.19
2017-11-12 01:11:00,6319.62
2017-11-12 02:11:00,6285.12
2017-11-12 03:11:00,6244.14
2017-11-12 04:11:00,6197.7
2017-11-12 05:11:00,6096.45
2017-11-12 06:11:00,6078.89
2017-11-12 07:11:00,5824.06
2017-11-12 08:11:00,5629.81
2017-11-12 09:11:00,5984.61
2017-11-12 10:11:00,6254.56
2017-11-12 11:11:00,6107.31
2017-11-12 12:11:00,6266.34
2017-11-12 13:11:00,6404.68
2017-11-12 14:11:00,6270.98
2017-11-12 15:11:00,6105.16
2017-11-12 16:11:00,6174.3
2017-11-12 17:11:00,6239.09
2017-11-12 18:11:00,6190.49
2017-11-12 19:11:00,6117.19
2017-11-12 20:11:00,6134.44
2017-11-12 21:11:00,6092.64
2017-11-12 22:11:00,6042.62
2017-11-12 23:11:00,5877.84
2017-11-12 24:11:00,5770.07
2017-11-13 01:11:00,5778.43
2017-11-13 02:11:00,5948.66
2017-11-13 03:11:00,5902.03
2017-11-13 04:11:00,5915.63
2017-11-13 05:11:00,5996.43
2017-11-13 06:11:00,6027.13
2017-11-13 07:11:00,6208.1
2017-11-13 08:11:00,6276.49
2017-11-13 09:11:00,6235.39
2017-11-13 10:11:00,6267.51
2017-11-13 11:11:00,6335.48
2017-11-13 12:11:00,6398.94
2017-11-13 13:11:00,6509.4
2017-11-13 14:11:00,6566.34
2017-11-13 15:11:00,6694.93
2017-11-13 16:11:00,6530.07
2017-11-13 17:11:00,6585.05
2017-11-13 18:11:00,6540.64
2017-11-13 19:11:00,6451.04
2017-11-13 20:11:00,6341.44
2017-11-13 21:11:00,6435.08
2017-11-13 22:11:00,6406.6
2017-11-13 23:11:00,6504.57
2017-11-13 24:11:00,6469.43
2017-11-14 01:11:00,6500.14
2017-11-14 02:11:00,6588.46
2017-11-14 03:11:00,6656.08
2017-11-14 04:11:00,6633.54
2017-11-14 05:11:00,6691.75
2017-11-14 06:11:00,6629.57
2017-11-14 07:11:00,6580.75
2017-11-14 08:11:00,6593.2
2017-11-14 09:11:00,6579.1
2017-11-14 10:11:00,6533.87
2017-11-14 11:11:00,6540.66
2017-11-14 12:11:00,6580.7
2017-11-14 13:11:00,6511.39
2017-11-14 14:11:00,6452.11
2017-11-14 15:11:00,6468.27
2017-11-14 16:11:00,6525.64
2017-11-14 17:11:00,6544.88
2017-11-14 18:11:00,6533.96
2017-11-14 19:11:00,6567.91
2017-11-14 20:11:00,6552.41
2017-11-14 21:11:00,6566.34
2017-11-14 22:11:00,6625.48
2017-11-14 23:11:00,6606.96
2017-11-14 24:11:00,6601.96
2017-11-15 01:11:00,6579.09
2017-11-15 02:11:00,6711.89
2017-11-15 03:11:00,6770.62
2017-11-15 04:11:00,6857.49
2017-11-15 05:11:00,6848.85
2017-11-15 06:11:00,6834.15
2017-11-15 07:11:00,6833.11
2017-11-15 08:11:00,6848.17
2017-11-15 09:11:00,6914.87
2017-11-15 10:11:00,6918.07
2017-11-15 11:11:00,6934.78
2017-11-15 12:11:00,6689.72
2017-11-15 13:11:00,6999.4
2017-11-15 14:11:00,7124.03
2017-11-15 15:11:00,7130.31
2017-11-15 16:11:00,7185.57
2017-11-15 17:11:00,7225.37
2017-11-15 18:11:00,7177.52
2017-11-15 19:11:00,7190.71
2017-11-15 20:11:00,7149.16
2017-11-15 21:11:00,7195.25
2017-11-15 22:11:00,7278.51
2017-11-15 23:11:00,7272.58
2017-11-15 24:11:00,7262.51
2017-11-16 01:11:00,7241.58
2017-11-16 02:11:00,7251.1
2017-11-16 03:11:00,7160.12
2017-11-16 04:11:00,7169.51
2017-11-16 05:11:00,7208.47
2017-11-16 06:11:00,7225.05
2017-11-16 07:11:00,7207.73
2017-11-16 08:11:00,7253.09
2017-11-16 09:11:00,7340.21
2017-11-16 10:11:00,7398.34
2017-11-16 11:11:00,7447.2
2017-11-16 12:11:00,7496.56
2017-11-16 13:11:00,7447.02
2017-11-16 14:11:00,7468.08
2017-11-16 15:11:00,7408.69
2017-11-16 16:11:00,7441.25
2017-11-16 17:11:00,7480.05
2017-11-16 18:11:00,7458.43
2017-11-16 19:11:00,7600.66
2017-11-16 20:11:00,7727.91
2017-11-16 21:11:00,7754.83
2017-11-16 22:11:00,7729.43
2017-11-16 23:11:00,7828.93
2017-11-16 24:11:00,7846.86
2017-11-17 01:11:00,7844.01
2017-11-17 02:11:00,7927.04
2017-11-17 03:11:00,7955.98
2017-11-17 04:11:00,7862.92
2017-11-17 05:11:00,7957.23
2017-11-17 06:11:00,7916.42
2017-11-17 07:11:00,7886.6
2017-11-17 08:11:00,7890.07
2017-11-17 09:11:00,7692.17
2017-11-17 10:11:00,7670.12
2017-11-17 11:11:00,7770.41
2017-11-17 12:11:00,7826.1
2017-11-17 13:11:00,7853.8
2017-11-17 14:11:00,7843.71
2017-11-17 15:11:00,7825.8
2017-11-17 16:11:00,7863.15
2017-11-17 17:11:00,7935.54
2017-11-17 18:11:00,7913.51
2017-11-17 19:11:00,7839.65
2017-11-17 20:11:00,7841.26
2017-11-17 21:11:00,7811.53
2017-11-17 22:11:00,7732.11
2017-11-17 23:11:00,7662.75
2017-11-17 24:11:00,7758.07
2017-11-18 01:11:00,7732.08
2017-11-18 02:11:00,7617.35
2017-11-18 03:11:00,7571.34
2017-11-18 04:11:00,7495.84
2017-11-18 05:11:00,7588.57
2017-11-18 06:11:00,7651.16
2017-11-18 07:11:00,7706.59
2017-11-18 08:11:00,7646.65
2017-11-18 09:11:00,7657.52
2017-11-18 10:11:00,7761.69
2017-11-18 11:11:00,7759.09
2017-11-18 12:11:00,7729.05
2017-11-18 13:11:00,7736.53
2017-11-18 14:11:00,7730.07
2017-11-18 15:11:00,7694.46
2017-11-18 16:11:00,7688.97
2017-11-18 17:11:00,7682
2017-11-18 18:11:00,7669.51
2017-11-18 19:11:00,7712.12
2017-11-18 20:11:00,7759.22
2017-11-18 21:11:00,7752.3
2017-11-18 22:11:00,7750.09
2017-11-18 23:11:00,7820.23
2017-11-18 24:11:00,7809.39
2017-11-19 01:11:00,7799.31
2017-11-19 02:11:00,7766.2
2017-11-19 03:11:00,7798.7
2017-11-19 04:11:00,7810.78
2017-11-19 05:11:00,7798.81
2017-11-19 06:11:00,7806.55
2017-11-19 07:11:00,7765.38
2017-11-19 08:11:00,7762.24
2017-11-19 09:11:00,7712.92
2017-11-19 10:11:00,7720.76
2017-11-19 11:11:00,7772.66
2017-11-19 12:11:00,7775.71
2017-11-19 13:11:00,7763.98
2017-11-19 14:11:00,7731.18
2017-11-19 15:11:00,7759.64
2017-11-19 16:11:00,7787.53
2017-11-19 17:11:00,7750.25
2017-11-19 18:11:00,7784.47
2017-11-19 19:11:00,7897.95
2017-11-19 20:11:00,8012.6
2017-11-19 21:11:00,8010.15
2017-11-19 22:11:00,8071.47
2017-11-19 23:11:00,8051.45
2017-11-19 24:11:00,8000.82
2017-11-20 01:11:00,8022.05
2017-11-20 02:11:00,8045.63
2017-11-20 03:11:00,8034.43
2017-11-20 04:11:00,7997.47
2017-11-20 05:11:00,7970.5
2017-11-20 06:11:00,7996.6
2017-11-20 07:11:00,8001.88
2017-11-20 08:11:00,8003.3
2017-11-20 09:11:00,8020.6
2017-11-20 10:11:00,8042.84
2017-11-20 11:11:00,8041.32
2017-11-20 12:11:00,8031.92
2017-11-20 13:11:00,8059.26
2017-11-20 14:11:00,8114.53
2017-11-20 15:11:00,8161.8
2017-11-20 16:11:00,8214.19
2017-11-20 17:11:00,8215.36
2017-11-20 18:11:00,8242.04
2017-11-20 19:11:00,8266.43
2017-11-20 20:11:00,8226.73
2017-11-20 21:11:00,8232.03
2017-11-20 22:11:00,8220.08
2017-11-20 23:11:00,8249.19
2017-11-20 24:11:00,8277.02
2017-11-21 01:11:00,8281.06
2017-11-21 02:11:00,8249.12
2017-11-21 03:11:00,8258.11
2017-11-21 04:11:00,8148.54
2017-11-21 05:11:00,7956.06
2017-11-21 06:11:00,7918.5
2017-11-21 07:11:00,8003.04
2017-11-21 08:11:00,8104.06
2017-11-21 09:11:00,8122.52
2017-11-21 10:11:00,8199.72
2017-11-21 11:11:00,8187.11
2017-11-21 12:11:00,8190.56
2017-11-21 13:11:00,8204.36
2017-11-21 14:11:00,8233.16
2017-11-21 15:11:00,8228.12
2017-11-21 16:11:00,8281.11
2017-11-21 17:11:00,8340.76
2017-11-21 18:11:00,8313.42
2017-11-21 19:11:00,8303.01
2017-11-21 20:11:00,8282.72
2017-11-21 21:11:00,8169.32
2017-11-21 22:11:00,8153.79
2017-11-21 23:11:00,8197.43
2017-11-21 24:11:00,8075.6
2017-11-22 01:11:00,8083.14
2017-11-22 02:11:00,8142.11
2017-11-22 03:11:00,8125.74
2017-11-22 04:11:00,8149.83
2017-11-22 05:11:00,8168
2017-11-22 06:11:00,8146.75
2017-11-22 07:11:00,8157.27
2017-11-22 08:11:00,8168.36
2017-11-22 09:11:00,8218.45
2017-11-22 10:11:00,8268.56
2017-11-22 11:11:00,8271.53
2017-11-22 12:11:00,8283.01
2017-11-22 13:11:00,8295.03
2017-11-22 14:11:00,8265.22
2017-11-22 15:11:00,8215.66
2017-11-22 16:11:00,8183.64
2017-11-22 17:11:00,8235.08
2017-11-22 18:11:00,8206.96
2017-11-22 19:11:00,8178.51
2017-11-22 20:11:00,8131.9
2017-11-22 21:11:00,8178.72
2017-11-22 22:11:00,8193.11
2017-11-22 23:11:00,8198.99
2017-11-22 24:11:00,8249.87
2017-11-23 01:11:00,8252.21
2017-11-23 02:11:00,8252.1
2017-11-23 03:11:00,8212.7
2017-11-23 04:11:00,8228.38
2017-11-23 05:11:00,8202.49
2017-11-23 06:11:00,8204.87
2017-11-23 07:11:00,8250.53
2017-11-23 08:11:00,8246.89
2017-11-23 09:11:00,8194.3
2017-11-23 10:11:00,8146.45
2017-11-23 11:11:00,8164.8
2017-11-23 12:11:00,8126.48
2017-11-23 13:11:00,8120.89
2017-11-23 14:11:00,8157.64
2017-11-23 15:11:00,8205.98
2017-11-23 16:11:00,8188.2
2017-11-23 17:11:00,8187.06
2017-11-23 18:11:00,8175.19
2017-11-23 19:11:00,8148.1
2017-11-23 20:11:00,8141.03
2017-11-23 21:11:00,8144.77
2017-11-23 22:11:00,8162
2017-11-23 23:11:00,8167.77
2017-11-23 24:11:00,8152.35
2017-11-24 01:11:00,8074.76
2017-11-24 02:11:00,8029.61
2017-11-24 03:11:00,7950.73
2017-11-24 04:11:00,8013.64
2017-11-24 05:11:00,8081.88
2017-11-24 06:11:00,8054.1
2017-11-24 07:11:00,8081.6
2017-11-24 08:11:00,8145.16
2017-11-24 09:11:00,8201.14
2017-11-24 10:11:00,8286.74
2017-11-24 11:11:00,8172.62
2017-11-24 12:11:00,8185.88
2017-11-24 13:11:00,8231.83
2017-11-24 14:11:00,8225.37
2017-11-24 15:11:00,8198.33
2017-11-24 16:11:00,8188.5
2017-11-24 17:11:00,8198.64
2017-11-24 18:11:00,8227.51
2017-11-24 19:11:00,8220.36
2017-11-24 20:11:00,8250.86
2017-11-24 21:11:00,8259.33
2017-11-24 22:11:00,8221.33
2017-11-24 23:11:00,8261.63
2017-11-24 24:11:00,8262.06
2017-11-25 01:11:00,8226.74
2017-11-25 02:11:00,8193.48
2017-11-25 03:11:00,8183.14
2017-11-25 04:11:00,8196.5
2017-11-25 05:11:00,8204.51
2017-11-25 06:11:00,8222.84
2017-11-25 07:11:00,8236.22
2017-11-25 08:11:00,8247.93
2017-11-25 09:11:00,8281.71
2017-11-25 10:11:00,8387.74
2017-11-25 11:11:00,8440.3
2017-11-25 12:11:00,8460.11
2017-11-25 13:11:00,8448.17
2017-11-25 14:11:00,8544.8
2017-11-25 15:11:00,8614.87
2017-11-25 16:11:00,8593.7
2017-11-25 17:11:00,8594.21
2017-11-25 18:11:00,8670.31
2017-11-25 19:11:00,8688.51
2017-11-25 20:11:00,8680.54
2017-11-25 21:11:00,8651.7
2017-11-25 22:11:00,8686.46
2017-11-25 23:11:00,8696.75
2017-11-25 24:11:00,8723.38
2017-11-26 01:11:00,8730.47
2017-11-26 02:11:00,8818.27
2017-11-26 03:11:00,8823.68
2017-11-26 04:11:00,8822.54
2017-11-26 05:11:00,8847.71
2017-11-26 06:11:00,8924.98
2017-11-26 07:11:00,8957.04
2017-11-26 08:11:00,9025.05
2017-11-26 09:11:00,9006.61
2017-11-26 10:11:00,8980.26
2017-11-26 11:11:00,8906.05
2017-11-26 12:11:00,8882.37
2017-11-26 13:11:00,8966.27
2017-11-26 14:11:00,8965.56
2017-11-26 15:11:00,9005.05
2017-11-26 16:11:00,9000.99
2017-11-26 17:11:00,9054.05
2017-11-26 18:11:00,9199.57
2017-11-26 19:11:00,9313.78
2017-11-26 20:11:00,9406.75
2017-11-26 21:11:00,9275.54
2017-11-26 22:11:00,9309.14
2017-11-26 23:11:00,9253.1
2017-11-26 24:11:00,9321.53
2017-11-27 01:11:00,9283.54
2017-11-27 02:11:00,9446.51
2017-11-27 03:11:00,9614.63
2017-11-27 04:11:00,9595.1
2017-11-27 05:11:00,9595.7
2017-11-27 06:11:00,9655.49
2017-11-27 07:11:00,9608.34
2017-11-27 08:11:00,9665.66
2017-11-27 09:11:00,9660.99
2017-11-27 10:11:00,9703.15
2017-11-27 11:11:00,9481.75
2017-11-27 12:11:00,9503.53
2017-11-27 13:11:00,9590.46
2017-11-27 14:11:00,9660.47
2017-11-27 15:11:00,9624.82
2017-11-27 16:11:00,9627.22
2017-11-27 17:11:00,9658.17
2017-11-27 18:11:00,9596.3
2017-11-27 19:11:00,9524.31
2017-11-27 20:11:00,9576.83
2017-11-27 21:11:00,9539.71
2017-11-27 22:11:00,9576.45
2017-11-27 23:11:00,9644.98
2017-11-27 24:11:00,9637.46
2017-11-28 01:11:00,9709.39
2017-11-28 02:11:00,9727.09
2017-11-28 03:11:00,9693.72
2017-11-28 04:11:00,9681.49
2017-11-28 05:11:00,9692.88
2017-11-28 06:11:00,9742.04
2017-11-28 07:11:00,9839.13
2017-11-28 08:11:00,9869.89
2017-11-28 09:11:00,9854.86
2017-11-28 10:11:00,9832.11
2017-11-28 11:11:00,9870.68
2017-11-28 12:11:00,9852.11
2017-11-28 13:11:00,9908.32
2017-11-28 14:11:00,9908.34
2017-11-28 15:11:00,9837.53
2017-11-28 16:11:00,9888.07
2017-11-28 17:11:00,9891.27
2017-11-28 18:11:00,9908.13
2017-11-28 19:11:00,9908.4
2017-11-28 20:11:00,9955.89
2017-11-28 21:11:00,9939.09
2017-11-28 22:11:00,9928.7
2017-11-28 23:11:00,9933.91
2017-11-28 24:11:00,9949.61
2017-11-29 01:11:00,9917.47
2017-11-29 02:11:00,9947.6
2017-11-29 03:11:00,10027.58
2017-11-29 04:11:00,10066.63
2017-11-29 05:11:00,10267.41
2017-11-29 06:11:00,10358.4
2017-11-29 07:11:00,10539.56
2017-11-29 08:11:00,10357.7
2017-11-29 09:11:00,10471.47
2017-11-29 10:11:00,10634.59
2017-11-29 11:11:00,10710.2
2017-11-29 12:11:00,10764.73
2017-11-29 13:11:00,10843.19
2017-11-29 14:11:00,10915.14
2017-11-29 15:11:00,10988.94
2017-11-29 16:11:00,11256
2017-11-29 17:11:00,10808.46
2017-11-29 18:11:00,10949.46
2017-11-29 19:11:00,10677.24
2017-11-29 20:11:00,10497.21
2017-11-29 21:11:00,9680.68
2017-11-29 22:11:00,9816.98
2017-11-29 23:11:00,9824.46
2017-11-29 24:11:00,10114.86
2017-11-30 01:11:00,9786.34
2017-11-30 02:11:00,9977.28
2017-11-30 03:11:00,10293
2017-11-30 04:11:00,10423.23
2017-11-30 05:11:00,10557.32
2017-11-30 06:11:00,10644.55
2017-11-30 07:11:00,10450.19
2017-11-30 08:11:00,10128.03
2017-11-30 09:11:00,10173.66
2017-11-30 10:11:00,10263.9
2017-11-30 11:11:00,10165.8
2017-11-30 12:11:00,9880.98
2017-11-30 13:11:00,9709.4
2017-11-30 14:11:00,9795.33
2017-11-30 15:11:00,9386.53
2017-11-30 16:11:00,9249.01
2017-11-30 17:11:00,9291.98
2017-11-30 18:11:00,9390.27
2017-11-30 19:11:00,9430.12
2017-11-30 20:11:00,9677.99
2017-11-30 21:11:00,9841.19
2017-11-30 22:11:00,9649.83
2017-11-30 23:11:00,9613.63
2017-11-30 24:11:00,9844.34
2017-12-01 01:12:00,10014.62
2017-12-01 02:12:00,9980.93
2017-12-01 03:12:00,9793.26
2017-12-01 04:12:00,9709.82
2017-12-01 05:12:00,9711.75
2017-12-01 06:12:00,9809.77
2017-12-01 07:12:00,9671.05
2017-12-01 08:12:00,9590.85
2017-12-01 09:12:00,9508.38
2017-12-01 10:12:00,9732.47
2017-12-01 11:12:00,9924.42
2017-12-01 12:12:00,9909.68
2017-12-01 13:12:00,9926.63
2017-12-01 14:12:00,10185.95
2017-12-01 15:12:00,10498.56
2017-12-01 16:12:00,10604.41
2017-12-01 17:12:00,10530.57
2017-12-01 18:12:00,10602.8
2017-12-01 19:12:00,10517.33
2017-12-01 20:12:00,10503.08
2017-12-01 21:12:00,10572.84
2017-12-01 22:12:00,10734.57
2017-12-01 23:12:00,10856.22
2017-12-01 24:12:00,10851.85
2017-12-02 01:12:00,10784.81
2017-12-02 02:12:00,10920.84
2017-12-02 03:12:00,11024.66
2017-12-02 04:12:00,11008.5
2017-12-02 05:12:00,10964.45
2017-12-02 06:12:00,10797.91
2017-12-02 07:12:00,10795.74
2017-12-02 08:12:00,10929.09
2017-12-02 09:12:00,10918.12
2017-12-02 10:12:00,10941.42
2017-12-02 11:12:00,11089.53
2017-12-02 12:12:00,11160.4
2017-12-02 13:12:00,10961.43
2017-12-02 14:12:00,11023.55
2017-12-02 15:12:00,11082.07
2017-12-02 16:12:00,10877.58
2017-12-02 17:12:00,10825.35
2017-12-02 18:12:00,10799.37
2017-12-02 19:12:00,10894.14
2017-12-02 20:12:00,10974.91
2017-12-02 21:12:00,10927.91
2017-12-02 22:12:00,10939.74
2017-12-02 23:12:00,11006.38
2017-12-02 24:12:00,10997.53
2017-12-03 01:12:00,10932.82
2017-12-03 02:12:00,10921.78
2017-12-03 03:12:00,10874.21
2017-12-03 04:12:00,10928.67
2017-12-03 05:12:00,10926.53
2017-12-03 06:12:00,11029.14
2017-12-03 07:12:00,11060.14
2017-12-03 08:12:00,11061.69
2017-12-03 09:12:00,11148.24
2017-12-03 10:12:00,11149.01
2017-12-03 11:12:00,11125.27
2017-12-03 12:12:00,11137.89
2017-12-03 13:12:00,11428.45
2017-12-03 14:12:00,11630.04
2017-12-03 15:12:00,11676.03
2017-12-03 16:12:00,11626.69
2017-12-03 17:12:00,11763.28
2017-12-03 18:12:00,11745.37
2017-12-03 19:12:00,11715
2017-12-03 20:12:00,11711.36
2017-12-03 21:12:00,11734.69
2017-12-03 22:12:00,11545.66
2017-12-03 23:12:00,11104.67
2017-12-03 24:12:00,10952.38
2017-12-04 01:12:00,11152.11
2017-12-04 02:12:00,11290.44
2017-12-04 03:12:00,11410.5
2017-12-04 04:12:00,11304.4
2017-12-04 05:12:00,11352.6
2017-12-04 06:12:00,11474.87
2017-12-04 07:12:00,11451.68
2017-12-04 08:12:00,11420.18
2017-12-04 09:12:00,11485.65
2017-12-04 10:12:00,11523.66
2017-12-04 11:12:00,11485.96
2017-12-04 12:12:00,11324.56
2017-12-04 13:12:00,11258.69
2017-12-04 14:12:00,11200.56
2017-12-04 15:12:00,11075.45
2017-12-04 16:12:00,11350.97
2017-12-04 17:12:00,11349.62
2017-12-04 18:12:00,11311.7
2017-12-04 19:12:00,11333.87
2017-12-04 20:12:00,11188.63
2017-12-04 21:12:00,11213.25
2017-12-04 22:12:00,11458.96
2017-12-04 23:12:00,11532.22
2017-12-04 24:12:00,11478.33
2017-12-05 01:12:00,11546.6
2017-12-05 02:12:00,11610.73
2017-12-05 03:12:00,11591.19
2017-12-05 04:12:00,11600.18
2017-12-05 05:12:00,11568.4
2017-12-05 06:12:00,11515.34
2017-12-05 07:12:00,11549.55
2017-12-05 08:12:00,11581.77
2017-12-05 09:12:00,11685.79
2017-12-05 10:12:00,11783.03
2017-12-05 11:12:00,11751.99
2017-12-05 12:12:00,11610.66
2017-12-05 13:12:00,11662.08
2017-12-05 14:12:00,11706.65
2017-12-05 15:12:00,11831.73
2017-12-05 16:12:00,11809.26
2017-12-05 17:12:00,11805.78
2017-12-05 18:12:00,11667.62
2017-12-05 19:12:00,11712.4
2017-12-05 20:12:00,11712.6
2017-12-05 21:12:00,11750.44
2017-12-05 22:12:00,11771.25
2017-12-05 23:12:00,11749.5
2017-12-05 24:12:00,11714.54
2017-12-06 01:12:00,11690.2
2017-12-06 02:12:00,11750.91
2017-12-06 03:12:00,11856.27
2017-12-06 04:12:00,12049.46
2017-12-06 05:12:00,12208.38
2017-12-06 06:12:00,12211.83
2017-12-06 07:12:00,12197.15
2017-12-06 08:12:00,12358.55
2017-12-06 09:12:00,12431.19
2017-12-06 10:12:00,12450.87
2017-12-06 11:12:00,12530.59
2017-12-06 12:12:00,12695.44
2017-12-06 13:12:00,12621.87
2017-12-06 14:12:00,12688.53
2017-12-06 15:12:00,12696.37
2017-12-06 16:12:00,12771.83
2017-12-06 17:12:00,12681.94
2017-12-06 18:12:00,12539.24
2017-12-06 19:12:00,12680.22
2017-12-06 20:12:00,12806.18
2017-12-06 21:12:00,13010.94
2017-12-06 22:12:00,13133.67
2017-12-06 23:12:00,13187.25
2017-12-06 24:12:00,13582.34
2017-12-07 01:12:00,13642.86
2017-12-07 02:12:00,13957.94
2017-12-07 03:12:00,14004.21
2017-12-07 04:12:00,13778.76
2017-12-07 05:12:00,13885.42
2017-12-07 06:12:00,13982.03
2017-12-07 07:12:00,14139.32
2017-12-07 08:12:00,14204.12
2017-12-07 09:12:00,14126.16
2017-12-07 10:12:00,14468.97
2017-12-07 11:12:00,14566.95
2017-12-07 12:12:00,14960.68
2017-12-07 13:12:00,14881.21
2017-12-07 14:12:00,14599.52
2017-12-07 15:12:00,14970.99
2017-12-07 16:12:00,15362.81
2017-12-07 17:12:00,15834.78
2017-12-07 18:12:00,16109.23
2017-12-07 19:12:00,15524.78
2017-12-07 20:12:00,16253.59
2017-12-07 21:12:00,15770.31
2017-12-07 22:12:00,15751.89
2017-12-07 23:12:00,16121.53
2017-12-07 24:12:00,16842.58
2017-12-08 01:12:00,16978.31
2017-12-08 02:12:00,17368.96
2017-12-08 03:12:00,17515.64
2017-12-08 04:12:00,17069.42
2017-12-08 05:12:00,16416.98
2017-12-08 06:12:00,16281.09
2017-12-08 07:12:00,15335.78
2017-12-08 08:12:00,15845.06
2017-12-08 09:12:00,16440.35
2017-12-08 10:12:00,16231.97
2017-12-08 11:12:00,15512.88
2017-12-08 12:12:00,15568.52
2017-12-08 13:12:00,14722.21
2017-12-08 14:12:00,15237.13
2017-12-08 15:12:00,14986.59
2017-12-08 16:12:00,15725.28
2017-12-08 17:12:00,15751.26
2017-12-08 18:12:00,15530.75
2017-12-08 19:12:00,15283
2017-12-08 20:12:00,15135.12
2017-12-08 21:12:00,15428.44
2017-12-08 22:12:00,15228.47
2017-12-08 23:12:00,15598.07
2017-12-08 24:12:00,15924.44
2017-12-09 01:12:00,15970.08
2017-12-09 02:12:00,16104.69
2017-12-09 03:12:00,15797.45
2017-12-09 04:12:00,15676.6
2017-12-09 05:12:00,15717.57
2017-12-09 06:12:00,15606.21
2017-12-09 07:12:00,15312.3
2017-12-09 08:12:00,15434.51
2017-12-09 09:12:00,15628.54
2017-12-09 10:12:00,15323.17
2017-12-09 11:12:00,15127.97
2017-12-09 12:12:00,14899.36
2017-12-09 13:12:00,14851.03
2017-12-09 14:12:00,15036.79
2017-12-09 15:12:00,15031.48
2017-12-09 16:12:00,15040.33
2017-12-09 17:12:00,14744.85
2017-12-09 18:12:00,14409.58
2017-12-09 19:12:00,13774.79
2017-12-09 20:12:00,14258.2
2017-12-09 21:12:00,14224.53
2017-12-09 22:12:00,14541.71
2017-12-09 23:12:00,14437.84
2017-12-09 24:12:00,14866.9
2017-12-10 01:12:00,14805.04
2017-12-10 02:12:00,14433.33
2017-12-10 03:12:00,14000.97
2017-12-10 04:12:00,13943.41
2017-12-10 05:12:00,13414.53
2017-12-10 06:12:00,13402.33
2017-12-10 07:12:00,13398.13
2017-12-10 08:12:00,13753.54
2017-12-10 09:12:00,13656.22
2017-12-10 10:12:00,13340.06
2017-12-10 11:12:00,13567.52
2017-12-10 12:12:00,13903.27
2017-12-10 13:12:00,13764.54
2017-12-10 14:12:00,13780.94
2017-12-10 15:12:00,14466.42
2017-12-10 16:12:00,15272.25
2017-12-10 17:12:00,15247.53
2017-12-10 18:12:00,15448.16
2017-12-10 19:12:00,15391.95
2017-12-10 20:12:00,15256.01
2017-12-10 21:12:00,15475.47
2017-12-10 22:12:00,15478.14
2017-12-10 23:12:00,14846.43
2017-12-10 24:12:00,14722.15
2017-12-11 01:12:00,15394.57
2017-12-11 02:12:00,15270.32
2017-12-11 03:12:00,15832.94
2017-12-11 04:12:00,16181.85
2017-12-11 05:12:00,16511.98
2017-12-11 06:12:00,16303.51
2017-12-11 07:12:00,16305.63
2017-12-11 08:12:00,16496.42
2017-12-11 09:12:00,16593.79
2017-12-11 10:12:00,16590.53
2017-12-11 11:12:00,16465.12
2017-12-11 12:12:00,16593.75
2017-12-11 13:12:00,16510.62
2017-12-11 14:12:00,16461.57
2017-12-11 15:12:00,16312.51
2017-12-11 16:12:00,16387.3
2017-12-11 17:12:00,16411.57
2017-12-11 18:12:00,16437.82
2017-12-11 19:12:00,16376.6
2017-12-11 20:12:00,16495.66
2017-12-11 21:12:00,16742.69
2017-12-11 22:12:00,17229.15
2017-12-11 23:12:00,17113.53
2017-12-11 24:12:00,17027.13
2017-12-12 01:12:00,16798.67
2017-12-12 02:12:00,16683.48
2017-12-12 03:12:00,16759.34
2017-12-12 04:12:00,16801.17
2017-12-12 05:12:00,16488.68
2017-12-12 06:12:00,16406.24
2017-12-12 07:12:00,16427.31
2017-12-12 08:12:00,16472.79
2017-12-12 09:12:00,16654.72
2017-12-12 10:12:00,16886.7
2017-12-12 11:12:00,16903.75
2017-12-12 12:12:00,16745.19
2017-12-12 13:12:00,16784.03
2017-12-12 14:12:00,16690.22
2017-12-12 15:12:00,17034.72
2017-12-12 16:12:00,16986.43
2017-12-12 17:12:00,16881.91
2017-12-12 18:12:00,17057.18
2017-12-12 19:12:00,17149.22
2017-12-12 20:12:00,17537.71
2017-12-12 21:12:00,17415.75
2017-12-12 22:12:00,17315.7
2017-12-12 23:12:00,17153.6
2017-12-12 24:12:00,17245.02
2017-12-13 01:12:00,17072.02
2017-12-13 02:12:00,17223.21
2017-12-13 03:12:00,17007.46
2017-12-13 04:12:00,16628.47
2017-12-13 05:12:00,16557.65
2017-12-13 06:12:00,16486.2
2017-12-13 07:12:00,16798.68
2017-12-13 08:12:00,16661.78
2017-12-13 09:12:00,16628.23
2017-12-13 10:12:00,16555.25
2017-12-13 11:12:00,16562.39
2017-12-13 12:12:00,16670.96
2017-12-13 13:12:00,16682.4
2017-12-13 14:12:00,16980.58
2017-12-13 15:12:00,17012
2017-12-13 16:12:00,17032.12
2017-12-13 17:12:00,16978.27
2017-12-13 18:12:00,16685.55
2017-12-13 19:12:00,16385.4
2017-12-13 20:12:00,16022.96
2017-12-13 21:12:00,16305.13
2017-12-13 22:12:00,16288.78
2017-12-13 23:12:00,16551.96
2017-12-13 24:12:00,16479.56
2017-12-14 01:12:00,16285.03
2017-12-14 02:12:00,16348.87
2017-12-14 03:12:00,16330.92
2017-12-14 04:12:00,16132.37
2017-12-14 05:12:00,16125.21
2017-12-14 06:12:00,16374.38
2017-12-14 07:12:00,16297.8
2017-12-14 08:12:00,16287.26
2017-12-14 09:12:00,16284.67
2017-12-14 10:12:00,16737.35
2017-12-14 11:12:00,16558.81
2017-12-14 12:12:00,16505.31
2017-12-14 13:12:00,16513.82
2017-12-14 14:12:00,16644.24
2017-12-14 15:12:00,16609.64
2017-12-14 16:12:00,16554.82
2017-12-14 17:12:00,16347.64
2017-12-14 18:12:00,16431.99
2017-12-14 19:12:00,16509.37
2017-12-14 20:12:00,16557.43
2017-12-14 21:12:00,16491.14
2017-12-14 22:12:00,16489.01
2017-12-14 23:12:00,16388.11
2017-12-14 24:12:00,16505.31
2017-12-15 01:12:00,16451.37
2017-12-15 02:12:00,16799.35
2017-12-15 03:12:00,17026.98
2017-12-15 04:12:00,17399.47
2017-12-15 05:12:00,17330.83
2017-12-15 06:12:00,17219.07
2017-12-15 07:12:00,17341.46
2017-12-15 08:12:00,17242.7
2017-12-15 09:12:00,17137.32
2017-12-15 10:12:00,17141.58
2017-12-15 11:12:00,17485.15
2017-12-15 12:12:00,17830.93
2017-12-15 13:12:00,17866
2017-12-15 14:12:00,17928.86
2017-12-15 15:12:00,17738.34
2017-12-15 16:12:00,17779.37
2017-12-15 17:12:00,17632.27
2017-12-15 18:12:00,17661.77
2017-12-15 19:12:00,17628.08
2017-12-15 20:12:00,17640.04
2017-12-15 21:12:00,17752.64
2017-12-15 22:12:00,17765.68
2017-12-15 23:12:00,17545.31
2017-12-15 24:12:00,17441.14
2017-12-16 01:12:00,17590.4
2017-12-16 02:12:00,17616.16
2017-12-16 03:12:00,17569.8
2017-12-16 04:12:00,17503.71
2017-12-16 05:12:00,17427.43
2017-12-16 06:12:00,17526.34
2017-12-16 07:12:00,17599.19
2017-12-16 08:12:00,17738.33
2017-12-16 09:12:00,17932.09
2017-12-16 10:12:00,17841
2017-12-16 11:12:00,17904.9
2017-12-16 12:12:00,17923.69
2017-12-16 13:12:00,17997.5
2017-12-16 14:12:00,18071.8
2017-12-16 15:12:00,18314.11
2017-12-16 16:12:00,18497.88
2017-12-16 17:12:00,18711.58
2017-12-16 18:12:00,18763.84
2017-12-16 19:12:00,18806.79
2017-12-16 20:12:00,18765.09
2017-12-16 21:12:00,19054.53
2017-12-16 22:12:00,19291.2
2017-12-16 23:12:00,19206.81
2017-12-16 24:12:00,19370.83
2017-12-17 01:12:00,19489.44
2017-12-17 02:12:00,19248.99
2017-12-17 03:12:00,19099.14
2017-12-17 04:12:00,19142.5
2017-12-17 05:12:00,19256.44
2017-12-17 06:12:00,19083.16
2017-12-17 07:12:00,19232.38
2017-12-17 08:12:00,19344.8
2017-12-17 09:12:00,19540.27
2017-12-17 10:12:00,19515.9
2017-12-17 11:12:00,19488.42
2017-12-17 12:12:00,19639.6
2017-12-17 13:12:00,19748.38
2017-12-17 14:12:00,19800.01
2017-12-17 15:12:00,19702.6
2017-12-17 16:12:00,19564.6
2017-12-17 17:12:00,19376.94
2017-12-17 18:12:00,19249.26
2017-12-17 19:12:00,19204.14
2017-12-17 20:12:00,19071.82
2017-12-17 21:12:00,18869.02
2017-12-17 22:12:00,19173.53
2017-12-17 23:12:00,19028.58
2017-12-17 24:12:00,19315.24
2017-12-18 01:12:00,19093.78
2017-12-18 02:12:00,18569.74
2017-12-18 03:12:00,18295.42
2017-12-18 04:12:00,18576.41
2017-12-18 05:12:00,18534.41
2017-12-18 06:12:00,18824.26
2017-12-18 07:12:00,18840.08
2017-12-18 08:12:00,18973.66
2017-12-18 09:12:00,18832.34
2017-12-18 10:12:00,18821.57
2017-12-18 11:12:00,18721.88
2017-12-18 12:12:00,18831.62
2017-12-18 13:12:00,19055.07
2017-12-18 14:12:00,19072.59
2017-12-18 15:12:00,18809.05
2017-12-18 16:12:00,18474.78
2017-12-18 17:12:00,18735.86
2017-12-18 18:12:00,18678.87
2017-12-18 19:12:00,18555.19
2017-12-18 20:12:00,18443.42
2017-12-18 21:12:00,18662.53
2017-12-18 22:12:00,18657.02
2017-12-18 23:12:00,18723.19
2017-12-18 24:12:00,18702.43
2017-12-19 01:12:00,18923.49
2017-12-19 02:12:00,18856.79
2017-12-19 03:12:00,18838.69
2017-12-19 04:12:00,18764.03
2017-12-19 05:12:00,18824.17
2017-12-19 06:12:00,18904.66
2017-12-19 07:12:00,18843.75
2017-12-19 08:12:00,18765.79
2017-12-19 09:12:00,18743.33
2017-12-19 10:12:00,18790.12
2017-12-19 11:12:00,18597.73
2017-12-19 12:12:00,18200.25
2017-12-19 13:12:00,17899.94
2017-12-19 14:12:00,17944.53
2017-12-19 15:12:00,18101.02
2017-12-19 16:12:00,17783.69
2017-12-19 17:12:00,17799.55
2017-12-19 18:12:00,18066.95
2017-12-19 19:12:00,18215.6
2017-12-19 20:12:00,18158.85
2017-12-19 21:12:00,17957.11
2017-12-19 22:12:00,17707.84
2017-12-19 23:12:00,17110.81
2017-12-19 24:12:00,17248.23
2017-12-20 01:12:00,17416.4
2017-12-20 02:12:00,16543.37
2017-12-20 03:12:00,16324
2017-12-20 04:12:00,16789.62
2017-12-20 05:12:00,17022.27
2017-12-20 06:12:00,16845.29
2017-12-20 07:12:00,16677.89
2017-12-20 08:12:00,16219.62
2017-12-20 09:12:00,16504.19
2017-12-20 10:12:00,16751.51
2017-12-20 11:12:00,16810.55
2017-12-20 12:12:00,17248.74
2017-12-20 13:12:00,17262.12
2017-12-20 14:12:00,17603.54
2017-12-20 15:12:00,17316.38
2017-12-20 16:12:00,17255.16
2017-12-20 17:12:00,16764.06
2017-12-20 18:12:00,16311.51
2017-12-20 19:12:00,16701.47
2017-12-20 20:12:00,16752.45
2017-12-20 21:12:00,16713.32
2017-12-20 22:12:00,16706.9
2017-12-20 23:12:00,16387.83
2017-12-20 24:12:00,16001.34
2017-12-21 01:12:00,16361.42
2017-12-21 02:12:00,16548.14
2017-12-21 03:12:00,16505.05
2017-12-21 04:12:00,16512.92
2017-12-21 05:12:00,16503.86
2017-12-21 06:12:00,16899.27
2017-12-21 07:12:00,16784.13
2017-12-21 08:12:00,17001.12
2017-12-21 09:12:00,17068.5
2017-12-21 10:12:00,16804.39
2017-12-21 11:12:00,16809.14
2017-12-21 12:12:00,16577.81
2017-12-21 13:12:00,16635.08
2017-12-21 14:12:00,16718.89
2017-12-21 15:12:00,16412.33
2017-12-21 16:12:00,16197.11
2017-12-21 17:12:00,15550.75
2017-12-21 18:12:00,15521.69
2017-12-21 19:12:00,15285.04
2017-12-21 20:12:00,15345.06
2017-12-21 21:12:00,15210.59
2017-12-21 22:12:00,15280.98
2017-12-21 23:12:00,15432.08
2017-12-21 24:12:00,15654.47
2017-12-22 01:12:00,15539.23
2017-12-22 02:12:00,15458.68
2017-12-22 03:12:00,14747.79
2017-12-22 04:12:00,14379.82
2017-12-22 05:12:00,13711.74
2017-12-22 06:12:00,14494.22
2017-12-22 07:12:00,14298.95
2017-12-22 08:12:00,13858.34
2017-12-22 09:12:00,12941.54
2017-12-22 10:12:00,13148.4
2017-12-22 11:12:00,13578.02
2017-12-22 12:12:00,14049.93
2017-12-22 13:12:00,13678.72
2017-12-22 14:12:00,13797.2
2017-12-22 15:12:00,12634.7
2017-12-22 16:12:00,11676.71
2017-12-22 17:12:00,12749.24
2017-12-22 18:12:00,12626.84
2017-12-22 19:12:00,12945.44
2017-12-22 20:12:00,13140.25
2017-12-22 21:12:00,13293.55
2017-12-22 22:12:00,13874.29
2017-12-22 23:12:00,14156.77
2017-12-22 24:12:00,14508.21
2017-12-23 01:12:00,13988.26
2017-12-23 02:12:00,13871.57
2017-12-23 03:12:00,13867.42
2017-12-23 04:12:00,14184.45
2017-12-23 05:12:00,14356.84
2017-12-23 06:12:00,14551.09
2017-12-23 07:12:00,14094.67
2017-12-23 08:12:00,13778.58
2017-12-23 09:12:00,14209.63
2017-12-23 10:12:00,14406.98
2017-12-23 11:12:00,14297.87
2017-12-23 12:12:00,14476.9
2017-12-23 13:12:00,14831.6
2017-12-23 14:12:00,14946.17
2017-12-23 15:12:00,14959.21
2017-12-23 16:12:00,15279.51
2017-12-23 17:12:00,15143.25
2017-12-23 18:12:00,15037.39
2017-12-23 19:12:00,14990.54
2017-12-23 20:12:00,14969.64
2017-12-23 21:12:00,14927.46
2017-12-23 22:12:00,15253.41
2017-12-23 23:12:00,15316.59
2017-12-23 24:12:00,15132
2017-12-24 01:12:00,14516.86
2017-12-24 02:12:00,14078.7
2017-12-24 03:12:00,14052.99
2017-12-24 04:12:00,13592.15
2017-12-24 05:12:00,13739.7
2017-12-24 06:12:00,13678.07
2017-12-24 07:12:00,13833.6
2017-12-24 08:12:00,13998.06
2017-12-24 09:12:00,14022.76
2017-12-24 10:12:00,13776.81
2017-12-24 11:12:00,13555.82
2017-12-24 12:12:00,13114.41
2017-12-24 13:12:00,12613.25
2017-12-24 14:12:00,12492.07
2017-12-24 15:12:00,12915.51
2017-12-24 16:12:00,13291.16
2017-12-24 17:12:00,13125.86
2017-12-24 18:12:00,13290.96
2017-12-24 19:12:00,13228.11
2017-12-24 20:12:00,12878.49
2017-12-24 21:12:00,12741.17
2017-12-24 22:12:00,13127.29
2017-12-24 23:12:00,13207.79
2017-12-24 24:12:00,13297.85
2017-12-25 01:12:00,13705.38
2017-12-25 02:12:00,13890.78
2017-12-25 03:12:00,13649.3
2017-12-25 04:12:00,13429.62
2017-12-25 05:12:00,13516.51
2017-12-25 06:12:00,13539.87
2017-12-25 07:12:00,13738.03
2017-12-25 08:12:00,13827.16
2017-12-25 09:12:00,13893.27
2017-12-25 10:12:00,13991.96
2017-12-25 11:12:00,14059.28
2017-12-25 12:12:00,14006.15
2017-12-25 13:12:00,14119.69
2017-12-25 14:12:00,14340.88
2017-12-25 15:12:00,14100.52
2017-12-25 16:12:00,13649.61
2017-12-25 17:12:00,13692.28
2017-12-25 18:12:00,13939.5
2017-12-25 19:12:00,13769.74
2017-12-25 20:12:00,14007.68
2017-12-25 21:12:00,14092.81
2017-12-25 22:12:00,13853.02
2017-12-25 23:12:00,13770.83
2017-12-25 24:12:00,13778.86
2017-12-26 01:12:00,13943.47
2017-12-26 02:12:00,14073.73
2017-12-26 03:12:00,13885.93
2017-12-26 04:12:00,14036.75
2017-12-26 05:12:00,14350.73
2017-12-26 06:12:00,14846.14
2017-12-26 07:12:00,15230.98
2017-12-26 08:12:00,15261.1
2017-12-26 09:12:00,15312.63
2017-12-26 10:12:00,15264.85
2017-12-26 11:12:00,15151.41
2017-12-26 12:12:00,15323.63
2017-12-26 13:12:00,15012.75
2017-12-26 14:12:00,15036.16
2017-12-26 15:12:00,15269.58
2017-12-26 16:12:00,15626.87
2017-12-26 17:12:00,15828.31
2017-12-26 18:12:00,16037.6
2017-12-26 19:12:00,15860.68
2017-12-26 20:12:00,15799.07
2017-12-26 21:12:00,15935.89
2017-12-26 22:12:00,16021.14
2017-12-26 23:12:00,15907.84
2017-12-26 24:12:00,15902.25
2017-12-27 01:12:00,15740.01
2017-12-27 02:12:00,15782.16
2017-12-27 03:12:00,15961.79
2017-12-27 04:12:00,15891.34
2017-12-27 05:12:00,15879.46
2017-12-27 06:12:00,16334.1
2017-12-27 07:12:00,16437.19
2017-12-27 08:12:00,16583.44
2017-12-27 09:12:00,16320.11
2017-12-27 10:12:00,16342.49
2017-12-27 11:12:00,16034.46
2017-12-27 12:12:00,15756.92
2017-12-27 13:12:00,15813.94
2017-12-27 14:12:00,16004.27
2017-12-27 15:12:00,15839.24
2017-12-27 16:12:00,15536.02
2017-12-27 17:12:00,15321.93
2017-12-27 18:12:00,15039.97
2017-12-27 19:12:00,14864.5
2017-12-27 20:12:00,15119.11
2017-12-27 21:12:00,15148.41
2017-12-27 22:12:00,14894.37
2017-12-27 23:12:00,15183.01
2017-12-27 24:12:00,15472.27
2017-12-28 01:12:00,15477.88
2017-12-28 02:12:00,15373.15
2017-12-28 03:12:00,15414.13
2017-12-28 04:12:00,14708.3
2017-12-28 05:12:00,14368
2017-12-28 06:12:00,14493.02
2017-12-28 07:12:00,14045.59
2017-12-28 08:12:00,13992.91
2017-12-28 09:12:00,14218.5
2017-12-28 10:12:00,14180.63
2017-12-28 11:12:00,14439.66
2017-12-28 12:12:00,14066.07
2017-12-28 13:12:00,13738.02
2017-12-28 14:12:00,13991.85
2017-12-28 15:12:00,14212.41
2017-12-28 16:12:00,14121.01
2017-12-28 17:12:00,14435.59
2017-12-28 18:12:00,14224.19
2017-12-28 19:12:00,14047.14
2017-12-28 20:12:00,13888.15
2017-12-28 21:12:00,13864.97
2017-12-28 22:12:00,14063.69
2017-12-28 23:12:00,13952.75
2017-12-28 24:12:00,14149.6
2017-12-29 01:12:00,14284.28
2017-12-29 02:12:00,14459.96
2017-12-29 03:12:00,14336.83
2017-12-29 04:12:00,14827.71
2017-12-29 05:12:00,14975.08
2017-12-29 06:12:00,15028.99
2017-12-29 07:12:00,15014.31
2017-12-29 08:12:00,15123.96
2017-12-29 09:12:00,14758.23
2017-12-29 10:12:00,14677.82
2017-12-29 11:12:00,14458.22
2017-12-29 12:12:00,14244.52
2017-12-29 13:12:00,14290.84
2017-12-29 14:12:00,14237.42
2017-12-29 15:12:00,14228.04
2017-12-29 16:12:00,14486
2017-12-29 17:12:00,14498.15
2017-12-29 18:12:00,14765.03
2017-12-29 19:12:00,14762.26
2017-12-29 20:12:00,14634.77
2017-12-29 21:12:00,14633.42
2017-12-29 22:12:00,14538.63
2017-12-29 23:12:00,14390.85
2017-12-29 24:12:00,14437.62
2017-12-30 01:12:00,14606.99
2017-12-30 02:12:00,14298.95
2017-12-30 03:12:00,14122.57
2017-12-30 04:12:00,13484.17
2017-12-30 05:12:00,13525.72
2017-12-30 06:12:00,13460.91
2017-12-30 07:12:00,13385.51
2017-12-30 08:12:00,13584.08
2017-12-30 09:12:00,13649.72
2017-12-30 10:12:00,13628.61
2017-12-30 11:12:00,13465.69
2017-12-30 12:12:00,13252.37
2017-12-30 13:12:00,13383.56
2017-12-30 14:12:00,12876.3
2017-12-30 15:12:00,12500.69
2017-12-30 16:12:00,12570.16
2017-12-30 17:12:00,12644.19
2017-12-30 18:12:00,12298.97
2017-12-30 19:12:00,12579.72
2017-12-30 20:12:00,12720.69
2017-12-30 21:12:00,13047.21
2017-12-30 22:12:00,13007.45
2017-12-30 23:12:00,12949.99
2017-12-30 24:12:00,13017.23
2017-12-31 01:12:00,12826.42
2017-12-31 02:12:00,12757.23
2017-12-31 03:12:00,13115.74
2017-12-31 04:12:00,13205.42
2017-12-31 05:12:00,13301.76
2017-12-31 06:12:00,13073.21
2017-12-31 07:12:00,13084.28
2017-12-31 08:12:00,12825.83
2017-12-31 09:12:00,12929.27
2017-12-31 10:12:00,12877.58
2017-12-31 11:12:00,12703.24
2017-12-31 12:12:00,12873.57
2017-12-31 13:12:00,13130.8
2017-12-31 14:12:00,13233.85
2017-12-31 15:12:00,13153.6
2017-12-31 16:12:00,13365.69
2017-12-31 17:12:00,13447.23
2017-12-31 18:12:00,13939.94
2017-12-31 19:12:00,14005.43
2017-12-31 20:12:00,13969.07
2017-12-31 21:12:00,14011.33
2017-12-31 22:12:00,14189.88
2017-12-31 23:12:00,14076.11
2017-12-31 24:12:00,14029.34
2018-01-01 01:01:00,13939.23
2018-01-01 02:01:00,13755.71
2018-01-01 03:01:00,13594.68
2018-01-01 04:01:00,13470.67
2018-01-01 05:01:00,13605.71
2018-01-01 06:01:00,13584.82
2018-01-01 07:01:00,13683.93
2018-01-01 08:01:00,13797.78
2018-01-01 09:01:00,13881.69
2018-01-01 10:01:00,13678.38
2018-01-01 11:01:00,13691.49
2018-01-01 12:01:00,13704.04
2018-01-01 13:01:00,13379.01
2018-01-01 14:01:00,13337.11
2018-01-01 15:01:00,13173.87
2018-01-01 16:01:00,13060.21
2018-01-01 17:01:00,13386.57
2018-01-01 18:01:00,13209.25
2018-01-01 19:01:00,13250.05
2018-01-01 20:01:00,13255.44
2018-01-01 21:01:00,13317.07
2018-01-01 22:01:00,13561.38
2018-01-01 23:01:00,13688.01
2018-01-01 24:01:00,13638.78
2018-01-02 01:01:00,13523.83
2018-01-02 02:01:00,13827.6
2018-01-02 03:01:00,13841.95
2018-01-02 04:01:00,13612.19
2018-01-02 05:01:00,13449.43
2018-01-02 06:01:00,13179.88
2018-01-02 07:01:00,13194.4
2018-01-02 08:01:00,13338.2
2018-01-02 09:01:00,13398.83
2018-01-02 10:01:00,13513.96
2018-01-02 11:01:00,13609.57
2018-01-02 12:01:00,13751.14
2018-01-02 13:01:00,13693.09
2018-01-02 14:01:00,13698.28
2018-01-02 15:01:00,13925.87
2018-01-02 16:01:00,13989.51
2018-01-02 17:01:00,13813.29
2018-01-02 18:01:00,13896.9
2018-01-02 19:01:00,13871.39
2018-01-02 20:01:00,14488.6
2018-01-02 21:01:00,15064.54
2018-01-02 22:01:00,15166.96
2018-01-02 23:01:00,14940.95
2018-01-02 24:01:00,14994.79
2018-01-03 01:01:00,14812.41
2018-01-03 02:01:00,14905.51
2018-01-03 03:01:00,14930.88
2018-01-03 04:01:00,15001.28
2018-01-03 05:01:00,15165.24
2018-01-03 06:01:00,15127.02
2018-01-03 07:01:00,15207.65
2018-01-03 08:01:00,15328.34
2018-01-03 09:01:00,15460.69
2018-01-03 10:01:00,15279.17
2018-01-03 11:01:00,15024.02
2018-01-03 12:01:00,14807.28
2018-01-03 13:01:00,14946.66
2018-01-03 14:01:00,14880.91
2018-01-03 15:01:00,14904.08
2018-01-03 16:01:00,15061.47
2018-01-03 17:01:00,15110.39
2018-01-03 18:01:00,15228.01
2018-01-03 19:01:00,15113.12
2018-01-03 20:01:00,14941.43
2018-01-03 21:01:00,14924.1
2018-01-03 22:01:00,14928.89
2018-01-03 23:01:00,15072.56
2018-01-03 24:01:00,15076.69
2018-01-04 01:01:00,15056.08
2018-01-04 02:01:00,15237.56
2018-01-04 03:01:00,15257.78
2018-01-04 04:01:00,15392.02
2018-01-04 05:01:00,15305.13
2018-01-04 06:01:00,15063.83
2018-01-04 07:01:00,15024.85
2018-01-04 08:01:00,15107.28
2018-01-04 09:01:00,14955.4
2018-01-04 10:01:00,14628.77
2018-01-04 11:01:00,14401.55
2018-01-04 12:01:00,14595.06
2018-01-04 13:01:00,14581.66
2018-01-04 14:01:00,14556.59
2018-01-04 15:01:00,14658.02
2018-01-04 16:01:00,14684.8
2018-01-04 17:01:00,14662.36
2018-01-04 18:01:00,14562.87
2018-01-04 19:01:00,15841.33
2018-01-04 20:01:00,14895.22
2018-01-04 21:01:00,14972.45
2018-01-04 22:01:00,15110.35
2018-01-04 23:01:00,15054.94
2018-01-04 24:01:00,15047.09
2018-01-05 01:01:00,15200.65
2018-01-05 02:01:00,15175.93
2018-01-05 03:01:00,15187.9
2018-01-05 04:01:00,15257.95
2018-01-05 05:01:00,15165.92
2018-01-05 06:01:00,15049.46
2018-01-05 07:01:00,15065.84
2018-01-05 08:01:00,15156.21
2018-01-05 09:01:00,15096.36
2018-01-05 10:01:00,15288.47
2018-01-05 11:01:00,15903.3
2018-01-05 12:01:00,16144.09
2018-01-05 13:01:00,16168.86
2018-01-05 14:01:00,16041.34
2018-01-05 15:01:00,16081.75
2018-01-05 16:01:00,16115.37
2018-01-05 17:01:00,16104.02
2018-01-05 18:01:00,16369.5
2018-01-05 19:01:00,16541.14
2018-01-05 20:01:00,16577.91
2018-01-05 21:01:00,16460.05
2018-01-05 22:01:00,16532.79
2018-01-05 23:01:00,16865.83
2018-01-05 24:01:00,17010.72
2018-01-06 01:01:00,17086.56
2018-01-06 02:01:00,16873.61
2018-01-06 03:01:00,17126.13
2018-01-06 04:01:00,16960.63
2018-01-06 05:01:00,16780.1
2018-01-06 06:01:00,16618.24
2018-01-06 07:01:00,16691.3
2018-01-06 08:01:00,16727.46
2018-01-06 09:01:00,16601.48
2018-01-06 10:01:00,16705.2
2018-01-06 11:01:00,16629.84
2018-01-06 12:01:00,16741.02
2018-01-06 13:01:00,16735.71
2018-01-06 14:01:00,16529
2018-01-06 15:01:00,16456.93
2018-01-06 16:01:00,16554.84
2018-01-06 17:01:00,16745.85
2018-01-06 18:01:00,16874.41
2018-01-06 19:01:00,16985.11
2018-01-06 20:01:00,16990.27
2018-01-06 21:01:00,16871.72
2018-01-06 22:01:00,16943.3
2018-01-06 23:01:00,16958.59
2018-01-06 24:01:00,17169.04
2018-01-07 01:01:00,17254.21
2018-01-07 02:01:00,17107.65
2018-01-07 03:01:00,17058.92
2018-01-07 04:01:00,17010.41
2018-01-07 05:01:00,16829.14
2018-01-07 06:01:00,16734.31
2018-01-07 07:01:00,16781.63
2018-01-07 08:01:00,16649.65
2018-01-07 09:01:00,16731.74
2018-01-07 10:01:00,16969.38
2018-01-07 11:01:00,16897.05
2018-01-07 12:01:00,16920.71
2018-01-07 13:01:00,16876.94
2018-01-07 14:01:00,16694.11
2018-01-07 15:01:00,16542.73
2018-01-07 16:01:00,16706.58
2018-01-07 17:01:00,16662.07
2018-01-07 18:01:00,16351.7
2018-01-07 19:01:00,16130.63
2018-01-07 20:01:00,16051.86
2018-01-07 21:01:00,16284.9
2018-01-07 22:01:00,16185.35
2018-01-07 23:01:00,16391.26
2018-01-07 24:01:00,16498.55
2018-01-08 01:01:00,16411.65
2018-01-08 02:01:00,16224.19
2018-01-08 03:01:00,15960.25
2018-01-08 04:01:00,15995.23
2018-01-08 05:01:00,15790.53
2018-01-08 06:01:00,15830.83
2018-01-08 07:01:00,15900.73
2018-01-08 08:01:00,15944.4
2018-01-08 09:01:00,16023.3
2018-01-08 10:01:00,15724.68
2018-01-08 11:01:00,15454.26
2018-01-08 12:01:00,15403.86
2018-01-08 13:01:00,15581.41
2018-01-08 14:01:00,15522.59
2018-01-08 15:01:00,14999.78
2018-01-08 16:01:00,14706.14
2018-01-08 17:01:00,14443.09
2018-01-08 18:01:00,14837.67
2018-01-08 19:01:00,14838.83
2018-01-08 20:01:00,15067.77
2018-01-08 21:01:00,15152.6
2018-01-08 22:01:00,14964.82
2018-01-08 23:01:00,15074.49
2018-01-08 24:01:00,14832.39
2018-01-09 01:01:00,14830.96
2018-01-09 02:01:00,15147.26
2018-01-09 03:01:00,15299.54
2018-01-09 04:01:00,15380.95
2018-01-09 05:01:00,15409.02
2018-01-09 06:01:00,15454.78
2018-01-09 07:01:00,15186.01
2018-01-09 08:01:00,15118.1
2018-01-09 09:01:00,15243.85
2018-01-09 10:01:00,15322.15
2018-01-09 11:01:00,15228.12
2018-01-09 12:01:00,14806.88
2018-01-09 13:01:00,14845.91
2018-01-09 14:01:00,14834.31
2018-01-09 15:01:00,14527.47
2018-01-09 16:01:00,14468.04
2018-01-09 17:01:00,14738.11
2018-01-09 18:01:00,14942.03
2018-01-09 19:01:00,14994.87
2018-01-09 20:01:00,15020.52
2018-01-09 21:01:00,14853.64
2018-01-09 22:01:00,14814.52
2018-01-09 23:01:00,14778.94
2018-01-09 24:01:00,14603.07
2018-01-10 01:01:00,14404.21
2018-01-10 02:01:00,14194.96
2018-01-10 03:01:00,14282.61
2018-01-10 04:01:00,14306.28
2018-01-10 05:01:00,14323.17
2018-01-10 06:01:00,14321.27
2018-01-10 07:01:00,14258.36
2018-01-10 08:01:00,14339.28
2018-01-10 09:01:00,14278.37
2018-01-10 10:01:00,13771.02
2018-01-10 11:01:00,13764.99
2018-01-10 12:01:00,13912.46
2018-01-10 13:01:00,14040.66
2018-01-10 14:01:00,14063.65
2018-01-10 15:01:00,14027.19
2018-01-10 16:01:00,13818.59
2018-01-10 17:01:00,14243.96
2018-01-10 18:01:00,14615.65
2018-01-10 19:01:00,14517.52
2018-01-10 20:01:00,14699.09
2018-01-10 21:01:00,14488.25
2018-01-10 22:01:00,14472.61
2018-01-10 23:01:00,14617.55
2018-01-10 24:01:00,14516.32
2018-01-11 01:01:00,14744.53
2018-01-11 02:01:00,14885.28
2018-01-11 03:01:00,14671.83
2018-01-11 04:01:00,14515.98
2018-01-11 05:01:00,13713.9
2018-01-11 06:01:00,13184.79
2018-01-11 07:01:00,13472.54
2018-01-11 08:01:00,13495
2018-01-11 09:01:00,13598.47
2018-01-11 10:01:00,13875.38
2018-01-11 11:01:00,13750.67
2018-01-11 12:01:00,13565.42
2018-01-11 13:01:00,13481.28
2018-01-11 14:01:00,13826.11
2018-01-11 15:01:00,13876.82
2018-01-11 16:01:00,13844.78
2018-01-11 17:01:00,14176.11
2018-01-11 18:01:00,14150.75
2018-01-11 19:01:00,13896.55
2018-01-11 20:01:00,13944.43
2018-01-11 21:01:00,13612.9
2018-01-11 22:01:00,13518.57
2018-01-11 23:01:00,13495.14
2018-01-11 24:01:00,13269.52
2018-01-12 01:01:00,13232.4
2018-01-12 02:01:00,13124
2018-01-12 03:01:00,13358.01
2018-01-12 04:01:00,13558.02
2018-01-12 05:01:00,13643.16
2018-01-12 06:01:00,13730.89
2018-01-12 07:01:00,13686.28
2018-01-12 08:01:00,13804.52
2018-01-12 09:01:00,13856.67
2018-01-12 10:01:00,13693.69
2018-01-12 11:01:00,13584.53
2018-01-12 12:01:00,13968.78
2018-01-12 13:01:00,14087.28
2018-01-12 14:01:00,14071.29
2018-01-12 15:01:00,14092
2018-01-12 16:01:00,13959.89
2018-01-12 17:01:00,13858.55
2018-01-12 18:01:00,13665.9
2018-01-12 19:01:00,13708.17
2018-01-12 20:01:00,13634.55
2018-01-12 21:01:00,13765.46
2018-01-12 22:01:00,13956.7
2018-01-12 23:01:00,13863.42
2018-01-12 24:01:00,13765.68
2018-01-13 01:01:00,13850.72
2018-01-13 02:01:00,14078.01
2018-01-13 03:01:00,14279.42
2018-01-13 04:01:00,14256.66
2018-01-13 05:01:00,14126.63
2018-01-13 06:01:00,14195.63
2018-01-13 07:01:00,14302.2
2018-01-13 08:01:00,14243.25
2018-01-13 09:01:00,14420.48
2018-01-13 10:01:00,14410.05
2018-01-13 11:01:00,14279.54
2018-01-13 12:01:00,14350.85
2018-01-13 13:01:00,14320.64
2018-01-13 14:01:00,14470.52
2018-01-13 15:01:00,14579.43
2018-01-13 16:01:00,14474.76
2018-01-13 17:01:00,14380.28
2018-01-13 18:01:00,14444.74
2018-01-13 19:01:00,14366.88
2018-01-13 20:01:00,14275.44
2018-01-13 21:01:00,14267.04
2018-01-13 22:01:00,14276.4
2018-01-13 23:01:00,14243.27
2018-01-13 24:01:00,14355.99
2018-01-14 01:01:00,14316.41
2018-01-14 02:01:00,14313.64
2018-01-14 03:01:00,14412.73
2018-01-14 04:01:00,14350.87
2018-01-14 05:01:00,14345.87
2018-01-14 06:01:00,14047.3
2018-01-14 07:01:00,13799.85
2018-01-14 08:01:00,13961.25
2018-01-14 09:01:00,13917.8
2018-01-14 10:01:00,13848.53
2018-01-14 11:01:00,13574.49
2018-01-14 12:01:00,13714.15
2018-01-14 13:01:00,13618.84
2018-01-14 14:01:00,13421.03
2018-01-14 15:01:00,13518.15
2018-01-14 16:01:00,13609.4
2018-01-14 17:01:00,13228.26
2018-01-14 18:01:00,13309.29
2018-01-14 19:01:00,13469.67
2018-01-14 20:01:00,13623.91
2018-01-14 21:01:00,13534.97
2018-01-14 22:01:00,13482.64
2018-01-14 23:01:00,13507.9
2018-01-14 24:01:00,13550.58
2018-01-15 01:01:00,13769.17
2018-01-15 02:01:00,13770.95
2018-01-15 03:01:00,13766.39
2018-01-15 04:01:00,13612.64
2018-01-15 05:01:00,13520.02
2018-01-15 06:01:00,13673.23
2018-01-15 07:01:00,13672.26
2018-01-15 08:01:00,13889.25
2018-01-15 09:01:00,13825.38
2018-01-15 10:01:00,13713.95
2018-01-15 11:01:00,13770.81
2018-01-15 12:01:00,13887.23
2018-01-15 13:01:00,13785.87
2018-01-15 14:01:00,13968.7
2018-01-15 15:01:00,14249.91
2018-01-15 16:01:00,14344.01
2018-01-15 17:01:00,14195.37
2018-01-15 18:01:00,14181.6
2018-01-15 19:01:00,14131.02
2018-01-15 20:01:00,14060.24
2018-01-15 21:01:00,13940.63
2018-01-15 22:01:00,13930.49
2018-01-15 23:01:00,13908.31
2018-01-15 24:01:00,13969.62
2018-01-16 01:01:00,13663.29
2018-01-16 02:01:00,13389.72
2018-01-16 03:01:00,13083.76
2018-01-16 04:01:00,13036.58
2018-01-16 05:01:00,13069.7
2018-01-16 06:01:00,13066.11
2018-01-16 07:01:00,13156.4
2018-01-16 08:01:00,13245.72
2018-01-16 09:01:00,12859.14
2018-01-16 10:01:00,12121.26
2018-01-16 11:01:00,11706.94
2018-01-16 12:01:00,11799.01
2018-01-16 13:01:00,12093.27
2018-01-16 14:01:00,12091.38
2018-01-16 15:01:00,11864.83
2018-01-16 16:01:00,11848.77
2018-01-16 17:01:00,12063.64
2018-01-16 18:01:00,12043.58
2018-01-16 19:01:00,11524.53
2018-01-16 20:01:00,11243.99
2018-01-16 21:01:00,11642.11
2018-01-16 22:01:00,11269.09
2018-01-16 23:01:00,10709.25
2018-01-16 24:01:00,10526.08
2018-01-17 01:01:00,11217.82
2018-01-17 02:01:00,11431.45
2018-01-17 03:01:00,11288.42
2018-01-17 04:01:00,11126.37
2018-01-17 05:01:00,10677.34
2018-01-17 06:01:00,10909.34
2018-01-17 07:01:00,10972.13
2018-01-17 08:01:00,11286.99
2018-01-17 09:01:00,11154.87
2018-01-17 10:01:00,10774.39
2018-01-17 11:01:00,10551.29
2018-01-17 12:01:00,10171.14
2018-01-17 13:01:00,10171.84
2018-01-17 14:01:00,10346.77
2018-01-17 15:01:00,10226.37
2018-01-17 16:01:00,9705.12
2018-01-17 17:01:00,9505.71
2018-01-17 18:01:00,9990.74
2018-01-17 19:01:00,10228.85
2018-01-17 20:01:00,9928.66
2018-01-17 21:01:00,10316.67
2018-01-17 22:01:00,10814.46
2018-01-17 23:01:00,11098.24
2018-01-17 24:01:00,11328.47
2018-01-18 01:01:00,11091.16
2018-01-18 02:01:00,11060
2018-01-18 03:01:00,11447.5
2018-01-18 04:01:00,11662.13
2018-01-18 05:01:00,11603.7
2018-01-18 06:01:00,11346.21
2018-01-18 07:01:00,11049.99
2018-01-18 08:01:00,11235.95
2018-01-18 09:01:00,10912.81
2018-01-18 10:01:00,10880.76
2018-01-18 11:01:00,11269.49
2018-01-18 12:01:00,11337.93
2018-01-18 13:01:00,11622.97
2018-01-18 14:01:00,11885.77
2018-01-18 15:01:00,11753.58
2018-01-18 16:01:00,11818.64
2018-01-18 17:01:00,11945.86
2018-01-18 18:01:00,11773.28
2018-01-18 19:01:00,11660.66
2018-01-18 20:01:00,11594.53
2018-01-18 21:01:00,11721.62
2018-01-18 22:01:00,11876.88
2018-01-18 23:01:00,11655.77
2018-01-18 24:01:00,11272.66
2018-01-19 01:01:00,11155.62
2018-01-19 02:01:00,11364.8
2018-01-19 03:01:00,11445.65
2018-01-19 04:01:00,11093.96
2018-01-19 05:01:00,11030.83
2018-01-19 06:01:00,11209.51
2018-01-19 07:01:00,11362.63
2018-01-19 08:01:00,11467.52
2018-01-19 09:01:00,11337.44
2018-01-19 10:01:00,11602.25
2018-01-19 11:01:00,11717.74
2018-01-19 12:01:00,11756.26
2018-01-19 13:01:00,11584.89
2018-01-19 14:01:00,11864.88
2018-01-19 15:01:00,11675.43
2018-01-19 16:01:00,11634.79
2018-01-19 17:01:00,11625.02
2018-01-19 18:01:00,11716.5
2018-01-19 19:01:00,11447.92
2018-01-19 20:01:00,11263.84
2018-01-19 21:01:00,11326.82
2018-01-19 22:01:00,11396.51
2018-01-19 23:01:00,11510.82
2018-01-19 24:01:00,11402.27
2018-01-20 01:01:00,11466.32
2018-01-20 02:01:00,11667.03
2018-01-20 03:01:00,11717.83
2018-01-20 04:01:00,11742.86
2018-01-20 05:01:00,11844.3
2018-01-20 06:01:00,12021.26
2018-01-20 07:01:00,12536.64
2018-01-20 08:01:00,12588.95
2018-01-20 09:01:00,12638.3
2018-01-20 10:01:00,12743.55
2018-01-20 11:01:00,12736.4
2018-01-20 12:01:00,12635.82
2018-01-20 13:01:00,12548.25
2018-01-20 14:01:00,12504.85
2018-01-20 15:01:00,12663.8
2018-01-20 16:01:00,12679.25
2018-01-20 17:01:00,12648.3
2018-01-20 18:01:00,12814.96
2018-01-20 19:01:00,12912.74
2018-01-20 20:01:00,12986.05
2018-01-20 21:01:00,12896.33
2018-01-20 22:01:00,12843.96
2018-01-20 23:01:00,12931.47
2018-01-20 24:01:00,12983.6
2018-01-21 01:01:00,12853.76
2018-01-21 02:01:00,12609.28
2018-01-21 03:01:00,12577.73
2018-01-21 04:01:00,12649.13
2018-01-21 05:01:00,12672.09
2018-01-21 06:01:00,12478.51
2018-01-21 07:01:00,12277.96
2018-01-21 08:01:00,12169.9
2018-01-21 09:01:00,11969.97
2018-01-21 10:01:00,12035.95
2018-01-21 11:01:00,11850.06
2018-01-21 12:01:00,11953.87
2018-01-21 13:01:00,12141.74
2018-01-21 14:01:00,12221.67
2018-01-21 15:01:00,12189.44
2018-01-21 16:01:00,11915.55
2018-01-21 17:01:00,11760.56
2018-01-21 18:01:00,11438.02
2018-01-21 19:01:00,11411.42
2018-01-21 20:01:00,11483.21
2018-01-21 21:01:00,11621.34
2018-01-21 22:01:00,11296.2
2018-01-21 23:01:00,11307.77
2018-01-21 24:01:00,11421.81
2018-01-22 01:01:00,11465.56
2018-01-22 02:01:00,11679.65
2018-01-22 03:01:00,11583.72
2018-01-22 04:01:00,11424.52
2018-01-22 05:01:00,11585.37
2018-01-22 06:01:00,11738.46
2018-01-22 07:01:00,11599.41
2018-01-22 08:01:00,11669.33
2018-01-22 09:01:00,11718.75
2018-01-22 10:01:00,11888.37
2018-01-22 11:01:00,11868.39
2018-01-22 12:01:00,11794.05
2018-01-22 13:01:00,11585.42
2018-01-22 14:01:00,11391.91
2018-01-22 15:01:00,10789.21
2018-01-22 16:01:00,10784.05
2018-01-22 17:01:00,10554.54
2018-01-22 18:01:00,10579.84
2018-01-22 19:01:00,10713.58
2018-01-22 20:01:00,10621.05
2018-01-22 21:01:00,10580.1
2018-01-22 22:01:00,10487.07
2018-01-22 23:01:00,10229.11
2018-01-22 24:01:00,10541.69
2018-01-23 01:01:00,10784
2018-01-23 02:01:00,10825.92
2018-01-23 03:01:00,10889.31
2018-01-23 04:01:00,10818.68
2018-01-23 05:01:00,11006.35
2018-01-23 06:01:00,10850.85
2018-01-23 07:01:00,10462.01
2018-01-23 08:01:00,10497.52
2018-01-23 09:01:00,10375.45
2018-01-23 10:01:00,10589.82
2018-01-23 11:01:00,10673.15
2018-01-23 12:01:00,10482.55
2018-01-23 13:01:00,10166.33
2018-01-23 14:01:00,10306.82
2018-01-23 15:01:00,10370.93
2018-01-23 16:01:00,10411.75
2018-01-23 17:01:00,10694.25
2018-01-23 18:01:00,11173.23
2018-01-23 19:01:00,11279.98
2018-01-23 20:01:00,11351.9
2018-01-23 21:01:00,11158.88
2018-01-23 22:01:00,11115.69
2018-01-23 23:01:00,11066.78
2018-01-23 24:01:00,11180.7
2018-01-24 01:01:00,10958.98
2018-01-24 02:01:00,10769.89
2018-01-24 03:01:00,10768.18
2018-01-24 04:01:00,10707.41
2018-01-24 05:01:00,10885.94
2018-01-24 06:01:00,10655.1
2018-01-24 07:01:00,10775.44
2018-01-24 08:01:00,10992.97
2018-01-24 09:01:00,11118.6
2018-01-24 10:01:00,11086.87
2018-01-24 11:01:00,10970.34
2018-01-24 12:01:00,11136.56
2018-01-24 13:01:00,11145.09
2018-01-24 14:01:00,11339.27
2018-01-24 15:01:00,11369.3
2018-01-24 16:01:00,11443.77
2018-01-24 17:01:00,11290.06
2018-01-24 18:01:00,11134.88
2018-01-24 19:01:00,11072.22
2018-01-24 20:01:00,11187.29
2018-01-24 21:01:00,11253.43
2018-01-24 22:01:00,11285.59
2018-01-24 23:01:00,11297.14
2018-01-24 24:01:00,11268.41
2018-01-25 01:01:00,11339.16
2018-01-25 02:01:00,11424.73
2018-01-25 03:01:00,11465.42
2018-01-25 04:01:00,11571.64
2018-01-25 05:01:00,11682.94
2018-01-25 06:01:00,11584.12
2018-01-25 07:01:00,11615.2
2018-01-25 08:01:00,11651.47
2018-01-25 09:01:00,11570.71
2018-01-25 10:01:00,11457.06
2018-01-25 11:01:00,11349.34
2018-01-25 12:01:00,11485.17
2018-01-25 13:01:00,11364.91
2018-01-25 14:01:00,11207.06
2018-01-25 15:01:00,11273.28
2018-01-25 16:01:00,11347.97
2018-01-25 17:01:00,11130.8
2018-01-25 18:01:00,11082.39
2018-01-25 19:01:00,11017.92
2018-01-25 20:01:00,11268.17
2018-01-25 21:01:00,11275.48
2018-01-25 22:01:00,11372.83
2018-01-25 23:01:00,11270.79
2018-01-25 24:01:00,11379.27
2018-01-26 01:01:00,11217.21
2018-01-26 02:01:00,11385.72
2018-01-26 03:01:00,11418.43
2018-01-26 04:01:00,11574.87
2018-01-26 05:01:00,11591.53
2018-01-26 06:01:00,11521.5
2018-01-26 07:01:00,11475.38
2018-01-26 08:01:00,11448.56
2018-01-26 09:01:00,11240.07
2018-01-26 10:01:00,10779.23
2018-01-26 11:01:00,10546.89
2018-01-26 12:01:00,10584.29
2018-01-26 13:01:00,10553.21
2018-01-26 14:01:00,10623.47
2018-01-26 15:01:00,10690.65
2018-01-26 16:01:00,10762.19
2018-01-26 17:01:00,10998.46
2018-01-26 18:01:00,11221.4
2018-01-26 19:01:00,11181.86
2018-01-26 20:01:00,11101.07
2018-01-26 21:01:00,11023.12
2018-01-26 22:01:00,11069.11
2018-01-26 23:01:00,10964.84
2018-01-26 24:01:00,10921.52
2018-01-27 01:01:00,11077.8
2018-01-27 02:01:00,11205.74
2018-01-27 03:01:00,11051.37
2018-01-27 04:01:00,11131.09
2018-01-27 05:01:00,11148.45
2018-01-27 06:01:00,11145.26
2018-01-27 07:01:00,11241.13
2018-01-27 08:01:00,11412.3
2018-01-27 09:01:00,11280.45
2018-01-27 10:01:00,11260.69
2018-01-27 11:01:00,11292.8
2018-01-27 12:01:00,11367.47
2018-01-27 13:01:00,11071.33
2018-01-27 14:01:00,11059.74
2018-01-27 15:01:00,11109.1
2018-01-27 16:01:00,11080.97
2018-01-27 17:01:00,11405.51
2018-01-27 18:01:00,11534.89
2018-01-27 19:01:00,11576.11
2018-01-27 20:01:00,11532.8
2018-01-27 21:01:00,11543.33
2018-01-27 22:01:00,11637.44
2018-01-27 23:01:00,11613.01
2018-01-27 24:01:00,11575.38
2018-01-28 01:01:00,11513.75
2018-01-28 02:01:00,11618.13
2018-01-28 03:01:00,11595.31
2018-01-28 04:01:00,11514.28
2018-01-28 05:01:00,11546.89
2018-01-28 06:01:00,11717.59
2018-01-28 07:01:00,11909.71
2018-01-28 08:01:00,12048.5
2018-01-28 09:01:00,11966.98
2018-01-28 10:01:00,11907.8
2018-01-28 11:01:00,11871.74
2018-01-28 12:01:00,11827.16
2018-01-28 13:01:00,11828.94
2018-01-28 14:01:00,11803.17
2018-01-28 15:01:00,11761.36
2018-01-28 16:01:00,11762
2018-01-28 17:01:00,11808.78
2018-01-28 18:01:00,11807.4
2018-01-28 19:01:00,11776.27
2018-01-28 20:01:00,11742.5
2018-01-28 21:01:00,11752.94
2018-01-28 22:01:00,11808.11
2018-01-28 23:01:00,11856.25
2018-01-28 24:01:00,11843.28
2018-01-29 01:01:00,11838.52
2018-01-29 02:01:00,11860.81
2018-01-29 03:01:00,11581.64
2018-01-29 04:01:00,11504.3
2018-01-29 05:01:00,11535.12
2018-01-29 06:01:00,11604.18
2018-01-29 07:01:00,11590.27
2018-01-29 08:01:00,11406.53
2018-01-29 09:01:00,11446.1
2018-01-29 10:01:00,11423.63
2018-01-29 11:01:00,11387.84
2018-01-29 12:01:00,11412.63
2018-01-29 13:01:00,11280.28
2018-01-29 14:01:00,11223.31
2018-01-29 15:01:00,11236.62
2018-01-29 16:01:00,11357.7
2018-01-29 17:01:00,11321.45
2018-01-29 18:01:00,11341.16
2018-01-29 19:01:00,11359.09
2018-01-29 20:01:00,11345.16
2018-01-29 21:01:00,11328.71
2018-01-29 22:01:00,11307.72
2018-01-29 23:01:00,11298.18
2018-01-29 24:01:00,11231.9
2018-01-30 01:01:00,11253.49
2018-01-30 02:01:00,11238.68
2018-01-30 03:01:00,11065.64
2018-01-30 04:01:00,11033.31
2018-01-30 05:01:00,10954.25
2018-01-30 06:01:00,11111.1
2018-01-30 07:01:00,11163.87
2018-01-30 08:01:00,11126.13
2018-01-30 09:01:00,11047.09
2018-01-30 10:01:00,11170.03
2018-01-30 11:01:00,11002.39
2018-01-30 12:01:00,10956.77
2018-01-30 13:01:00,11010.29
2018-01-30 14:01:00,11025.29
2018-01-30 15:01:00,10655.99
2018-01-30 16:01:00,10597.65
2018-01-30 17:01:00,10400.39
2018-01-30 18:01:00,10443.67
2018-01-30 19:01:00,10402.51
2018-01-30 20:01:00,10033.63
2018-01-30 21:01:00,10171.9
2018-01-30 22:01:00,10204.05
2018-01-30 23:01:00,10197.61
2018-01-30 24:01:00,10362.48
2018-01-31 01:01:00,10134.9
2018-01-31 02:01:00,9940.59
2018-01-31 03:01:00,9864.37
2018-01-31 04:01:00,10031.6
2018-01-31 05:01:00,10013.43
2018-01-31 06:01:00,9955.44
2018-01-31 07:01:00,9934.83
2018-01-31 08:01:00,10129.29
2018-01-31 09:01:00,10261.41
2018-01-31 10:01:00,10266.12
2018-01-31 11:01:00,10146.02
2018-01-31 12:01:00,10215.68
2018-01-31 13:01:00,10287.92
2018-01-31 14:01:00,10379.1
2018-01-31 15:01:00,10279.27
2018-01-31 16:01:00,10084.58
2018-01-31 17:01:00,10038.28
2018-01-31 18:01:00,10002.82
2018-01-31 19:01:00,10143.82
2018-01-31 20:01:00,10108.29
2018-01-31 21:01:00,10080.89
2018-01-31 22:01:00,10136.14
2018-01-31 23:01:00,10101.2
2018-01-31 24:01:00,10171.65
2018-02-01 01:02:00,10185.99
2018-02-01 02:02:00,10250.7
2018-02-01 03:02:00,10244.64
2018-02-01 04:02:00,10231.46
2018-02-01 05:02:00,10064.18
2018-02-01 06:02:00,10131.78
2018-02-01 07:02:00,10290.52
2018-02-01 08:02:00,10232.21
2018-02-01 09:02:00,10219.64
2018-02-01 10:02:00,10010.03
2018-02-01 11:02:00,9835.68
2018-02-01 12:02:00,9592.3
2018-02-01 13:02:00,9634.08
2018-02-01 14:02:00,9457.04
2018-02-01 15:02:00,9305.38
2018-02-01 16:02:00,9400.33
2018-02-01 17:02:00,9353.17
2018-02-01 18:02:00,9141.53
2018-02-01 19:02:00,9072.63
2018-02-01 20:02:00,9088.99
2018-02-01 21:02:00,8942.65
2018-02-01 22:02:00,8939.82
2018-02-01 23:02:00,9289.47
2018-02-01 24:02:00,9183.66
2018-02-02 01:02:00,9166.73
2018-02-02 02:02:00,8920.94
2018-02-02 03:02:00,8817.06
2018-02-02 04:02:00,8829.4
2018-02-02 05:02:00,8918.23
2018-02-02 06:02:00,8744.41
2018-02-02 07:02:00,8747.63
2018-02-02 08:02:00,8607.93
2018-02-02 09:02:00,8715.86
2018-02-02 10:02:00,8501.52
2018-02-02 11:02:00,8392.77
2018-02-02 12:02:00,8288.65
2018-02-02 13:02:00,8177.83
2018-02-02 14:02:00,7992.62
2018-02-02 15:02:00,8575.06
2018-02-02 16:02:00,8783.94
2018-02-02 17:02:00,8864.93
2018-02-02 18:02:00,9076.99
2018-02-02 19:02:00,8899.41
2018-02-02 20:02:00,8715.32
2018-02-02 21:02:00,8651.94
2018-02-02 22:02:00,8716.97
2018-02-02 23:02:00,8639.66
2018-02-02 24:02:00,8763.62
2018-02-03 01:02:00,8908.55
2018-02-03 02:02:00,8844.89
2018-02-03 03:02:00,8691.45
2018-02-03 04:02:00,8679.69
2018-02-03 05:02:00,8382.49
2018-02-03 06:02:00,8430.36
2018-02-03 07:02:00,8435.81
2018-02-03 08:02:00,8633.65
2018-02-03 09:02:00,8737.89
2018-02-03 10:02:00,8874.69
2018-02-03 11:02:00,9017.49
2018-02-03 12:02:00,8897.21
2018-02-03 13:02:00,9034.49
2018-02-03 14:02:00,9111.17
2018-02-03 15:02:00,9213.66
2018-02-03 16:02:00,9396.57
2018-02-03 17:02:00,9404.87
2018-02-03 18:02:00,9269.03
2018-02-03 19:02:00,9347.26
2018-02-03 20:02:00,9311.13
2018-02-03 21:02:00,9411.2
2018-02-03 22:02:00,9415.49
2018-02-03 23:02:00,9275.68
2018-02-03 24:02:00,9180.02
2018-02-04 01:02:00,9193.94
2018-02-04 02:02:00,9176.31
2018-02-04 03:02:00,9101.22
2018-02-04 04:02:00,9112.57
2018-02-04 05:02:00,9263.01
2018-02-04 06:02:00,9213.76
2018-02-04 07:02:00,9295.73
2018-02-04 08:02:00,9405.54
2018-02-04 09:02:00,9300.27
2018-02-04 10:02:00,9204.74
2018-02-04 11:02:00,8929.86
2018-02-04 12:02:00,8856.36
2018-02-04 13:02:00,8951.81
2018-02-04 14:02:00,8622.99
2018-02-04 15:02:00,8755.82
2018-02-04 16:02:00,8828.75
2018-02-04 17:02:00,8507.15
2018-02-04 18:02:00,8401.71
2018-02-04 19:02:00,8554.71
2018-02-04 20:02:00,8442.97
2018-02-04 21:02:00,8341.96
2018-02-04 22:02:00,8029.76
2018-02-04 23:02:00,8202.49
2018-02-04 24:02:00,8360.77
2018-02-05 01:02:00,8363.77
2018-02-05 02:02:00,8343.34
2018-02-05 03:02:00,8099.57
2018-02-05 04:02:00,8040.49
2018-02-05 05:02:00,8201.02
2018-02-05 06:02:00,8206.98
2018-02-05 07:02:00,8358.94
2018-02-05 08:02:00,8271.6
2018-02-05 09:02:00,8038.5
2018-02-05 10:02:00,7892.24
2018-02-05 11:02:00,7911.6
2018-02-05 12:02:00,7817.99
2018-02-05 13:02:00,7677.44
2018-02-05 14:02:00,7716.2
2018-02-05 15:02:00,7741.86
2018-02-05 16:02:00,7467.5
2018-02-05 17:02:00,7368.75
2018-02-05 18:02:00,7428.04
2018-02-05 19:02:00,7235.39
2018-02-05 20:02:00,7064.14
2018-02-05 21:02:00,6826.71
2018-02-05 22:02:00,7105.36
2018-02-05 23:02:00,7193.93
2018-02-05 24:02:00,7094.65
2018-02-06 01:02:00,6887.82
2018-02-06 02:02:00,7047.68
2018-02-06 03:02:00,6670.31
2018-02-06 04:02:00,6506.54
2018-02-06 05:02:00,6307.17
2018-02-06 06:02:00,6201.69
2018-02-06 07:02:00,6336.19
2018-02-06 08:02:00,6265.5
2018-02-06 09:02:00,6145.61
2018-02-06 10:02:00,6194.5
2018-02-06 11:02:00,6636.18
2018-02-06 12:02:00,6617.33
2018-02-06 13:02:00,6383.37
2018-02-06 14:02:00,6632.83
2018-02-06 15:02:00,6969.45
2018-02-06 16:02:00,7112.9
2018-02-06 17:02:00,7293.81
2018-02-06 18:02:00,7170.35
2018-02-06 19:02:00,6955.39
2018-02-06 20:02:00,7129.07
2018-02-06 21:02:00,7427.2
2018-02-06 22:02:00,7655.32
2018-02-06 23:02:00,7817.19
2018-02-06 24:02:00,7636.62
2018-02-07 01:02:00,7766.48
2018-02-07 02:02:00,7629.56
2018-02-07 03:02:00,7664.35
2018-02-07 04:02:00,7543.74
2018-02-07 05:02:00,7338.26
2018-02-07 06:02:00,7418.91
2018-02-07 07:02:00,7490.44
2018-02-07 08:02:00,7416.77
2018-02-07 09:02:00,7626.46
2018-02-07 10:02:00,7731.6
2018-02-07 11:02:00,7895.25
2018-02-07 12:02:00,8144.99
2018-02-07 13:02:00,8232.73
2018-02-07 14:02:00,8276.59
2018-02-07 15:02:00,8478.26
2018-02-07 16:02:00,8286.19
2018-02-07 17:02:00,8237.52
2018-02-07 18:02:00,8109.44
2018-02-07 19:02:00,8265.58
2018-02-07 20:02:00,8367.46
2018-02-07 21:02:00,8190.19
2018-02-07 22:02:00,8128.56
2018-02-07 23:02:00,8195.28
2018-02-07 24:02:00,7951.21
2018-02-08 01:02:00,7696.59
2018-02-08 02:02:00,7772.47
2018-02-08 03:02:00,7824.61
2018-02-08 04:02:00,8078.79
2018-02-08 05:02:00,8035.82
2018-02-08 06:02:00,8199.42
2018-02-08 07:02:00,8129.46
2018-02-08 08:02:00,8013.56
2018-02-08 09:02:00,8233.45
2018-02-08 10:02:00,8337.26
2018-02-08 11:02:00,8296.32
2018-02-08 12:02:00,8545.31
2018-02-08 13:02:00,8567.8
2018-02-08 14:02:00,8529.65
2018-02-08 15:02:00,8566.35
2018-02-08 16:02:00,8444.94
2018-02-08 17:02:00,8383.97
2018-02-08 18:02:00,8260.92
2018-02-08 19:02:00,8250.27
2018-02-08 20:02:00,8192.07
2018-02-08 21:02:00,8397.95
2018-02-08 22:02:00,8414.7
2018-02-08 23:02:00,8263.98
2018-02-08 24:02:00,8275.89
2018-02-09 01:02:00,8269.99
2018-02-09 02:02:00,8061.13
2018-02-09 03:02:00,7942.1
2018-02-09 04:02:00,8072.96
2018-02-09 05:02:00,8072.19
2018-02-09 06:02:00,7986.49
2018-02-09 07:02:00,7882.76
2018-02-09 08:02:00,7970.09
2018-02-09 09:02:00,8068.13
2018-02-09 10:02:00,8023.9
2018-02-09 11:02:00,8273.62
2018-02-09 12:02:00,8278.66
2018-02-09 13:02:00,8343.58
2018-02-09 14:02:00,8293.1
2018-02-09 15:02:00,8325.41
2018-02-09 16:02:00,8451.63
2018-02-09 17:02:00,8429.01
2018-02-09 18:02:00,8425.99
2018-02-09 19:02:00,8619.43
2018-02-09 20:02:00,8704.9
2018-02-09 21:02:00,8737.3
2018-02-09 22:02:00,8654.39
2018-02-09 23:02:00,8597.69
2018-02-09 24:02:00,8584.99
2018-02-10 01:02:00,8698.45
2018-02-10 02:02:00,8831.09
2018-02-10 03:02:00,8932.75
2018-02-10 04:02:00,8943.06
2018-02-10 05:02:00,9016.72
2018-02-10 06:02:00,8887.37
2018-02-10 07:02:00,8926.39
2018-02-10 08:02:00,9010.95
2018-02-10 09:02:00,9017.93
2018-02-10 10:02:00,8837.59
2018-02-10 11:02:00,8752.36
2018-02-10 12:02:00,8618.23
2018-02-10 13:02:00,8677.33
2018-02-10 14:02:00,8654.82
2018-02-10 15:02:00,8779.42
2018-02-10 16:02:00,8693.92
2018-02-10 17:02:00,8444.14
2018-02-10 18:02:00,8388.83
2018-02-10 19:02:00,8475.06
2018-02-10 20:02:00,8421.69
2018-02-10 21:02:00,8406.07
2018-02-10 22:02:00,8310.91
2018-02-10 23:02:00,8295.7
2018-02-10 24:02:00,8518.86
2018-02-11 01:02:00,8579.81
2018-02-11 02:02:00,8449.49
2018-02-11 03:02:00,8289.57
2018-02-11 04:02:00,8269.53
2018-02-11 05:02:00,8126.08
2018-02-11 06:02:00,8112.74
2018-02-11 07:02:00,8096.9
2018-02-11 08:02:00,8080.78
2018-02-11 09:02:00,8005.97
2018-02-11 10:02:00,7935.83
2018-02-11 11:02:00,8025.81
2018-02-11 12:02:00,8132.29
2018-02-11 13:02:00,8143.86
2018-02-11 14:02:00,8330.51
2018-02-11 15:02:00,8352.35
2018-02-11 16:02:00,8400.92
2018-02-11 17:02:00,8462.46
2018-02-11 18:02:00,8408.49
2018-02-11 19:02:00,8307.2
2018-02-11 20:02:00,8299.75
2018-02-11 21:02:00,8383.19
2018-02-11 22:02:00,8299.23
2018-02-11 23:02:00,8336.65
2018-02-11 24:02:00,8348.95
2018-02-12 01:02:00,8154.22
2018-02-12 02:02:00,8222.79
2018-02-12 03:02:00,8363.79
2018-02-12 04:02:00,8488.08
2018-02-12 05:02:00,8531.45
2018-02-12 06:02:00,8544.73
2018-02-12 07:02:00,8463.61
2018-02-12 08:02:00,8490.78
2018-02-12 09:02:00,8520.93
2018-02-12 10:02:00,8758.59
2018-02-12 11:02:00,8835.54
2018-02-12 12:02:00,8846.74
2018-02-12 13:02:00,8754.47
2018-02-12 14:02:00,8775.33
2018-02-12 15:02:00,8765.83
2018-02-12 16:02:00,8644.44
2018-02-12 17:02:00,8655.2
2018-02-12 18:02:00,8759.05
2018-02-12 19:02:00,8749.27
2018-02-12 20:02:00,8728.74
2018-02-12 21:02:00,8771.59
2018-02-12 22:02:00,8903.27
2018-02-12 23:02:00,8868.92
2018-02-12 24:02:00,8855.01
2018-02-13 01:02:00,8964.44
2018-02-13 02:02:00,8928.79
2018-02-13 03:02:00,8848.29
2018-02-13 04:02:00,8747.41
2018-02-13 05:02:00,8777.19
2018-02-13 06:02:00,8689.76
2018-02-13 07:02:00,8621.93
2018-02-13 08:02:00,8668.33
2018-02-13 09:02:00,8729.52
2018-02-13 10:02:00,8562.04
2018-02-13 11:02:00,8491.05
2018-02-13 12:02:00,8495.06
2018-02-13 13:02:00,8545.9
2018-02-13 14:02:00,8592.92
2018-02-13 15:02:00,8635.34
2018-02-13 16:02:00,8675.9
2018-02-13 17:02:00,8587.02
2018-02-13 18:02:00,8612.86
2018-02-13 19:02:00,8635.96
2018-02-13 20:02:00,8693.77
2018-02-13 21:02:00,8663.84
2018-02-13 22:02:00,8723.31
2018-02-13 23:02:00,8685.34
2018-02-13 24:02:00,8591.69
2018-02-14 01:02:00,8570.1
2018-02-14 02:02:00,8640.61
2018-02-14 03:02:00,8688.44
2018-02-14 04:02:00,8742.47
2018-02-14 05:02:00,8738.39
2018-02-14 06:02:00,8828.17
2018-02-14 07:02:00,8840.4
2018-02-14 08:02:00,8895.01
2018-02-14 09:02:00,8913.65
2018-02-14 10:02:00,8926.82
2018-02-14 11:02:00,8869.89
2018-02-14 12:02:00,8859.37
2018-02-14 13:02:00,8902.61
2018-02-14 14:02:00,9156.36
2018-02-14 15:02:00,9287.84
2018-02-14 16:02:00,9234.77
2018-02-14 17:02:00,9283.08
2018-02-14 18:02:00,9344.23
2018-02-14 19:02:00,9325.46
2018-02-14 20:02:00,9356.66
2018-02-14 21:02:00,9265.56
2018-02-14 22:02:00,9318.64
2018-02-14 23:02:00,9305.77
2018-02-14 24:02:00,9405.23
2018-02-15 01:02:00,9509.37
2018-02-15 02:02:00,9478.59
2018-02-15 03:02:00,9479.16
2018-02-15 04:02:00,9595.36
2018-02-15 05:02:00,9700.89
2018-02-15 06:02:00,9760.59
2018-02-15 07:02:00,9745.58
2018-02-15 08:02:00,9769.31
2018-02-15 09:02:00,9803.14
2018-02-15 10:02:00,9897.41
2018-02-15 11:02:00,9850.79
2018-02-15 12:02:00,9643.19
2018-02-15 13:02:00,9705.45
2018-02-15 14:02:00,9737.96
2018-02-15 15:02:00,9729.63
2018-02-15 16:02:00,9852.33
2018-02-15 17:02:00,9870.7
2018-02-15 18:02:00,9897
2018-02-15 19:02:00,10029.79
2018-02-15 20:02:00,10145.35
2018-02-15 21:02:00,10168.64
2018-02-15 22:02:00,10088.81
2018-02-15 23:02:00,10001.35
2018-02-15 24:02:00,10052.43
2018-02-16 01:02:00,10153.23
2018-02-16 02:02:00,10162.57
2018-02-16 03:02:00,10258.45
2018-02-16 04:02:00,10243.37
2018-02-16 05:02:00,10164.89
2018-02-16 06:02:00,10068.36
2018-02-16 07:02:00,10126.5
2018-02-16 08:02:00,10018.07
2018-02-16 09:02:00,9894.84
2018-02-16 10:02:00,9922.71
2018-02-16 11:02:00,9975.71
2018-02-16 12:02:00,9863.97
2018-02-16 13:02:00,9809.99
2018-02-16 14:02:00,9882.45
2018-02-16 15:02:00,9951.99
2018-02-16 16:02:00,10046.63
2018-02-16 17:02:00,10125.53
2018-02-16 18:02:00,10152.51
2018-02-16 19:02:00,10128.96
2018-02-16 20:02:00,10004.52
2018-02-16 21:02:00,10038.72
2018-02-16 22:02:00,10055.68
2018-02-16 23:02:00,10115.1
2018-02-16 24:02:00,10203
2018-02-17 01:02:00,10240.87
2018-02-17 02:02:00,10174.12
2018-02-17 03:02:00,10310.06
2018-02-17 04:02:00,10455.28
2018-02-17 05:02:00,10486.41
2018-02-17 06:02:00,10597.93
2018-02-17 07:02:00,10585.14
2018-02-17 08:02:00,10739.18
2018-02-17 09:02:00,10761.14
2018-02-17 10:02:00,10852.26
2018-02-17 11:02:00,10853.29
2018-02-17 12:02:00,10736.92
2018-02-17 13:02:00,10814.83
2018-02-17 14:02:00,10877.43
2018-02-17 15:02:00,10777.36
2018-02-17 16:02:00,10662.09
2018-02-17 17:02:00,10746.31
2018-02-17 18:02:00,10832.46
2018-02-17 19:02:00,10877.86
2018-02-17 20:02:00,10801.74
2018-02-17 21:02:00,10807.47
2018-02-17 22:02:00,10802.22
2018-02-17 23:02:00,10883.05
2018-02-17 24:02:00,10941.01
2018-02-18 01:02:00,11074.81
2018-02-18 02:02:00,11108.63
2018-02-18 03:02:00,11213.66
2018-02-18 04:02:00,11224.68
2018-02-18 05:02:00,11024.04
2018-02-18 06:02:00,10948.21
2018-02-18 07:02:00,10692.27
2018-02-18 08:02:00,10579.73
2018-02-18 09:02:00,10588.02
2018-02-18 10:02:00,10485.07
2018-02-18 11:02:00,10345.26
2018-02-18 12:02:00,10417.44
2018-02-18 13:02:00,10599.71
2018-02-18 14:02:00,10570.12
2018-02-18 15:02:00,10770.82
2018-02-18 16:02:00,10808.04
2018-02-18 17:02:00,10806.14
2018-02-18 18:02:00,10612.38
2018-02-18 19:02:00,10722.14
2018-02-18 20:02:00,10756.38
2018-02-18 21:02:00,10845.96
2018-02-18 22:02:00,10862.82
2018-02-18 23:02:00,10763.64
2018-02-18 24:02:00,10725.25
2018-02-19 01:02:00,10501.92
2018-02-19 02:02:00,10436.83
2018-02-19 03:02:00,10597.96
2018-02-19 04:02:00,10583.33
2018-02-19 05:02:00,10632.18
2018-02-19 06:02:00,10595.3
2018-02-19 07:02:00,10499.81
2018-02-19 08:02:00,10551.86
2018-02-19 09:02:00,10760.31
2018-02-19 10:02:00,10832.85
2018-02-19 11:02:00,10919.51
2018-02-19 12:02:00,11029.74
2018-02-19 13:02:00,11015.26
2018-02-19 14:02:00,11010.1
2018-02-19 15:02:00,10953.42
2018-02-19 16:02:00,11015.4
2018-02-19 17:02:00,11152.6
2018-02-19 18:02:00,11226.17
2018-02-19 19:02:00,11069.35
2018-02-19 20:02:00,11104.58
2018-02-19 21:02:00,11186.74
2018-02-19 22:02:00,11208.83
2018-02-19 23:02:00,11149.69
2018-02-19 24:02:00,11164.82
2018-02-20 01:02:00,11173.26
2018-02-20 02:02:00,11377.22
2018-02-20 03:02:00,11493.08
2018-02-20 04:02:00,11512.99
2018-02-20 05:02:00,11444.82
2018-02-20 06:02:00,11526.58
2018-02-20 07:02:00,11489.71
2018-02-20 08:02:00,11539.44
2018-02-20 09:02:00,11629.2
2018-02-20 10:02:00,11481.42
2018-02-20 11:02:00,11328.53
2018-02-20 12:02:00,11416.85
2018-02-20 13:02:00,11469.62
2018-02-20 14:02:00,11553.9
2018-02-20 15:02:00,11599.49
2018-02-20 16:02:00,11593.29
2018-02-20 17:02:00,11520.7
2018-02-20 18:02:00,11664.88
2018-02-20 19:02:00,11729.8
2018-02-20 20:02:00,11742.67
2018-02-20 21:02:00,11682.44
2018-02-20 22:02:00,11753.86
2018-02-20 23:02:00,11771.77
2018-02-20 24:02:00,11534.65
2018-02-21 01:02:00,11294.54
2018-02-21 02:02:00,11045.78
2018-02-21 03:02:00,11204.96
2018-02-21 04:02:00,11080.15
2018-02-21 05:02:00,11068.72
2018-02-21 06:02:00,10826.55
2018-02-21 07:02:00,10892.63
2018-02-21 08:02:00,11018.1
2018-02-21 09:02:00,11128.86
2018-02-21 10:02:00,11091.12
2018-02-21 11:02:00,11158.14
2018-02-21 12:02:00,11047.04
2018-02-21 13:02:00,11071.62
2018-02-21 14:02:00,11083.4
2018-02-21 15:02:00,10956.78
2018-02-21 16:02:00,10642.02
2018-02-21 17:02:00,10585.26
2018-02-21 18:02:00,10515.49
2018-02-21 19:02:00,10549.54
2018-02-21 20:02:00,10666.41
2018-02-21 21:02:00,10520.41
2018-02-21 22:02:00,10371.92
2018-02-21 23:02:00,10412.31
2018-02-21 24:02:00,10440.28
2018-02-22 01:02:00,10542.35
2018-02-22 02:02:00,10473.82
2018-02-22 03:02:00,10627.8
2018-02-22 04:02:00,10774.03
2018-02-22 05:02:00,10795.28
2018-02-22 06:02:00,10755.45
2018-02-22 07:02:00,10878.4
2018-02-22 08:02:00,10952.26
2018-02-22 09:02:00,10742.82
2018-02-22 10:02:00,10624.45
2018-02-22 11:02:00,10480.89
2018-02-22 12:02:00,10217.5
2018-02-22 13:02:00,10292.85
2018-02-22 14:02:00,10095.97
2018-02-22 15:02:00,9934.77
2018-02-22 16:02:00,9957.82
2018-02-22 17:02:00,10074.51
2018-02-22 18:02:00,10057.86
2018-02-22 19:02:00,9870.34
2018-02-22 20:02:00,9943.93
2018-02-22 21:02:00,10002.28
2018-02-22 22:02:00,10084.18
2018-02-22 23:02:00,9998.46
2018-02-22 24:02:00,9957.62
2018-02-23 01:02:00,9932.42
2018-02-23 02:02:00,9747.2
2018-02-23 03:02:00,9675.47
2018-02-23 04:02:00,9773.53
2018-02-23 05:02:00,9790.53
2018-02-23 06:02:00,9925.22
2018-02-23 07:02:00,9939.6
2018-02-23 08:02:00,9825.24
2018-02-23 09:02:00,9920.12
2018-02-23 10:02:00,9973.91
2018-02-23 11:02:00,10094.04
2018-02-23 12:02:00,10123.33
2018-02-23 13:02:00,10187.57
2018-02-23 14:02:00,10246.62
2018-02-23 15:02:00,10262.56
2018-02-23 16:02:00,10398.1
2018-02-23 17:02:00,10372.25
2018-02-23 18:02:00,10198.68
2018-02-23 19:02:00,10157.28
2018-02-23 20:02:00,10231.29
2018-02-23 21:02:00,10159.33
2018-02-23 22:02:00,10010.58
2018-02-23 23:02:00,10000.22
2018-02-23 24:02:00,10096.26
2018-02-24 01:02:00,10212.86
2018-02-24 02:02:00,10328.91
2018-02-24 03:02:00,10355.33
2018-02-24 04:02:00,10449.89
2018-02-24 05:02:00,10439.2
2018-02-24 06:02:00,10495.16
2018-02-24 07:02:00,10475.77
2018-02-24 08:02:00,10283.77
2018-02-24 09:02:00,10092.96
2018-02-24 10:02:00,10099.7
2018-02-24 11:02:00,10152.37
2018-02-24 12:02:00,9827.03
2018-02-24 13:02:00,9801.44
2018-02-24 14:02:00,9815.29
2018-02-24 15:02:00,9692.69
2018-02-24 16:02:00,9783.4
2018-02-24 17:02:00,9829.62
2018-02-24 18:02:00,9771.78
2018-02-24 19:02:00,9756.16
2018-02-24 20:02:00,9683.09
2018-02-24 21:02:00,9651.76
2018-02-24 22:02:00,9499.97
2018-02-24 23:02:00,9528.7
2018-02-24 24:02:00,9649.58
2018-02-25 01:02:00,9715.82
2018-02-25 02:02:00,9669.37
2018-02-25 03:02:00,9761.96
2018-02-25 04:02:00,9756.77
2018-02-25 05:02:00,9629.67
2018-02-25 06:02:00,9748.58
2018-02-25 07:02:00,9770.48
2018-02-25 08:02:00,9845.9
2018-02-25 09:02:00,9851.24
2018-02-25 10:02:00,9737.29
2018-02-25 11:02:00,9658.1
2018-02-25 12:02:00,9697.78
2018-02-25 13:02:00,9749.81
2018-02-25 14:02:00,9635.46
2018-02-25 15:02:00,9549.13
2018-02-25 16:02:00,9520.37
2018-02-25 17:02:00,9405.19
2018-02-25 18:02:00,9475.38
2018-02-25 19:02:00,9441.47
2018-02-25 20:02:00,9420.1
2018-02-25 21:02:00,9555.42
2018-02-25 22:02:00,9622.32
2018-02-25 23:02:00,9642.55
2018-02-25 24:02:00,9663.49
2018-02-26 01:02:00,9656.16
2018-02-26 02:02:00,9638.12
2018-02-26 03:02:00,9716.29
2018-02-26 04:02:00,9772.58
2018-02-26 05:02:00,9708.9
2018-02-26 06:02:00,9673.64
2018-02-26 07:02:00,9676.18
2018-02-26 08:02:00,9579.64
2018-02-26 09:02:00,9529.28
2018-02-26 10:02:00,9473.98
2018-02-26 11:02:00,9559.22
2018-02-26 12:02:00,9678.82
2018-02-26 13:02:00,9774.29
2018-02-26 14:02:00,9792.59
2018-02-26 15:02:00,10147.15
2018-02-26 16:02:00,10288.76
2018-02-26 17:02:00,10272.12
2018-02-26 18:02:00,10322.11
2018-02-26 19:02:00,10193.53
2018-02-26 20:02:00,10258.2
2018-02-26 21:02:00,10308.96
2018-02-26 22:02:00,10270.04
2018-02-26 23:02:00,10413.85
2018-02-26 24:02:00,10418.8
2018-02-27 01:02:00,10368.01
2018-02-27 02:02:00,10403.87
2018-02-27 03:02:00,10300.16
2018-02-27 04:02:00,10233.13
2018-02-27 05:02:00,10332.26
2018-02-27 06:02:00,10361.71
2018-02-27 07:02:00,10336.77
2018-02-27 08:02:00,10347.44
2018-02-27 09:02:00,10509.02
2018-02-27 10:02:00,10741.77
2018-02-27 11:02:00,10765
2018-02-27 12:02:00,10727.43
2018-02-27 13:02:00,10750.12
2018-02-27 14:02:00,10774.16
2018-02-27 15:02:00,10827.56
2018-02-27 16:02:00,10783.57
2018-02-27 17:02:00,10621.53
2018-02-27 18:02:00,10660.39
2018-02-27 19:02:00,10641.22
2018-02-27 20:02:00,10661.6
2018-02-27 21:02:00,10735.57
2018-02-27 22:02:00,10722.92
2018-02-27 23:02:00,10762.36
2018-02-27 24:02:00,10824.84
2018-02-28 01:02:00,10706.78
2018-02-28 02:02:00,10666.56
2018-02-28 03:02:00,10724.82
2018-02-28 04:02:00,10748.76
2018-02-28 05:02:00,10917.66
2018-02-28 06:02:00,11002.08
2018-02-28 07:02:00,10997.15
2018-02-28 08:02:00,10965.76
2018-02-28 09:02:00,10790.91
2018-02-28 10:02:00,10686.78
2018-02-28 11:02:00,10604.71
2018-02-28 12:02:00,10627.78
2018-02-28 13:02:00,10637.67
2018-02-28 14:02:00,10512.53
2018-02-28 15:02:00,10519.27
2018-02-28 16:02:00,10559.8
2018-02-28 17:02:00,10570.18
2018-02-28 18:02:00,10520.82
2018-02-28 19:02:00,10548.48
2018-02-28 20:02:00,10541.8
2018-02-28 21:02:00,10548.94
2018-02-28 22:02:00,10673.28
2018-02-28 23:02:00,10640.47
2018-02-28 24:02:00,10544.01
2018-03-01 01:03:00,10374.83
2018-03-01 02:03:00,10355.5
2018-03-01 03:03:00,10403.68
2018-03-01 04:03:00,10398.41
2018-03-01 05:03:00,10400.55
2018-03-01 06:03:00,10453.01
2018-03-01 07:03:00,10475.53
2018-03-01 08:03:00,10433.42
2018-03-01 09:03:00,10549.16
2018-03-01 10:03:00,10678.08
2018-03-01 11:03:00,10675.36
2018-03-01 12:03:00,10741.82
2018-03-01 13:03:00,10830.92
2018-03-01 14:03:00,10756.23
2018-03-01 15:03:00,10807.36
2018-03-01 16:03:00,10843.27
2018-03-01 17:03:00,10777.43
2018-03-01 18:03:00,10813.03
2018-03-01 19:03:00,10838.79
2018-03-01 20:03:00,10929.81
2018-03-01 21:03:00,10960.75
2018-03-01 22:03:00,11042.6
2018-03-01 23:03:00,11064.85
2018-03-01 24:03:00,10908.62
2018-03-02 01:03:00,11002.79
2018-03-02 02:03:00,11063.04
2018-03-02 03:03:00,11152.62
2018-03-02 04:03:00,11153.49
2018-03-02 05:03:00,11185.04
2018-03-02 06:03:00,11131.91
2018-03-02 07:03:00,11028.27
2018-03-02 08:03:00,11200
2018-03-02 09:03:00,11138.03
2018-03-02 10:03:00,11169.99
2018-03-02 11:03:00,11007.08
2018-03-02 12:03:00,10955.72
2018-03-02 13:03:00,10949.71
2018-03-02 14:03:00,10994.97
2018-03-02 15:03:00,11051.78
2018-03-02 16:03:00,10884.39
2018-03-02 17:03:00,10903.61
2018-03-02 18:03:00,10888.06
2018-03-02 19:03:00,10925.82
2018-03-02 20:03:00,10968.85
2018-03-02 21:03:00,10941.89
2018-03-02 22:03:00,11050.78
2018-03-02 23:03:00,11078.77
2018-03-02 24:03:00,11113.05
2018-03-03 01:03:00,11075.71
2018-03-03 02:03:00,11128.88
2018-03-03 03:03:00,11225.13
2018-03-03 04:03:00,11331.33
2018-03-03 05:03:00,11360.37
2018-03-03 06:03:00,11388.8
2018-03-03 07:03:00,11371.43
2018-03-03 08:03:00,11409.75
2018-03-03 09:03:00,11424.59
2018-03-03 10:03:00,11360.84
2018-03-03 11:03:00,11383.38
2018-03-03 12:03:00,11374.07
2018-03-03 13:03:00,11366.47
2018-03-03 14:03:00,11430.13
2018-03-03 15:03:00,11481
2018-03-03 16:03:00,11463.87
2018-03-03 17:03:00,11477.8
2018-03-03 18:03:00,11529.29
2018-03-03 19:03:00,11527.37
2018-03-03 20:03:00,11541.46
2018-03-03 21:03:00,11555.29
2018-03-03 22:03:00,11381.38
2018-03-03 23:03:00,11376.94
2018-03-03 24:03:00,11396.3
2018-03-04 01:03:00,11461.97
2018-03-04 02:03:00,11471.45
2018-03-04 03:03:00,11476.09
2018-03-04 04:03:00,11377.88
2018-03-04 05:03:00,11262.87
2018-03-04 06:03:00,11247.77
2018-03-04 07:03:00,11257.17
2018-03-04 08:03:00,11230.69
2018-03-04 09:03:00,11158.89
2018-03-04 10:03:00,11232.53
2018-03-04 11:03:00,11292.14
2018-03-04 12:03:00,11205.76
2018-03-04 13:03:00,11197
2018-03-04 14:03:00,11214.38
2018-03-04 15:03:00,11225.91
2018-03-04 16:03:00,11207.79
2018-03-04 17:03:00,11184.11
2018-03-04 18:03:00,11211.53
2018-03-04 19:03:00,11192.14
2018-03-04 20:03:00,11317.47
2018-03-04 21:03:00,11421.29
2018-03-04 22:03:00,11482.43
2018-03-04 23:03:00,11483.63
2018-03-04 24:03:00,11418.69
2018-03-05 01:03:00,11508.41
2018-03-05 02:03:00,11483.05
2018-03-05 03:03:00,11516.56
2018-03-05 04:03:00,11517.5
2018-03-05 05:03:00,11569.01
2018-03-05 06:03:00,11610.5
2018-03-05 07:03:00,11555.95
2018-03-05 08:03:00,11565.21
2018-03-05 09:03:00,11583.92
2018-03-05 10:03:00,11570.08
2018-03-05 11:03:00,11501.78
2018-03-05 12:03:00,11497.16
2018-03-05 13:03:00,11556.76
2018-03-05 14:03:00,11584.16
2018-03-05 15:03:00,11558.22
2018-03-05 16:03:00,11547.87
2018-03-05 17:03:00,11549.93
2018-03-05 18:03:00,11563.49
2018-03-05 19:03:00,11545.76
2018-03-05 20:03:00,11622.23
2018-03-05 21:03:00,11699.5
2018-03-05 22:03:00,11687.2
2018-03-05 23:03:00,11614.03
2018-03-05 24:03:00,11657.65
2018-03-06 01:03:00,11578.86
2018-03-06 02:03:00,11387.26
2018-03-06 03:03:00,11305.72
2018-03-06 04:03:00,11311.1
2018-03-06 05:03:00,11266.77
2018-03-06 06:03:00,11336.81
2018-03-06 07:03:00,11346.33
2018-03-06 08:03:00,11378.84
2018-03-06 09:03:00,11355.36
2018-03-06 10:03:00,11318.82
2018-03-06 11:03:00,11348.23
2018-03-06 12:03:00,11080.35
2018-03-06 13:03:00,10987.72
2018-03-06 14:03:00,10979.06
2018-03-06 15:03:00,10911.48
2018-03-06 16:03:00,10998.69
2018-03-06 17:03:00,11046.68
2018-03-06 18:03:00,10999.12
2018-03-06 19:03:00,10860.14
2018-03-06 20:03:00,10822.76
2018-03-06 21:03:00,10696.08
2018-03-06 22:03:00,10681.54
2018-03-06 23:03:00,10792.63
2018-03-06 24:03:00,10806.87
2018-03-07 01:03:00,10706.02
2018-03-07 02:03:00,10852.24
2018-03-07 03:03:00,10890.54
2018-03-07 04:03:00,10841.77
2018-03-07 05:03:00,10773.85
2018-03-07 06:03:00,10799.07
2018-03-07 07:03:00,10781.6
2018-03-07 08:03:00,10618.96
2018-03-07 09:03:00,10534.96
2018-03-07 10:03:00,10644.42
2018-03-07 11:03:00,10542.31
2018-03-07 12:03:00,10581.29
2018-03-07 13:03:00,10610.49
2018-03-07 14:03:00,10706.43
2018-03-07 15:03:00,10644.9
2018-03-07 16:03:00,10665.41
2018-03-07 17:03:00,10731.28
2018-03-07 18:03:00,10196.21
2018-03-07 19:03:00,9761.03
2018-03-07 20:03:00,9847.13
2018-03-07 21:03:00,9772.68
2018-03-07 22:03:00,9866.19
2018-03-07 23:03:00,9954.11
2018-03-07 24:03:00,10082.35
2018-03-08 01:03:00,9941.77
2018-03-08 02:03:00,10035.09
2018-03-08 03:03:00,9967.92
2018-03-08 04:03:00,9723.29
2018-03-08 05:03:00,9665.26
2018-03-08 06:03:00,9721.81
2018-03-08 07:03:00,9816.75
2018-03-08 08:03:00,9849.74
2018-03-08 09:03:00,9943.72
2018-03-08 10:03:00,9964.9
2018-03-08 11:03:00,10082.43
2018-03-08 12:03:00,10051.43
2018-03-08 13:03:00,10044.28
2018-03-08 14:03:00,9878.27
2018-03-08 15:03:00,9826.93
2018-03-08 16:03:00,9869.91
2018-03-08 17:03:00,9919.43
2018-03-08 18:03:00,9630.68
2018-03-08 19:03:00,9282.43
2018-03-08 20:03:00,9355.58
2018-03-08 21:03:00,9379.95
2018-03-08 22:03:00,9385.68
2018-03-08 23:03:00,9464.31
2018-03-08 24:03:00,9365.04
2018-03-09 01:03:00,9380.9
2018-03-09 02:03:00,9426.23
2018-03-09 03:03:00,9169.72
2018-03-09 04:03:00,9043.18
2018-03-09 05:03:00,9050.97
2018-03-09 06:03:00,8766.88
2018-03-09 07:03:00,8669.89
2018-03-09 08:03:00,8644.38
2018-03-09 09:03:00,8842.36
2018-03-09 10:03:00,8763.35
2018-03-09 11:03:00,8615
2018-03-09 12:03:00,8710.8
2018-03-09 13:03:00,8893.17
2018-03-09 14:03:00,9031.33
2018-03-09 15:03:00,8997.56
2018-03-09 16:03:00,9137.42
2018-03-09 17:03:00,9085.21
2018-03-09 18:03:00,8840.6
2018-03-09 19:03:00,8831.72
2018-03-09 20:03:00,8907.37
2018-03-09 21:03:00,8779.74
2018-03-09 22:03:00,8922.82
2018-03-09 23:03:00,9105.64
2018-03-09 24:03:00,9171.85
2018-03-10 01:03:00,9330.27
2018-03-10 02:03:00,9354.44
2018-03-10 03:03:00,9393.95
2018-03-10 04:03:00,9342.49
2018-03-10 05:03:00,9222.26
2018-03-10 06:03:00,9344.67
2018-03-10 07:03:00,9353.54
2018-03-10 08:03:00,9511.19
2018-03-10 09:03:00,9458.11
2018-03-10 10:03:00,9427.49
2018-03-10 11:03:00,9332.53
2018-03-10 12:03:00,9317.73
2018-03-10 13:03:00,9421.16
2018-03-10 14:03:00,9363.39
2018-03-10 15:03:00,9327.38
2018-03-10 16:03:00,9490.7
2018-03-10 17:03:00,9476.24
2018-03-10 18:03:00,9431
2018-03-10 19:03:00,9273.76
2018-03-10 20:03:00,9108.66
2018-03-10 21:03:00,9119.9
2018-03-10 22:03:00,8971.09
2018-03-10 23:03:00,8851
2018-03-10 24:03:00,8833.18
2018-03-11 01:03:00,8821.43
2018-03-11 02:03:00,8615.83
2018-03-11 03:03:00,8641.78
2018-03-11 04:03:00,8693.62
2018-03-11 05:03:00,8648.65
2018-03-11 06:03:00,8700.24
2018-03-11 07:03:00,8786.58
2018-03-11 08:03:00,8854.37
2018-03-11 09:03:00,8801.2
2018-03-11 10:03:00,8818.49
2018-03-11 11:03:00,8732.98
2018-03-11 12:03:00,8689.06
2018-03-11 13:03:00,8924.22
2018-03-11 14:03:00,9210.71
2018-03-11 15:03:00,9314.93
2018-03-11 16:03:00,9276.13
2018-03-11 17:03:00,9184.31
2018-03-11 18:03:00,9248.95
2018-03-11 19:03:00,9522.77
2018-03-11 20:03:00,9660.45
2018-03-11 21:03:00,9665.34
2018-03-11 22:03:00,9574.46
2018-03-11 23:03:00,9636.1
2018-03-11 24:03:00,9666.55
2018-03-12 01:03:00,9534.15
2018-03-12 02:03:00,9652.53
2018-03-12 03:03:00,9637.34
2018-03-12 04:03:00,9605.91
2018-03-12 05:03:00,9487.1
2018-03-12 06:03:00,9520.17
2018-03-12 07:03:00,9624.74
2018-03-12 08:03:00,9675.69
2018-03-12 09:03:00,9651.84
2018-03-12 10:03:00,9608.29
2018-03-12 11:03:00,9795.07
2018-03-12 12:03:00,9884.52
2018-03-12 13:03:00,9859.07
2018-03-12 14:03:00,9840.89
2018-03-12 15:03:00,9803.85
2018-03-12 16:03:00,9490.31
2018-03-12 17:03:00,9301.28
2018-03-12 18:03:00,9173.6
2018-03-12 19:03:00,9218.61
2018-03-12 20:03:00,9236.38
2018-03-12 21:03:00,9014.67
2018-03-12 22:03:00,8943.63
2018-03-12 23:03:00,9077.3
2018-03-12 24:03:00,9147.14
2018-03-13 01:03:00,9178.82
2018-03-13 02:03:00,9192.22
2018-03-13 03:03:00,9204.52
2018-03-13 04:03:00,9171.38
2018-03-13 05:03:00,9062.74
2018-03-13 06:03:00,9339.15
2018-03-13 07:03:00,9407.7
2018-03-13 08:03:00,9445.56
2018-03-13 09:03:00,9245.49
2018-03-13 10:03:00,9182.63
2018-03-13 11:03:00,9320.56
2018-03-13 12:03:00,9106.67
2018-03-13 13:03:00,9035.34
2018-03-13 14:03:00,9000.91
2018-03-13 15:03:00,9161.81
2018-03-13 16:03:00,9145.57
2018-03-13 17:03:00,9082.43
2018-03-13 18:03:00,9206.9
2018-03-13 19:03:00,9231.56
2018-03-13 20:03:00,9148.05
2018-03-13 21:03:00,9106.23
2018-03-13 22:03:00,9140.89
2018-03-13 23:03:00,9158.05
2018-03-13 24:03:00,9211.22
2018-03-14 01:03:00,9205.32
2018-03-14 02:03:00,9285.65
2018-03-14 03:03:00,9360.92
2018-03-14 04:03:00,9343.78
2018-03-14 05:03:00,9336.27
2018-03-14 06:03:00,9190.26
2018-03-14 07:03:00,9215.99
2018-03-14 08:03:00,9227.29
2018-03-14 09:03:00,9249.61
2018-03-14 10:03:00,9203.86
2018-03-14 11:03:00,9031.17
2018-03-14 12:03:00,8809.95
2018-03-14 13:03:00,8736.05
2018-03-14 14:03:00,8717.02
2018-03-14 15:03:00,8685.09
2018-03-14 16:03:00,8762.2
2018-03-14 17:03:00,8753.78
2018-03-14 18:03:00,8530.67
2018-03-14 19:03:00,8362.44
2018-03-14 20:03:00,8300.76
2018-03-14 21:03:00,8377.25
2018-03-14 22:03:00,8308.05
2018-03-14 23:03:00,8095.91
2018-03-14 24:03:00,8233.63
2018-03-15 01:03:00,8270.24
2018-03-15 02:03:00,8192.74
2018-03-15 03:03:00,8179
2018-03-15 04:03:00,7926.79
2018-03-15 05:03:00,7947.22
2018-03-15 06:03:00,7939.17
2018-03-15 07:03:00,7853.62
2018-03-15 08:03:00,7803.91
2018-03-15 09:03:00,7952.43
2018-03-15 10:03:00,8081.99
2018-03-15 11:03:00,8246.13
2018-03-15 12:03:00,8205.89
2018-03-15 13:03:00,8242.84
2018-03-15 14:03:00,8234.18
2018-03-15 15:03:00,8336.06
2018-03-15 16:03:00,8395.77
2018-03-15 17:03:00,8097.3
2018-03-15 18:03:00,8096.7
2018-03-15 19:03:00,8204.39
2018-03-15 20:03:00,8173.41
2018-03-15 21:03:00,8275.42
2018-03-15 22:03:00,8290.56
2018-03-15 23:03:00,8279.24
2018-03-15 24:03:00,8360.06
2018-03-16 01:03:00,8322.91
2018-03-16 02:03:00,8217.12
2018-03-16 03:03:00,8045.02
2018-03-16 04:03:00,8078.61
2018-03-16 05:03:00,8116.94
2018-03-16 06:03:00,8203.88
2018-03-16 07:03:00,8302.55
2018-03-16 08:03:00,8272.53
2018-03-16 09:03:00,8296.71
2018-03-16 10:03:00,8273.72
2018-03-16 11:03:00,8188.07
2018-03-16 12:03:00,8171.74
2018-03-16 13:03:00,8216.74
2018-03-16 14:03:00,8275.31
2018-03-16 15:03:00,8454.25
2018-03-16 16:03:00,8525.13
2018-03-16 17:03:00,8574.45
2018-03-16 18:03:00,8589.47
2018-03-16 19:03:00,8567.45
2018-03-16 20:03:00,8541.79
2018-03-16 21:03:00,8569.66
2018-03-16 22:03:00,8581.36
2018-03-16 23:03:00,8561.44
2018-03-16 24:03:00,8552.57
2018-03-17 01:03:00,8404.27
2018-03-17 02:03:00,8329.22
2018-03-17 03:03:00,8203.8
2018-03-17 04:03:00,8198.07
2018-03-17 05:03:00,8290.84
2018-03-17 06:03:00,8213.91
2018-03-17 07:03:00,8223.79
2018-03-17 08:03:00,8211.1
2018-03-17 09:03:00,8278.38
2018-03-17 10:03:00,8285.48
2018-03-17 11:03:00,8336.67
2018-03-17 12:03:00,8307.62
2018-03-17 13:03:00,8337.68
2018-03-17 14:03:00,8112.31
2018-03-17 15:03:00,8047.23
2018-03-17 16:03:00,8050.27
2018-03-17 17:03:00,7933.83
2018-03-17 18:03:00,7979.32
2018-03-17 19:03:00,7978.58
2018-03-17 20:03:00,7924.44
2018-03-17 21:03:00,7831.06
2018-03-17 22:03:00,7843.86
2018-03-17 23:03:00,8008.59
2018-03-17 24:03:00,8036.48
2018-03-18 01:03:00,7929.38
2018-03-18 02:03:00,7816.57
2018-03-18 03:03:00,7822.8
2018-03-18 04:03:00,7646.83
2018-03-18 05:03:00,7708.76
2018-03-18 06:03:00,7673.77
2018-03-18 07:03:00,7667.15
2018-03-18 08:03:00,7764.68
2018-03-18 09:03:00,7773.75
2018-03-18 10:03:00,7805.44
2018-03-18 11:03:00,7773.24
2018-03-18 12:03:00,7646.94
2018-03-18 13:03:00,7728.04
2018-03-18 14:03:00,7799.2
2018-03-18 15:03:00,7649.9
2018-03-18 16:03:00,7454.56
2018-03-18 17:03:00,7461.84
2018-03-18 18:03:00,7429.22
2018-03-18 19:03:00,7489.11
2018-03-18 20:03:00,7557.29
2018-03-18 21:03:00,7488.95
2018-03-18 22:03:00,7599.82
2018-03-18 23:03:00,8012.59
2018-03-18 24:03:00,8183.73
2018-03-19 01:03:00,8244.97
2018-03-19 02:03:00,8399.68
2018-03-19 03:03:00,8222.34
2018-03-19 04:03:00,8270.21
2018-03-19 05:03:00,8222.53
2018-03-19 06:03:00,8253.9
2018-03-19 07:03:00,8341.7
2018-03-19 08:03:00,8358.74
2018-03-19 09:03:00,8361.24
2018-03-19 10:03:00,8415
2018-03-19 11:03:00,8279.44
2018-03-19 12:03:00,8217.59
2018-03-19 13:03:00,8347.48
2018-03-19 14:03:00,8334.86
2018-03-19 15:03:00,8492.21
2018-03-19 16:03:00,8651.1
2018-03-19 17:03:00,8611.75
2018-03-19 18:03:00,8588.37
2018-03-19 19:03:00,8363.88
2018-03-19 20:03:00,8405.5
2018-03-19 21:03:00,8419.54
2018-03-19 22:03:00,8527.39
2018-03-19 23:03:00,8517.16
2018-03-19 24:03:00,8517.25
2018-03-20 01:03:00,8578.74
2018-03-20 02:03:00,8542.05
2018-03-20 03:03:00,8526.22
2018-03-20 04:03:00,8569.51
2018-03-20 05:03:00,8638.34
2018-03-20 06:03:00,8561.4
2018-03-20 07:03:00,8491.46
2018-03-20 08:03:00,8580.03
2018-03-20 09:03:00,8498.09
2018-03-20 10:03:00,8423.82
2018-03-20 11:03:00,8460.71
2018-03-20 12:03:00,8525.37
2018-03-20 13:03:00,8576.41
2018-03-20 14:03:00,8596.59
2018-03-20 15:03:00,8566.91
2018-03-20 16:03:00,8560.36
2018-03-20 17:03:00,8585.06
2018-03-20 18:03:00,8786.47
2018-03-20 19:03:00,8864.25
2018-03-20 20:03:00,8900.82
2018-03-20 21:03:00,8948.13
2018-03-20 22:03:00,9004.44
2018-03-20 23:03:00,8994.89
2018-03-20 24:03:00,9009.97
2018-03-21 01:03:00,8951.55
2018-03-21 02:03:00,8948.46
2018-03-21 03:03:00,9008.46
2018-03-21 04:03:00,9029.31
2018-03-21 05:03:00,9032.48
2018-03-21 06:03:00,9121.53
2018-03-21 07:03:00,9131.57
2018-03-21 08:03:00,9095.08
2018-03-21 09:03:00,9040.95
2018-03-21 10:03:00,8998.52
2018-03-21 11:03:00,9093.78
2018-03-21 12:03:00,9203.87
2018-03-21 13:03:00,9232.31
2018-03-21 14:03:00,9076.57
2018-03-21 15:03:00,9097.55
2018-03-21 16:03:00,9102.69
2018-03-21 17:03:00,9161.94
2018-03-21 18:03:00,8944.33
2018-03-21 19:03:00,8868.39
2018-03-21 20:03:00,8948.07
2018-03-21 21:03:00,8963.41
2018-03-21 22:03:00,8922.76
2018-03-21 23:03:00,9002.89
2018-03-21 24:03:00,8929.8
2018-03-22 01:03:00,8910.57
2018-03-22 02:03:00,8990.43
2018-03-22 03:03:00,9078.58
2018-03-22 04:03:00,9098.99
2018-03-22 05:03:00,9070.25
2018-03-22 06:03:00,9067.67
2018-03-22 07:03:00,9068.51
2018-03-22 08:03:00,9080.5
2018-03-22 09:03:00,9009.57
2018-03-22 10:03:00,9025.36
2018-03-22 11:03:00,8869.2
2018-03-22 12:03:00,8734.73
2018-03-22 13:03:00,8732.03
2018-03-22 14:03:00,8769.11
2018-03-22 15:03:00,8682.39
2018-03-22 16:03:00,8613.88
2018-03-22 17:03:00,8593.68
2018-03-22 18:03:00,8674.96
2018-03-22 19:03:00,8677.2
2018-03-22 20:03:00,8694.82
2018-03-22 21:03:00,8674.74
2018-03-22 22:03:00,8634.34
2018-03-22 23:03:00,8640.12
2018-03-22 24:03:00,8740.66
2018-03-23 01:03:00,8770.25
2018-03-23 02:03:00,8721.49
2018-03-23 03:03:00,8630.62
2018-03-23 04:03:00,8478.16
2018-03-23 05:03:00,8446.72
2018-03-23 06:03:00,8472.34
2018-03-23 07:03:00,8430.06
2018-03-23 08:03:00,8458.34
2018-03-23 09:03:00,8439.61
2018-03-23 10:03:00,8528.06
2018-03-23 11:03:00,8520.25
2018-03-23 12:03:00,8531.66
2018-03-23 13:03:00,8546.19
2018-03-23 14:03:00,8422.58
2018-03-23 15:03:00,8378.76
2018-03-23 16:03:00,8546.97
2018-03-23 17:03:00,8677.6
2018-03-23 18:03:00,8661.19
2018-03-23 19:03:00,8697.39
2018-03-23 20:03:00,8674.38
2018-03-23 21:03:00,8692.92
2018-03-23 22:03:00,8650.15
2018-03-23 23:03:00,8720.31
2018-03-23 24:03:00,8723.73
2018-03-24 01:03:00,8824.89
2018-03-24 02:03:00,8944.52
2018-03-24 03:03:00,8934.03
2018-03-24 04:03:00,8923.79
2018-03-24 05:03:00,8961.15
2018-03-24 06:03:00,8979.64
2018-03-24 07:03:00,8958.66
2018-03-24 08:03:00,8956.24
2018-03-24 09:03:00,9009.89
2018-03-24 10:03:00,8950.73
2018-03-24 11:03:00,8950.17
2018-03-24 12:03:00,8803.31
2018-03-24 13:03:00,8815.42
2018-03-24 14:03:00,8809.46
2018-03-24 15:03:00,8923.33
2018-03-24 16:03:00,8987.12
2018-03-24 17:03:00,9009.96
2018-03-24 18:03:00,8975.4
2018-03-24 19:03:00,8936.11
2018-03-24 20:03:00,8949.99
2018-03-24 21:03:00,8960.62
2018-03-24 22:03:00,8997.17
2018-03-24 23:03:00,8781.32
2018-03-24 24:03:00,8679.38
2018-03-25 01:03:00,8622.58
2018-03-25 02:03:00,8564.05
2018-03-25 04:03:00,8595.36
2018-03-25 05:03:00,8566.37
2018-03-25 06:03:00,8558.01
2018-03-25 07:03:00,8615.63
2018-03-25 08:03:00,8627.56
2018-03-25 09:03:00,8578.04
2018-03-25 10:03:00,8496.33
2018-03-25 11:03:00,8591.78
2018-03-25 12:03:00,8556.67
2018-03-25 13:03:00,8522.45
2018-03-25 14:03:00,8475.96
2018-03-25 15:03:00,8525.88
2018-03-25 16:03:00,8583.99
2018-03-25 17:03:00,8636.48
2018-03-25 18:03:00,8552.06
2018-03-25 19:03:00,8593.67
2018-03-25 20:03:00,8588.03
2018-03-25 21:03:00,8654.42
2018-03-25 22:03:00,8668.98
2018-03-25 23:03:00,8615.14
2018-03-25 24:03:00,8681.23
2018-03-26 01:03:00,8534.45
2018-03-26 02:03:00,8460.68
2018-03-26 03:03:00,8467.92
2018-03-26 04:03:00,8438.08
2018-03-26 05:03:00,8444.7
2018-03-26 06:03:00,8459.3
2018-03-26 07:03:00,8512.59
2018-03-26 08:03:00,8516.65
2018-03-26 09:03:00,8508.47
2018-03-26 10:03:00,8463.59
2018-03-26 11:03:00,8488.86
2018-03-26 12:03:00,8351.82
2018-03-26 13:03:00,8299.4
2018-03-26 14:03:00,8155.66
2018-03-26 15:03:00,8138.61
2018-03-26 16:03:00,8157.45
2018-03-26 17:03:00,8104.75
2018-03-26 18:03:00,8137
2018-03-26 19:03:00,8130.78
2018-03-26 20:03:00,7969.45
2018-03-26 21:03:00,7946.78
2018-03-26 22:03:00,7953.64
2018-03-26 23:03:00,7944.34
2018-03-26 24:03:00,7950.3
2018-03-27 01:03:00,8155.62
2018-03-27 02:03:00,8228.08
2018-03-27 03:03:00,8206.01
2018-03-27 04:03:00,8157.55
2018-03-27 05:03:00,7953.44
2018-03-27 06:03:00,7898.64
2018-03-27 07:03:00,7844.93
2018-03-27 08:03:00,7884.47
2018-03-27 09:03:00,7998.75
2018-03-27 10:03:00,7943.85
2018-03-27 11:03:00,7970.26
2018-03-27 12:03:00,7972.82
2018-03-27 13:03:00,8027.08
2018-03-27 14:03:00,7968.99
2018-03-27 15:03:00,7976.15
2018-03-27 16:03:00,8061.24
2018-03-27 17:03:00,8105.85
2018-03-27 18:03:00,8118.96
2018-03-27 19:03:00,8144.54
2018-03-27 20:03:00,8005.86
2018-03-27 21:03:00,7948.62
2018-03-27 22:03:00,7930.92
2018-03-27 23:03:00,7975.93
2018-03-27 24:03:00,8043.99
2018-03-28 01:03:00,8005.82
2018-03-28 02:03:00,7876.03
2018-03-28 03:03:00,7804.75
2018-03-28 04:03:00,7849.3
2018-03-28 05:03:00,7833.82
2018-03-28 06:03:00,7906.02
2018-03-28 07:03:00,7910.96
2018-03-28 08:03:00,7913.8
2018-03-28 09:03:00,7936.28
2018-03-28 10:03:00,7948.26
2018-03-28 11:03:00,7965.88
2018-03-28 12:03:00,8050.69
2018-03-28 13:03:00,8114.38
2018-03-28 14:03:00,8107.63
2018-03-28 15:03:00,8070.45
2018-03-28 16:03:00,8085.77
2018-03-28 17:03:00,7969.57
2018-03-28 18:03:00,7911.45
2018-03-28 19:03:00,7938.37
2018-03-28 20:03:00,7951.21
2018-03-28 21:03:00,7968.58
2018-03-28 22:03:00,7955.69
2018-03-28 23:03:00,7956.12
2018-03-28 24:03:00,7916.67
2018-03-29 01:03:00,7991.28
2018-03-29 02:03:00,8019.7
2018-03-29 03:03:00,7979.48
2018-03-29 04:03:00,7961.99
2018-03-29 05:03:00,7929.74
2018-03-29 06:03:00,7898.88
2018-03-29 07:03:00,7705.82
2018-03-29 08:03:00,7641.23
2018-03-29 09:03:00,7626.11
2018-03-29 10:03:00,7579.72
2018-03-29 11:03:00,7566.48
2018-03-29 12:03:00,7584.57
2018-03-29 13:03:00,7519.31
2018-03-29 14:03:00,7511.24
2018-03-29 15:03:00,7548.56
2018-03-29 16:03:00,7535.94
2018-03-29 17:03:00,7413.52
2018-03-29 18:03:00,7453.38
2018-03-29 19:03:00,7552.72
2018-03-29 20:03:00,7521.18
2018-03-29 21:03:00,7486.53
2018-03-29 22:03:00,7437.48
2018-03-29 23:03:00,7264.66
2018-03-29 24:03:00,7108.41
2018-03-30 01:03:00,7219.77
2018-03-30 02:03:00,7161.7
2018-03-30 03:03:00,6955.05
2018-03-30 04:03:00,6805.84
2018-03-30 05:03:00,6859.97
2018-03-30 06:03:00,6893.24
2018-03-30 07:03:00,6722.57
2018-03-30 08:03:00,6985.81
2018-03-30 09:03:00,7140.8
2018-03-30 10:03:00,7177.73
2018-03-30 11:03:00,7227.06
2018-03-30 12:03:00,7141.98
2018-03-30 13:03:00,7047.94
2018-03-30 14:03:00,7011.21
2018-03-30 15:03:00,7035.07
2018-03-30 16:03:00,6961.4
2018-03-30 17:03:00,6926.5
2018-03-30 18:03:00,6761.01
2018-03-30 19:03:00,6725.07
2018-03-30 20:03:00,6682.11
2018-03-30 21:03:00,6740.63
2018-03-30 22:03:00,6838.05
2018-03-30 23:03:00,6866.94
2018-03-30 24:03:00,6951.7
2018-03-31 01:03:00,6859.31
2018-03-31 02:03:00,6881.12
2018-03-31 03:03:00,7016.75
2018-03-31 04:03:00,7084.93
2018-03-31 05:03:00,7092.22
2018-03-31 06:03:00,7038.28
2018-03-31 07:03:00,7069.87
2018-03-31 08:03:00,6986.09
2018-03-31 09:03:00,6918.15
2018-03-31 10:03:00,6869.73
2018-03-31 11:03:00,6945.33
2018-03-31 12:03:00,6988.85
2018-03-31 13:03:00,7118.2
2018-03-31 14:03:00,7127.6
2018-03-31 15:03:00,7162.78
2018-03-31 16:03:00,7141.76
2018-03-31 17:03:00,7068.12
2018-03-31 18:03:00,7102.53
2018-03-31 19:03:00,7183.5
2018-03-31 20:03:00,7152.25
2018-03-31 21:03:00,7128.61
2018-03-31 22:03:00,7073.56
2018-03-31 23:03:00,6981.56
2018-03-31 24:03:00,6945.49
2018-04-01 01:04:00,6989.14
2018-04-01 02:04:00,6978.05
2018-04-01 03:04:00,7046.37
2018-04-01 04:04:00,7080.08
2018-04-01 05:04:00,7006.18
2018-04-01 06:04:00,6999.86
2018-04-01 07:04:00,7018.86
2018-04-01 08:04:00,6994.33
2018-04-01 09:04:00,6903.14
2018-04-01 10:04:00,6767.05
2018-04-01 11:04:00,6759.31
2018-04-01 12:04:00,6724.53
2018-04-01 13:04:00,6772.96
2018-04-01 14:04:00,6732.67
2018-04-01 15:04:00,6771.06
2018-04-01 16:04:00,6620.14
2018-04-01 17:04:00,6528.59
2018-04-01 18:04:00,6519.19
2018-04-01 19:04:00,6756
2018-04-01 20:04:00,6873.75
2018-04-01 21:04:00,6834.66
2018-04-01 22:04:00,6951.24
2018-04-01 23:04:00,6948.72
2018-04-01 24:04:00,6904.66
2018-04-02 01:04:00,6843.84
2018-04-02 02:04:00,6858.53
2018-04-02 03:04:00,6954.7
2018-04-02 04:04:00,7009.75
2018-04-02 05:04:00,6996.9
2018-04-02 06:04:00,7027.3
2018-04-02 07:04:00,6998.21
2018-04-02 08:04:00,6952.7
2018-04-02 09:04:00,6972.13
2018-04-02 10:04:00,7056.1
2018-04-02 11:04:00,7090.13
2018-04-02 12:04:00,7110.42
2018-04-02 13:04:00,7106.59
2018-04-02 14:04:00,7135.74
2018-04-02 15:04:00,7062.66
2018-04-02 16:04:00,7051.79
2018-04-02 17:04:00,6978.95
2018-04-02 18:04:00,7025.61
2018-04-02 19:04:00,7061.45
2018-04-02 20:04:00,7031.84
2018-04-02 21:04:00,7015.59
2018-04-02 22:04:00,7034.25
2018-04-02 23:04:00,6964.5
2018-04-02 24:04:00,7024.85
2018-04-03 01:04:00,7066.61
2018-04-03 02:04:00,7073.36
2018-04-03 03:04:00,7103.66
2018-04-03 04:04:00,7081.66
2018-04-03 05:04:00,7141.69
2018-04-03 06:04:00,7203.6
2018-04-03 07:04:00,7313.79
2018-04-03 08:04:00,7369.78
2018-04-03 09:04:00,7377.7
2018-04-03 10:04:00,7420.57
2018-04-03 11:04:00,7432.22
2018-04-03 12:04:00,7418.6
2018-04-03 13:04:00,7361.27
2018-04-03 14:04:00,7353.63
2018-04-03 15:04:00,7409.99
2018-04-03 16:04:00,7416.44
2018-04-03 17:04:00,7356.88
2018-04-03 18:04:00,7415.59
2018-04-03 19:04:00,7445.54
2018-04-03 20:04:00,7437.1
2018-04-03 21:04:00,7498.33
2018-04-03 22:04:00,7518.53
2018-04-03 23:04:00,7483.22
2018-04-03 24:04:00,7467.87
2018-04-04 01:04:00,7458.92
2018-04-04 02:04:00,7483.17
2018-04-04 03:04:00,7456.93
2018-04-04 04:04:00,7388.89
2018-04-04 05:04:00,7335.47
2018-04-04 06:04:00,7359.14
2018-04-04 07:04:00,7343.11
2018-04-04 08:04:00,7393.82
2018-04-04 09:04:00,7436.52
2018-04-04 10:04:00,7421.25
2018-04-04 11:04:00,7377.82
2018-04-04 12:04:00,7196.9
2018-04-04 13:04:00,7136.08
2018-04-04 14:04:00,7102.68
2018-04-04 15:04:00,7108.87
2018-04-04 16:04:00,7133.4
2018-04-04 17:04:00,6932.75
2018-04-04 18:04:00,6888.58
2018-04-04 19:04:00,6903.95
2018-04-04 20:04:00,6894.38
2018-04-04 21:04:00,6826.05
2018-04-04 22:04:00,6874.66
2018-04-04 23:04:00,6925.47
2018-04-04 24:04:00,6857.73
2018-04-05 01:04:00,6811.7
2018-04-05 02:04:00,6821.47
2018-04-05 03:04:00,6782.17
2018-04-05 04:04:00,6658.34
2018-04-05 05:04:00,6664.4
2018-04-05 06:04:00,6704.9
2018-04-05 07:04:00,6856.22
2018-04-05 08:04:00,6842.66
2018-04-05 09:04:00,6851.38
2018-04-05 10:04:00,6858.55
2018-04-05 11:04:00,6906.13
2018-04-05 12:04:00,6914.67
2018-04-05 13:04:00,6860.09
2018-04-05 14:04:00,6849.81
2018-04-05 15:04:00,6723.97
2018-04-05 16:04:00,6792.34
2018-04-05 17:04:00,6895.4
2018-04-05 18:04:00,6780.08
2018-04-05 19:04:00,6745.21
2018-04-05 20:04:00,6777.6
2018-04-05 21:04:00,6758.3
2018-04-05 22:04:00,6804.18
2018-04-05 23:04:00,6804.51
2018-04-05 24:04:00,6768.75
2018-04-06 01:04:00,6834.74
2018-04-06 02:04:00,6847.65
2018-04-06 03:04:00,6864.51
2018-04-06 04:04:00,6841.55
2018-04-06 05:04:00,6801.5
2018-04-06 06:04:00,6822.49
2018-04-06 07:04:00,6837.88
2018-04-06 08:04:00,6838.07
2018-04-06 09:04:00,6626.19
2018-04-06 10:04:00,6616.08
2018-04-06 11:04:00,6637.75
2018-04-06 12:04:00,6634.09
2018-04-06 13:04:00,6593.2
2018-04-06 14:04:00,6640.65
2018-04-06 15:04:00,6640.14
2018-04-06 16:04:00,6638.11
2018-04-06 17:04:00,6647.89
2018-04-06 18:04:00,6638.14
2018-04-06 19:04:00,6640.13
2018-04-06 20:04:00,6640.66
2018-04-06 21:04:00,6650.82
2018-04-06 22:04:00,6644.49
2018-04-06 23:04:00,6644.28
2018-04-06 24:04:00,6665.15
2018-04-07 01:04:00,6636.34
2018-04-07 02:04:00,6624.64
2018-04-07 03:04:00,6675.81
2018-04-07 04:04:00,6835.18
2018-04-07 05:04:00,6890.8
2018-04-07 06:04:00,6921.74
2018-04-07 07:04:00,6910.2
2018-04-07 08:04:00,6918.35
2018-04-07 09:04:00,6962.74
2018-04-07 10:04:00,6916.23
2018-04-07 11:04:00,6941.84
2018-04-07 12:04:00,6906.85
2018-04-07 13:04:00,6946.66
2018-04-07 14:04:00,6964.63
2018-04-07 15:04:00,6946.08
2018-04-07 16:04:00,6877.97
2018-04-07 17:04:00,6924.57
2018-04-07 18:04:00,6999.54
2018-04-07 19:04:00,7073.08
2018-04-07 20:04:00,7053.51
2018-04-07 21:04:00,7038.39
2018-04-07 22:04:00,7054.6
2018-04-07 23:04:00,7050.17
2018-04-07 24:04:00,7032.7
2018-04-08 01:04:00,7025.71
2018-04-08 02:04:00,6940.96
2018-04-08 03:04:00,7000.79
2018-04-08 04:04:00,7002.55
2018-04-08 05:04:00,7036.35
2018-04-08 06:04:00,7036.76
2018-04-08 07:04:00,7039.49
2018-04-08 08:04:00,7022.29
2018-04-08 09:04:00,7001.16
2018-04-08 10:04:00,7013.78
2018-04-08 11:04:00,7048.67
2018-04-08 12:04:00,7053.24
2018-04-08 13:04:00,7070.66
2018-04-08 14:04:00,7093.66
2018-04-08 15:04:00,7134.87
2018-04-08 16:04:00,7127.58
2018-04-08 17:04:00,7097.35
2018-04-08 18:04:00,7107.94
2018-04-08 19:04:00,7053.45
2018-04-08 20:04:00,7022.82
2018-04-08 21:04:00,7017.44
2018-04-08 22:04:00,7043.17
2018-04-08 23:04:00,7011.45
2018-04-08 24:04:00,7015.9
2018-04-09 01:04:00,7053.93
2018-04-09 02:04:00,7055.74
2018-04-09 03:04:00,7099.86
2018-04-09 04:04:00,7121.66
2018-04-09 05:04:00,7183.54
2018-04-09 06:04:00,7115.91
2018-04-09 07:04:00,7161.05
2018-04-09 08:04:00,7186.94
2018-04-09 09:04:00,7167.46
2018-04-09 10:04:00,7197.18
2018-04-09 11:04:00,7197.87
2018-04-09 12:04:00,7155.59
2018-04-09 13:04:00,6883.2
2018-04-09 14:04:00,6773.93
2018-04-09 15:04:00,6773.82
2018-04-09 16:04:00,6783.52
2018-04-09 17:04:00,6743.99
2018-04-09 18:04:00,6777.38
2018-04-09 19:04:00,6774.16
2018-04-09 20:04:00,6806.21
2018-04-09 21:04:00,6807.72
2018-04-09 22:04:00,6707.94
2018-04-09 23:04:00,6659.89
2018-04-09 24:04:00,6746.56
2018-04-10 01:04:00,6767.39
2018-04-10 02:04:00,6808.06
2018-04-10 03:04:00,6852.48
2018-04-10 04:04:00,6807.27
2018-04-10 05:04:00,6815.76
2018-04-10 06:04:00,6822.79
2018-04-10 07:04:00,6842.63
2018-04-10 08:04:00,6810.18
2018-04-10 09:04:00,6792.12
2018-04-10 10:04:00,6801.76
2018-04-10 11:04:00,6771.45
2018-04-10 12:04:00,6814.42
2018-04-10 13:04:00,6824.87
2018-04-10 14:04:00,6781.87
2018-04-10 15:04:00,6841.5
2018-04-10 16:04:00,6819.83
2018-04-10 17:04:00,6826.17
2018-04-10 18:04:00,6861.12
2018-04-10 19:04:00,6865.18
2018-04-10 20:04:00,6889.62
2018-04-10 21:04:00,6900.1
2018-04-10 22:04:00,6905.74
2018-04-10 23:04:00,6880.15
2018-04-10 24:04:00,6899.34
2018-04-11 01:04:00,6871.9
2018-04-11 02:04:00,6858.33
2018-04-11 03:04:00,6884.19
2018-04-11 04:04:00,6895.91
2018-04-11 05:04:00,6902.04
2018-04-11 06:04:00,6880.2
2018-04-11 07:04:00,6885.88
2018-04-11 08:04:00,6903.08
2018-04-11 09:04:00,6883.61
2018-04-11 10:04:00,6903.98
2018-04-11 11:04:00,6920.11
2018-04-11 12:04:00,6995.78
2018-04-11 13:04:00,6902.45
2018-04-11 14:04:00,6897.38
2018-04-11 15:04:00,6915.97
2018-04-11 16:04:00,6967.91
2018-04-11 17:04:00,6986.81
2018-04-11 18:04:00,6981.4
2018-04-11 19:04:00,6958.27
2018-04-11 20:04:00,6971.04
2018-04-11 21:04:00,6959.26
2018-04-11 22:04:00,6957.61
2018-04-11 23:04:00,6946.11
2018-04-11 24:04:00,6990.7
2018-04-12 01:04:00,7014.97
2018-04-12 02:04:00,6976.82
2018-04-12 03:04:00,6980.53
2018-04-12 04:04:00,6959.89
2018-04-12 05:04:00,6981.4
2018-04-12 06:04:00,6988.99
2018-04-12 07:04:00,6992.48
2018-04-12 08:04:00,6984.99
2018-04-12 09:04:00,6883
2018-04-12 10:04:00,6850.24
2018-04-12 11:04:00,6879.16
2018-04-12 12:04:00,6896.58
2018-04-12 13:04:00,6952.85
2018-04-12 14:04:00,7625.16
2018-04-12 15:04:00,7751.9
2018-04-12 16:04:00,7737.09
2018-04-12 17:04:00,7723.06
2018-04-12 18:04:00,7688.08
2018-04-12 19:04:00,7647.72
2018-04-12 20:04:00,7733.93
2018-04-12 21:04:00,7727.93
2018-04-12 22:04:00,7747.31
2018-04-12 23:04:00,7761.95
2018-04-12 24:04:00,7861.55
2018-04-13 01:04:00,7854.63
2018-04-13 02:04:00,7950.17
2018-04-13 03:04:00,7966.98
2018-04-13 04:04:00,7863.3
2018-04-13 05:04:00,7897.98
2018-04-13 06:04:00,7900.56
2018-04-13 07:04:00,7861.47
2018-04-13 08:04:00,7849.41
2018-04-13 09:04:00,7880.79
2018-04-13 10:04:00,8025.78
2018-04-13 11:04:00,8145.86
2018-04-13 12:04:00,8146.62
2018-04-13 13:04:00,8105.46
2018-04-13 14:04:00,8150.33
2018-04-13 15:04:00,8194.14
2018-04-13 16:04:00,8160.03
2018-04-13 17:04:00,8113.48
2018-04-13 18:04:00,8140.2
2018-04-13 19:04:00,8172.26
2018-04-13 20:04:00,8150.9
2018-04-13 21:04:00,8157.68
2018-04-13 22:04:00,8147.13
2018-04-13 23:04:00,7967.46
2018-04-13 24:04:00,7923.24
2018-04-14 01:04:00,7887.51
2018-04-14 02:04:00,7963.89
2018-04-14 03:04:00,7926.34
2018-04-14 04:04:00,8046.5
2018-04-14 05:04:00,8089.46
2018-04-14 06:04:00,8080.6
2018-04-14 07:04:00,8041.59
2018-04-14 08:04:00,8040.42
2018-04-14 09:04:00,8080.24
2018-04-14 10:04:00,8156.49
2018-04-14 11:04:00,8168.4
2018-04-14 12:04:00,8072.23
2018-04-14 13:04:00,8032
2018-04-14 14:04:00,8032.86
2018-04-14 15:04:00,7955.33
2018-04-14 16:04:00,7986.8
2018-04-14 17:04:00,8007.1
2018-04-14 18:04:00,8011.24
2018-04-14 19:04:00,8022.33
2018-04-14 20:04:00,8059.63
2018-04-14 21:04:00,8043.57
2018-04-14 22:04:00,8116.9
2018-04-14 23:04:00,8126.97
2018-04-14 24:04:00,8112.8
2018-04-15 01:04:00,8121.21
2018-04-15 02:04:00,8056.34
2018-04-15 03:04:00,8121.52
2018-04-15 04:04:00,8126.79
2018-04-15 05:04:00,8151.34
2018-04-15 06:04:00,8140.78
2018-04-15 07:04:00,8179.61
2018-04-15 08:04:00,8135.34
2018-04-15 09:04:00,8168.71
2018-04-15 10:04:00,8143.41
2018-04-15 11:04:00,8185.39
2018-04-15 12:04:00,8154.77
2018-04-15 13:04:00,8188.3
2018-04-15 14:04:00,8363.59
2018-04-15 15:04:00,8374.29
2018-04-15 16:04:00,8409.25
2018-04-15 17:04:00,8411.97
2018-04-15 18:04:00,8362.22
2018-04-15 19:04:00,8337.94
2018-04-15 20:04:00,8353.38
2018-04-15 21:04:00,8383.33
2018-04-15 22:04:00,8355.63
2018-04-15 23:04:00,8362.52
2018-04-15 24:04:00,8354.87
2018-04-16 01:04:00,8388.56
2018-04-16 02:04:00,8425.94
2018-04-16 03:04:00,8437.22
2018-04-16 04:04:00,8408.53
2018-04-16 05:04:00,8203.93
2018-04-16 06:04:00,8187.71
2018-04-16 07:04:00,8191.6
2018-04-16 08:04:00,8108.34
2018-04-16 09:04:00,8121.96
2018-04-16 10:04:00,8174.14
2018-04-16 11:04:00,8199.96
2018-04-16 12:04:00,8130.36
2018-04-16 13:04:00,8138.91
2018-04-16 14:04:00,8127.4
2018-04-16 15:04:00,8041.78
2018-04-16 16:04:00,7988.25
2018-04-16 17:04:00,8007.99
2018-04-16 18:04:00,8038.35
2018-04-16 19:04:00,8006.28
2018-04-16 20:04:00,8069.75
2018-04-16 21:04:00,8079.55
2018-04-16 22:04:00,8062.16
2018-04-16 23:04:00,8033.91
2018-04-16 24:04:00,8070.61
2018-04-17 01:04:00,8096.38
2018-04-17 02:04:00,8107.68
2018-04-17 03:04:00,8084.98
2018-04-17 04:04:00,8097.52
2018-04-17 05:04:00,8074.43
2018-04-17 06:04:00,8098.41
2018-04-17 07:04:00,8090.05
2018-04-17 08:04:00,8095.95
2018-04-17 09:04:00,8086.48
2018-04-17 10:04:00,8161.77
2018-04-17 11:04:00,8194.94
2018-04-17 12:04:00,8207.23
2018-04-17 13:04:00,8160.1
2018-04-17 14:04:00,8177.27
2018-04-17 15:04:00,8190.62
2018-04-17 16:04:00,8153.96
2018-04-17 17:04:00,8201.59
2018-04-17 18:04:00,8161.82
2018-04-17 19:04:00,8164.2
2018-04-17 20:04:00,8167.32
2018-04-17 21:04:00,8030.67
2018-04-17 22:04:00,7925.73
2018-04-17 23:04:00,7919.16
2018-04-17 24:04:00,7977.16
2018-04-18 01:04:00,7993.02
2018-04-18 02:04:00,7956.35
2018-04-18 03:04:00,7987.27
2018-04-18 04:04:00,8015.06
2018-04-18 05:04:00,8009.3
2018-04-18 06:04:00,7992.56
2018-04-18 07:04:00,8004.22
2018-04-18 08:04:00,7996.14
2018-04-18 09:04:00,8065.37
2018-04-18 10:04:00,8165.93
2018-04-18 11:04:00,8148.01
2018-04-18 12:04:00,8164.04
2018-04-18 13:04:00,8179.77
2018-04-18 14:04:00,8147.3
2018-04-18 15:04:00,8161.07
2018-04-18 16:04:00,8160.56
2018-04-18 17:04:00,8075.59
2018-04-18 18:04:00,8029.43
2018-04-18 19:04:00,8153.77
2018-04-18 20:04:00,8155.33
2018-04-18 21:04:00,8173.53
2018-04-18 22:04:00,8159.36
2018-04-18 23:04:00,8215.91
2018-04-18 24:04:00,8279.77
2018-04-19 01:04:00,8222.61
2018-04-19 02:04:00,8210.58
2018-04-19 03:04:00,8200.81
2018-04-19 04:04:00,8195.2
2018-04-19 05:04:00,8261.73
2018-04-19 06:04:00,8234.45
2018-04-19 07:04:00,8225.12
2018-04-19 08:04:00,8295.58
2018-04-19 09:04:00,8259.11
2018-04-19 10:04:00,8224.36
2018-04-19 11:04:00,8251.69
2018-04-19 12:04:00,8265.12
2018-04-19 13:04:00,8287.74
2018-04-19 14:04:00,8278.63
2018-04-19 15:04:00,8279.96
2018-04-19 16:04:00,8311.59
2018-04-19 17:04:00,8259.83
2018-04-19 18:04:00,8298.04
2018-04-19 19:04:00,8298.97
2018-04-19 20:04:00,8301.16
2018-04-19 21:04:00,8321.37
2018-04-19 22:04:00,8283
2018-04-19 23:04:00,8296.97
2018-04-19 24:04:00,8314.33
2018-04-20 01:04:00,8330.65
2018-04-20 02:04:00,8320.95
2018-04-20 03:04:00,8379.78
2018-04-20 04:04:00,8389.2
2018-04-20 05:04:00,8391.89
2018-04-20 06:04:00,8394
2018-04-20 07:04:00,8341.36
2018-04-20 08:04:00,8309.37
2018-04-20 09:04:00,8326.79
2018-04-20 10:04:00,8363.49
2018-04-20 11:04:00,8392.17
2018-04-20 12:04:00,8377.73
2018-04-20 13:04:00,8482.19
2018-04-20 14:04:00,8552.51
2018-04-20 15:04:00,8575.59
2018-04-20 16:04:00,8551.87
2018-04-20 17:04:00,8547.63
2018-04-20 18:04:00,8507.82
2018-04-20 19:04:00,8540.04
2018-04-20 20:04:00,8553.3
2018-04-20 21:04:00,8555.8
2018-04-20 22:04:00,8578.44
2018-04-20 23:04:00,8556.61
2018-04-20 24:04:00,8559.35
2018-04-21 01:04:00,8797.98
2018-04-21 02:04:00,8888.73
2018-04-21 03:04:00,8874.99
2018-04-21 04:04:00,8849.03
2018-04-21 05:04:00,8888.04
2018-04-21 06:04:00,8913.1
2018-04-21 07:04:00,8928.36
2018-04-21 08:04:00,8912.27
2018-04-21 09:04:00,8955.74
2018-04-21 10:04:00,8990.07
2018-04-21 11:04:00,8850.8
2018-04-21 12:04:00,8779.66
2018-04-21 13:04:00,8772.45
2018-04-21 14:04:00,8712.68
2018-04-21 15:04:00,8786.96
2018-04-21 16:04:00,8803.26
2018-04-21 17:04:00,8821.11
2018-04-21 18:04:00,8847.28
2018-04-21 19:04:00,8857.6
2018-04-21 20:04:00,8829.89
2018-04-21 21:04:00,8829.87
2018-04-21 22:04:00,8838.16
2018-04-21 23:04:00,8806.01
2018-04-21 24:04:00,8841.13
2018-04-22 01:04:00,8909.15
2018-04-22 02:04:00,8919.29
2018-04-22 03:04:00,8909.4
2018-04-22 04:04:00,8862.43
2018-04-22 05:04:00,8901.79
2018-04-22 06:04:00,8900.05
2018-04-22 07:04:00,8878.08
2018-04-22 08:04:00,8929.1
2018-04-22 09:04:00,9011.37
2018-04-22 10:04:00,8926.17
2018-04-22 11:04:00,8965.51
2018-04-22 12:04:00,9028.89
2018-04-22 13:04:00,8996.06
2018-04-22 14:04:00,9021.83
2018-04-22 15:04:00,8894.62
2018-04-22 16:04:00,8946.29
2018-04-22 17:04:00,8990.16
2018-04-22 18:04:00,9022.25
2018-04-22 19:04:00,8960.43
2018-04-22 20:04:00,9005.28
2018-04-22 21:04:00,9032.24
2018-04-22 22:04:00,8957.87
2018-04-22 23:04:00,8939.18
2018-04-22 24:04:00,8978.8
2018-04-23 01:04:00,8931.79
2018-04-23 02:04:00,8837.09
2018-04-23 03:04:00,8886.51
2018-04-23 04:04:00,8871.68
2018-04-23 05:04:00,8916.25
2018-04-23 06:04:00,8917.63
2018-04-23 07:04:00,8930.44
2018-04-23 08:04:00,8912.1
2018-04-23 09:04:00,8936
2018-04-23 10:04:00,8983.91
2018-04-23 11:04:00,8990.01
2018-04-23 12:04:00,8935.24
2018-04-23 13:04:00,8954.58
2018-04-23 14:04:00,8968.24
2018-04-23 15:04:00,8991.92
2018-04-23 16:04:00,8997.24
2018-04-23 17:04:00,8937.34
2018-04-23 18:04:00,8972.46
2018-04-23 19:04:00,8999.51
2018-04-23 20:04:00,8952.13
2018-04-23 21:04:00,8963.28
2018-04-23 22:04:00,8881.29
2018-04-23 23:04:00,8935.69
2018-04-23 24:04:00,8991.87
2018-04-24 01:04:00,8998.92
2018-04-24 02:04:00,8981.02
2018-04-24 03:04:00,9144.67
2018-04-24 04:04:00,9196.65
2018-04-24 05:04:00,9226.67
2018-04-24 06:04:00,9232.09
2018-04-24 07:04:00,9262.7
2018-04-24 08:04:00,9299.55
2018-04-24 09:04:00,9295.52
2018-04-24 10:04:00,9284.82
2018-04-24 11:04:00,9333.01
2018-04-24 12:04:00,9298.52
2018-04-24 13:04:00,9344.71
2018-04-24 14:04:00,9360.34
2018-04-24 15:04:00,9373.13
2018-04-24 16:04:00,9359.63
2018-04-24 17:04:00,9305.4
2018-04-24 18:04:00,9378.81
2018-04-24 19:04:00,9402.22
2018-04-24 20:04:00,9415.6
2018-04-24 21:04:00,9421.81
2018-04-24 22:04:00,9404.3
2018-04-24 23:04:00,9477.23
2018-04-24 24:04:00,9527.73
2018-04-25 01:04:00,9548.11
2018-04-25 02:04:00,9678.54
2018-04-25 03:04:00,9613.11
2018-04-25 04:04:00,9634.46
2018-04-25 05:04:00,9743.47
2018-04-25 06:04:00,9593.43
2018-04-25 07:04:00,9397.28
2018-04-25 08:04:00,9405.11
2018-04-25 09:04:00,9482.14
2018-04-25 10:04:00,9459.57
2018-04-25 11:04:00,9426.63
2018-04-25 12:04:00,9344.75
2018-04-25 13:04:00,9211.24
2018-04-25 14:04:00,9147.13
2018-04-25 15:04:00,9199.12
2018-04-25 16:04:00,9085.81
2018-04-25 17:04:00,8901.31
2018-04-25 18:04:00,8957.67
2018-04-25 19:04:00,8935.2
2018-04-25 20:04:00,9046.75
2018-04-25 21:04:00,9027.19
2018-04-25 22:04:00,9004.38
2018-04-25 23:04:00,9088.62
2018-04-25 24:04:00,9158.2
2018-04-26 01:04:00,9106.12
2018-04-26 02:04:00,8901
2018-04-26 03:04:00,8768.15
2018-04-26 04:04:00,8835.23
2018-04-26 05:04:00,8890.97
2018-04-26 06:04:00,8878.52
2018-04-26 07:04:00,8944.83
2018-04-26 08:04:00,8966.81
2018-04-26 09:04:00,8902.87
2018-04-26 10:04:00,8900.02
2018-04-26 11:04:00,8791.63
2018-04-26 12:04:00,8765.24
2018-04-26 13:04:00,8856.27
2018-04-26 14:04:00,8909.79
2018-04-26 15:04:00,8963.29
2018-04-26 16:04:00,8894.75
2018-04-26 17:04:00,8830.16
2018-04-26 18:04:00,8858.89
2018-04-26 19:04:00,8880.92
2018-04-26 20:04:00,8928.54
2018-04-26 21:04:00,8899.03
2018-04-26 22:04:00,8895.35
2018-04-26 23:04:00,9080.82
2018-04-26 24:04:00,9152.67
2018-04-27 01:04:00,9206.24
2018-04-27 02:04:00,9297.7
2018-04-27 03:04:00,9270.88
2018-04-27 04:04:00,9299.94
2018-04-27 05:04:00,9300.84
2018-04-27 06:04:00,9247.08
2018-04-27 07:04:00,9234.55
2018-04-27 08:04:00,9242.6
2018-04-27 09:04:00,9285.66
2018-04-27 10:04:00,9264.3
2018-04-27 11:04:00,9311.58
2018-04-27 12:04:00,9356.91
2018-04-27 13:04:00,9407.45
2018-04-27 14:04:00,9354.92
2018-04-27 15:04:00,9344.67
2018-04-27 16:04:00,9256.12
2018-04-27 17:04:00,9288.84
2018-04-27 18:04:00,9280.09
2018-04-27 19:04:00,9306.71
2018-04-27 20:04:00,9320.52
2018-04-27 21:04:00,9300.22
2018-04-27 22:04:00,9194.36
2018-04-27 23:04:00,9080
2018-04-27 24:04:00,9044.22
2018-04-28 01:04:00,9096.43
2018-04-28 02:04:00,9024.03
2018-04-28 03:04:00,8997.82
2018-04-28 04:04:00,9095
2018-04-28 05:04:00,9126.17
2018-04-28 06:04:00,9165.38
2018-04-28 07:04:00,9185.18
2018-04-28 08:04:00,9185.47
2018-04-28 09:04:00,9207.31
2018-04-28 10:04:00,9164.49
2018-04-28 11:04:00,9269.38
2018-04-28 12:04:00,9258.35
2018-04-28 13:04:00,9335.44
2018-04-28 14:04:00,9242.54
2018-04-28 15:04:00,9358.61
2018-04-28 16:04:00,9404.47
2018-04-28 17:04:00,9356.39
2018-04-28 18:04:00,9329.09
2018-04-28 19:04:00,9351.72
2018-04-28 20:04:00,9352.3
2018-04-28 21:04:00,9395.37
2018-04-28 22:04:00,9417.9
2018-04-28 23:04:00,9414.38
2018-04-28 24:04:00,9321.73
2018-04-29 01:04:00,9374.11
2018-04-29 02:04:00,9395.87
2018-04-29 03:04:00,9418.18
2018-04-29 04:04:00,9471.81
2018-04-29 05:04:00,9517.2
2018-04-29 06:04:00,9489.42
2018-04-29 07:04:00,9513.09
2018-04-29 08:04:00,9447.17
2018-04-29 09:04:00,9501.86
2018-04-29 10:04:00,9494.49
2018-04-29 11:04:00,9400.53
2018-04-29 12:04:00,9314.33
2018-04-29 13:04:00,9273.96
2018-04-29 14:04:00,9264.84
2018-04-29 15:04:00,9289.57
2018-04-29 16:04:00,9314.92
2018-04-29 17:04:00,9366.22
2018-04-29 18:04:00,9336.14
2018-04-29 19:04:00,9382.65
2018-04-29 20:04:00,9321.62
2018-04-29 21:04:00,9380.17
2018-04-29 22:04:00,9359.26
2018-04-29 23:04:00,9348.8
2018-04-29 24:04:00,9370.87
2018-04-30 01:04:00,9412.48
2018-04-30 02:04:00,9426.7
2018-04-30 03:04:00,9412.93
2018-04-30 04:04:00,9425.52
2018-04-30 05:04:00,9440.7
2018-04-30 06:04:00,9385.6
2018-04-30 07:04:00,9340.23
2018-04-30 08:04:00,9355.81
2018-04-30 09:04:00,9331.05
2018-04-30 10:04:00,9266.69
2018-04-30 11:04:00,9191.01
2018-04-30 12:04:00,9234.29
2018-04-30 13:04:00,9265.95
2018-04-30 14:04:00,9300.58
2018-04-30 15:04:00,9326.82
2018-04-30 16:04:00,9320.62
2018-04-30 17:04:00,9302.28
2018-04-30 18:04:00,9304.81
2018-04-30 19:04:00,9337.46
2018-04-30 20:04:00,9342.03
2018-04-30 21:04:00,9386.24
2018-04-30 22:04:00,9358.84
2018-04-30 23:04:00,9342.94
2018-04-30 24:04:00,9280.22
2018-04-29 01:04:00,9374.11
2018-04-29 02:04:00,9395.87
2018-04-29 03:04:00,9418.18
2018-04-29 04:04:00,9471.81
2018-04-29 05:04:00,9517.2
2018-04-29 06:04:00,9489.42
2018-04-29 07:04:00,9513.09
2018-04-29 08:04:00,9447.17
2018-04-29 09:04:00,9501.86
2018-04-29 10:04:00,9494.49
2018-04-29 11:04:00,9400.53
2018-04-29 12:04:00,9314.33
2018-04-29 13:04:00,9273.96
2018-04-29 14:04:00,9264.84
2018-04-29 15:04:00,9289.57
2018-04-29 16:04:00,9314.92
2018-04-29 17:04:00,9366.22
2018-04-29 18:04:00,9336.14
2018-04-29 19:04:00,9382.65
2018-04-29 20:04:00,9321.62
2018-04-29 21:04:00,9380.17
2018-04-29 22:04:00,9359.26
2018-04-29 23:04:00,9348.8
2018-04-29 24:04:00,9370.87
2018-04-30 01:04:00,9412.48
2018-04-30 02:04:00,9426.7
2018-04-30 03:04:00,9412.93
2018-04-30 04:04:00,9425.52
2018-04-30 05:04:00,9440.7
2018-04-30 06:04:00,9385.6
2018-04-30 07:04:00,9340.23
2018-04-30 08:04:00,9355.81
2018-04-30 09:04:00,9331.05
2018-04-30 10:04:00,9266.69
2018-04-30 11:04:00,9191.01
2018-04-30 12:04:00,9234.29
2018-04-30 13:04:00,9265.95
2018-04-30 14:04:00,9300.58
2018-04-30 15:04:00,9326.82
2018-04-30 16:04:00,9320.62
2018-04-30 17:04:00,9302.28
2018-04-30 18:04:00,9304.81
2018-04-30 19:04:00,9337.46
2018-04-30 20:04:00,9342.03
2018-04-30 21:04:00,9386.24
2018-04-30 22:04:00,9358.84
2018-04-30 23:04:00,9342.94
2018-04-30 24:04:00,9280.22
2018-05-01 01:05:00,9256.31
2018-05-01 02:05:00,9255.88
2018-05-01 03:05:00,9093.93
2018-05-01 04:05:00,8986.86
2018-05-01 05:05:00,9025.73
2018-05-01 06:05:00,9008.03
2018-05-01 07:05:00,9032.94
2018-05-01 08:05:00,8983.64
2018-05-01 09:05:00,9045.78
2018-05-01 10:05:00,9041.79
2018-05-01 11:05:00,9071.41
2018-05-01 12:05:00,9088.32
2018-05-01 13:05:00,9098.95
2018-05-01 14:05:00,9068.51
2018-05-01 15:05:00,8946.66
2018-05-01 16:05:00,8941.91
2018-05-01 17:05:00,8968.37
2018-05-01 18:05:00,8965.59
2018-05-01 19:05:00,9005.49
2018-05-01 20:05:00,9053.76
2018-05-01 21:05:00,9006.73
2018-05-01 22:05:00,9040.84
2018-05-01 23:05:00,9041.3
2018-05-01 24:05:00,9105.83
2018-05-02 01:05:00,9104.3
2018-05-02 02:05:00,9096.83
2018-05-02 03:05:00,9091.12
2018-05-02 04:05:00,9028.52
2018-05-02 05:05:00,9070.21
2018-05-02 06:05:00,9060.76
2018-05-02 07:05:00,9139.67
2018-05-02 08:05:00,9128.89
2018-05-02 09:05:00,9146.84
2018-05-02 10:05:00,9183.3
2018-05-02 11:05:00,9171.95
2018-05-02 12:05:00,9161.64
2018-05-02 13:05:00,9196.39
2018-05-02 14:05:00,9208.2
2018-05-02 15:05:00,9139.03
2018-05-02 16:05:00,9080.23
2018-05-02 17:05:00,9075.35
2018-05-02 18:05:00,9165.63
2018-05-02 19:05:00,9181.1
2018-05-02 20:05:00,9154.79
2018-05-02 21:05:00,9146.33
2018-05-02 22:05:00,9126.24
2018-05-02 23:05:00,9173.23
2018-05-02 24:05:00,9251.21
2018-05-03 01:05:00,9265.52
2018-05-03 02:05:00,9243.82
2018-05-03 03:05:00,9225.25
2018-05-03 04:05:00,9244.44
2018-05-03 05:05:00,9248.86
2018-05-03 06:05:00,9254.81
2018-05-03 07:05:00,9278.77
2018-05-03 08:05:00,9231.3
2018-05-03 09:05:00,9209.93
2018-05-03 10:05:00,9232.66
2018-05-03 11:05:00,9229.24
2018-05-03 12:05:00,9209.08
2018-05-03 13:05:00,9233.87
2018-05-03 14:05:00,9201.9
2018-05-03 15:05:00,9290.01
2018-05-03 16:05:00,9368.55
2018-05-03 17:05:00,9447.28
2018-05-03 18:05:00,9422.67
2018-05-03 19:05:00,9495.67
2018-05-03 20:05:00,9612.57
2018-05-03 21:05:00,9690.67
2018-05-03 22:05:00,9662.17
2018-05-03 23:05:00,9641.01
2018-05-03 24:05:00,9671.32
2018-05-04 01:05:00,9665.92
2018-05-04 02:05:00,9780.71
2018-05-04 03:05:00,9607.93
2018-05-04 04:05:00,9634.63
2018-05-04 05:05:00,9637.3
2018-05-04 06:05:00,9598.99
2018-05-04 07:05:00,9626.6
2018-05-04 08:05:00,9623.59
2018-05-04 09:05:00,9650.82
2018-05-04 10:05:00,9683.79
2018-05-04 11:05:00,9746.32
2018-05-04 12:05:00,9708.53
2018-05-04 13:05:00,9718.29
2018-05-04 14:05:00,9704.76
2018-05-04 15:05:00,9732.43
2018-05-04 16:05:00,9677.5
2018-05-04 17:05:00,9664.32
2018-05-04 18:05:00,9626.87
2018-05-04 19:05:00,9623.74
2018-05-04 20:05:00,9677.03
2018-05-04 21:05:00,9645.82
2018-05-04 22:05:00,9658.54
2018-05-04 23:05:00,9683.41
2018-05-04 24:05:00,9722.28
2018-05-05 01:05:00,9731.71
2018-05-05 02:05:00,9722.93
2018-05-05 03:05:00,9741.57
2018-05-05 04:05:00,9755.26
2018-05-05 05:05:00,9836.23
2018-05-05 06:05:00,9818.67
2018-05-05 07:05:00,9854.97
2018-05-05 08:05:00,9851.82
2018-05-05 09:05:00,9844.58
2018-05-05 10:05:00,9767.98
2018-05-05 11:05:00,9853.3
2018-05-05 12:05:00,9865.67
2018-05-05 13:05:00,9932.84
2018-05-05 14:05:00,9907.58
2018-05-05 15:05:00,9926.23
2018-05-05 16:05:00,9954.31
2018-05-05 17:05:00,9949.6
2018-05-05 18:05:00,9951.61
2018-05-05 19:05:00,9926.56
2018-05-05 20:05:00,9940.32
2018-05-05 21:05:00,9852.25
2018-05-05 22:05:00,9881.54
2018-05-05 23:05:00,9827.2
2018-05-05 24:05:00,9787.48
2018-05-06 01:05:00,9835.75
2018-05-06 02:05:00,9853.98
2018-05-06 03:05:00,9911.16
2018-05-06 04:05:00,9930.94
2018-05-06 05:05:00,9896.29
2018-05-06 06:05:00,9915.18
2018-05-06 07:05:00,9898.3
2018-05-06 08:05:00,9812.55
2018-05-06 09:05:00,9704.39
2018-05-06 10:05:00,9723.58
2018-05-06 11:05:00,9634.53
2018-05-06 12:05:00,9592.38
2018-05-06 13:05:00,9650.92
2018-05-06 14:05:00,9566.22
2018-05-06 15:05:00,9533.93
2018-05-06 16:05:00,9599.73
2018-05-06 17:05:00,9596.26
2018-05-06 18:05:00,9568.51
2018-05-06 19:05:00,9587.87
2018-05-06 20:05:00,9626.67
2018-05-06 21:05:00,9620.64
2018-05-06 22:05:00,9579.98
2018-05-06 23:05:00,9578.14
2018-05-06 24:05:00,9584.84
2018-05-07 01:05:00,9656.73
2018-05-07 02:05:00,9641.6
2018-05-07 03:05:00,9594.32
2018-05-07 04:05:00,9393.18
2018-05-07 05:05:00,9343.08
2018-05-07 06:05:00,9325.42
2018-05-07 07:05:00,9401.19
2018-05-07 08:05:00,9374.44
2018-05-07 09:05:00,9398.87
2018-05-07 10:05:00,9340.83
2018-05-07 11:05:00,9382.27
2018-05-07 12:05:00,9342.58
2018-05-07 13:05:00,9355.79
2018-05-07 14:05:00,9352.35
2018-05-07 15:05:00,9375.75
2018-05-07 16:05:00,9334.61
2018-05-07 17:05:00,9263.34
2018-05-07 18:05:00,9368.95
2018-05-07 19:05:00,9399.46
2018-05-07 20:05:00,9408.73
2018-05-07 21:05:00,9464.12
2018-05-07 22:05:00,9457.37
2018-05-07 23:05:00,9459.27
2018-05-07 24:05:00,9490.94
2018-05-08 01:05:00,9360.47
2018-05-08 02:05:00,9377.51
2018-05-08 03:05:00,9415.05
2018-05-08 04:05:00,9454.5
2018-05-08 05:05:00,9472.07
2018-05-08 06:05:00,9461.9
2018-05-08 07:05:00,9480.51
2018-05-08 08:05:00,9397.72
2018-05-08 09:05:00,9382.18
2018-05-08 10:05:00,9389.2
2018-05-08 11:05:00,9426.74
2018-05-08 12:05:00,9322.28
2018-05-08 13:05:00,9337.56
2018-05-08 14:05:00,9255.82
2018-05-08 15:05:00,9133.84
2018-05-08 16:05:00,9178.12
2018-05-08 17:05:00,9170.03
2018-05-08 18:05:00,9165.64
2018-05-08 19:05:00,9168.12
2018-05-08 20:05:00,9179.58
2018-05-08 21:05:00,9199.33
2018-05-08 22:05:00,9260.44
2018-05-08 23:05:00,9246.9
2018-05-08 24:05:00,9237.93
2018-05-09 01:05:00,9266.18
2018-05-09 02:05:00,9256.77
2018-05-09 03:05:00,9193.4
2018-05-09 04:05:00,9197.45
2018-05-09 05:05:00,9140.36
2018-05-09 06:05:00,9066.53
2018-05-09 07:05:00,9048.7
2018-05-09 08:05:00,9056.45
2018-05-09 09:05:00,9104.81
2018-05-09 10:05:00,9121.11
2018-05-09 11:05:00,9132.21
2018-05-09 12:05:00,9142.62
2018-05-09 13:05:00,9175.65
2018-05-09 14:05:00,9245.49
2018-05-09 15:05:00,9321.97
2018-05-09 16:05:00,9292.34
2018-05-09 17:05:00,9303.61
2018-05-09 18:05:00,9332.86
2018-05-09 19:05:00,9330.01
2018-05-09 20:05:00,9357.56
2018-05-09 21:05:00,9347.47
2018-05-09 22:05:00,9300.66
2018-05-09 23:05:00,9320.37
2018-05-09 24:05:00,9260.01
2018-05-10 01:05:00,9342.29
2018-05-10 02:05:00,9346.35
2018-05-10 03:05:00,9369.36
2018-05-10 04:05:00,9356.49
2018-05-10 05:05:00,9361.04
2018-05-10 06:05:00,9348.61
2018-05-10 07:05:00,9463.85
2018-05-10 08:05:00,9368.58
2018-05-10 09:05:00,9341.96
2018-05-10 10:05:00,9370.86
2018-05-10 11:05:00,9397.66
2018-05-10 12:05:00,9386.06
2018-05-10 13:05:00,9410.4
2018-05-10 14:05:00,9380.48
2018-05-10 15:05:00,9380.55
2018-05-10 16:05:00,9394.43
2018-05-10 17:05:00,9363.32
2018-05-10 18:05:00,9360.18
2018-05-10 19:05:00,9395.86
2018-05-10 20:05:00,9217.85
2018-05-10 21:05:00,9149.26
2018-05-10 22:05:00,9135.78
2018-05-10 23:05:00,9117.6
2018-05-10 24:05:00,9197.59
2018-05-11 01:05:00,9154.05
2018-05-11 02:05:00,9069.48
2018-05-11 03:05:00,8951.35
2018-05-11 04:05:00,8986.39
2018-05-11 05:05:00,8984.96
2018-05-11 06:05:00,9006.43
2018-05-11 07:05:00,9013.66
2018-05-11 08:05:00,9020.9
2018-05-11 09:05:00,8930.55
2018-05-11 10:05:00,8807.8
2018-05-11 11:05:00,8841.14
2018-05-11 12:05:00,8763.43
2018-05-11 13:05:00,8786.53
2018-05-11 14:05:00,8714.73
2018-05-11 15:05:00,8581.7
2018-05-11 16:05:00,8596.42
2018-05-11 17:05:00,8643.82
2018-05-11 18:05:00,8644.97
2018-05-11 19:05:00,8666.69
2018-05-11 20:05:00,8645.17
2018-05-11 21:05:00,8648.9
2018-05-11 22:05:00,8683.65
2018-05-11 23:05:00,8501.89
2018-05-11 24:05:00,8437.18
2018-05-12 01:05:00,8497.36
2018-05-12 02:05:00,8475.43
2018-05-12 03:05:00,8485.33
2018-05-12 04:05:00,8461.3
2018-05-12 05:05:00,8470.91
2018-05-12 06:05:00,8445.88
2018-05-12 07:05:00,8452.56
2018-05-12 08:05:00,8389.42
2018-05-12 09:05:00,8316.28
2018-05-12 10:05:00,8359.39
2018-05-12 11:05:00,8337.18
2018-05-12 12:05:00,8422.15
2018-05-12 13:05:00,8567.94
2018-05-12 14:05:00,8580.56
2018-05-12 15:05:00,8633.37
2018-05-12 16:05:00,8634.86
2018-05-12 17:05:00,8536.15
2018-05-12 18:05:00,8429.4
2018-05-12 19:05:00,8356.72
2018-05-12 20:05:00,8397.06
2018-05-12 21:05:00,8441.04
2018-05-12 22:05:00,8480.29
2018-05-12 23:05:00,8510.4
2018-05-12 24:05:00,8417.58
2018-05-13 01:05:00,8481.13
2018-05-13 02:05:00,8527.09
2018-05-13 03:05:00,8512.89
2018-05-13 04:05:00,8509.62
2018-05-13 05:05:00,8420.24
2018-05-13 06:05:00,8475.2
2018-05-13 07:05:00,8411.91
2018-05-13 08:05:00,8404.88
2018-05-13 09:05:00,8490.02
2018-05-13 10:05:00,8492.85
2018-05-13 11:05:00,8513.14
2018-05-13 12:05:00,8564.63
2018-05-13 13:05:00,8602.44
2018-05-13 14:05:00,8631.88
2018-05-13 15:05:00,8636.51
2018-05-13 16:05:00,8599.69
2018-05-13 17:05:00,8636.2
2018-05-13 18:05:00,8649.98
2018-05-13 19:05:00,8676.28
2018-05-13 20:05:00,8669.61
2018-05-13 21:05:00,8675.08
2018-05-13 22:05:00,8682.36
2018-05-13 23:05:00,8732.73
2018-05-13 24:05:00,8741.32
2018-05-14 01:05:00,8751.94
2018-05-14 02:05:00,8737.3
2018-05-14 03:05:00,8681.43
2018-05-14 04:05:00,8733.22
2018-05-14 05:05:00,8680.78
2018-05-14 06:05:00,8498.64
2018-05-14 07:05:00,8410.17
2018-05-14 08:05:00,8371.82
2018-05-14 09:05:00,8410.86
2018-05-14 10:05:00,8381.43
2018-05-14 11:05:00,8431.74
2018-05-14 12:05:00,8442.56
2018-05-14 13:05:00,8412.38
2018-05-14 14:05:00,8472.01
2018-05-14 15:05:00,8451
2018-05-14 16:05:00,8549.19
2018-05-14 17:05:00,8764.66
2018-05-14 18:05:00,8789.67
2018-05-14 19:05:00,8792.82
2018-05-14 20:05:00,8755.94
2018-05-14 21:05:00,8757.71
2018-05-14 22:05:00,8764.27
2018-05-14 23:05:00,8842.72
2018-05-14 24:05:00,8806.5
2018-05-15 01:05:00,8697.21
2018-05-15 02:05:00,8665.18
2018-05-15 03:05:00,8732.18
2018-05-15 04:05:00,8705.2
2018-05-15 05:05:00,8691.76
2018-05-15 06:05:00,8712.58
2018-05-15 07:05:00,8728.78
2018-05-15 08:05:00,8731.25
2018-05-15 09:05:00,8774.62
2018-05-15 10:05:00,8766.73
2018-05-15 11:05:00,8709.55
2018-05-15 12:05:00,8760.75
2018-05-15 13:05:00,8804.29
2018-05-15 14:05:00,8789.2
2018-05-15 15:05:00,8790.27
2018-05-15 16:05:00,8738.6
2018-05-15 17:05:00,8588.87
2018-05-15 18:05:00,8551.52
2018-05-15 19:05:00,8577.22
2018-05-15 20:05:00,8569.24
2018-05-15 21:05:00,8509.11
2018-05-15 22:05:00,8534.14
2018-05-15 23:05:00,8554.63
2018-05-15 24:05:00,8587.28
2018-05-16 01:05:00,8515.99
2018-05-16 02:05:00,8524.38
2018-05-16 03:05:00,8506.15
2018-05-16 04:05:00,8370.74
2018-05-16 05:05:00,8196.21
2018-05-16 06:05:00,8206.71
2018-05-16 07:05:00,8242.85
2018-05-16 08:05:00,8234.72
2018-05-16 09:05:00,8249.63
2018-05-16 10:05:00,8284.29
2018-05-16 11:05:00,8257.08
2018-05-16 12:05:00,8259.57
2018-05-16 13:05:00,8380.62
2018-05-16 14:05:00,8431.63
2018-05-16 15:05:00,8410.46
2018-05-16 16:05:00,8244.48
2018-05-16 17:05:00,8236.57
2018-05-16 18:05:00,8322.63
2018-05-16 19:05:00,8273.39
2018-05-16 20:05:00,8311.3
2018-05-16 21:05:00,8336.26
2018-05-16 22:05:00,8328.57
2018-05-16 23:05:00,8274.58
2018-05-16 24:05:00,8318.07
2018-05-17 01:05:00,8343.69
2018-05-17 02:05:00,8341.17
2018-05-17 03:05:00,8386.1
2018-05-17 04:05:00,8356.14
2018-05-17 05:05:00,8392.67
2018-05-17 06:05:00,8425.18
2018-05-17 07:05:00,8381.14
2018-05-17 08:05:00,8357.76
2018-05-17 09:05:00,8370.61
2018-05-17 10:05:00,8272.96
2018-05-17 11:05:00,8266.34
2018-05-17 12:05:00,8313.33
2018-05-17 13:05:00,8310.06
2018-05-17 14:05:00,8330.29
2018-05-17 15:05:00,8295.53
2018-05-17 16:05:00,8317.69
2018-05-17 17:05:00,8347.61
2018-05-17 18:05:00,8339.72
2018-05-17 19:05:00,8296.71
2018-05-17 20:05:00,8293.32
2018-05-17 21:05:00,8208.39
2018-05-17 22:05:00,8222.99
2018-05-17 23:05:00,8249.29
2018-05-17 24:05:00,8225.49
2018-05-18 01:05:00,8076.55
2018-05-18 02:05:00,8096.55
2018-05-18 03:05:00,8019.53
2018-05-18 04:05:00,8016.54
2018-05-18 05:05:00,8017.45
2018-05-18 06:05:00,8041.29
2018-05-18 07:05:00,8060.13
2018-05-18 08:05:00,8065.64
2018-05-18 09:05:00,8031.11
2018-05-18 10:05:00,8117.07
2018-05-18 11:05:00,8143.63
2018-05-18 12:05:00,8139.72
2018-05-18 13:05:00,8160.02
2018-05-18 14:05:00,8113.95
2018-05-18 15:05:00,8136.99
2018-05-18 16:05:00,8141.22
2018-05-18 17:05:00,8094.3
2018-05-18 18:05:00,8140.02
2018-05-18 19:05:00,8153.88
2018-05-18 20:05:00,8157.34
2018-05-18 21:05:00,8198.95
2018-05-18 22:05:00,8258.73
2018-05-18 23:05:00,8272.12
2018-05-18 24:05:00,8285.52
2018-05-19 01:05:00,8266.62
2018-05-19 02:05:00,8286.71
2018-05-19 03:05:00,8284.42
2018-05-19 04:05:00,8228.29
2018-05-19 05:05:00,8256.71
2018-05-19 06:05:00,8266.56
2018-05-19 07:05:00,8273
2018-05-19 08:05:00,8277.82
2018-05-19 09:05:00,8275.22
2018-05-19 10:05:00,8207.24
2018-05-19 11:05:00,8230.28
2018-05-19 12:05:00,8251.85
2018-05-19 13:05:00,8280.05
2018-05-19 14:05:00,8316.04
2018-05-19 15:05:00,8397.87
2018-05-19 16:05:00,8343.48
2018-05-19 17:05:00,8364.24
2018-05-19 18:05:00,8323.48
2018-05-19 19:05:00,8325.46
2018-05-19 20:05:00,8334.04
2018-05-19 21:05:00,8365.79
2018-05-19 22:05:00,8339.82
2018-05-19 23:05:00,8349.22
2018-05-19 24:05:00,8267.14
2018-05-20 01:05:00,8255.45
2018-05-20 02:05:00,8267.97
2018-05-20 03:05:00,8244.37
2018-05-20 04:05:00,8255.41
2018-05-20 05:05:00,8275.55
2018-05-20 06:05:00,8299.99
2018-05-20 07:05:00,8314.26
2018-05-20 08:05:00,8306.8
2018-05-20 09:05:00,8315.27
2018-05-20 10:05:00,8335.94
2018-05-20 11:05:00,8328.11
2018-05-20 12:05:00,8353.56
2018-05-20 13:05:00,8385.29
2018-05-20 14:05:00,8393.41
2018-05-20 15:05:00,8341.93
2018-05-20 16:05:00,8339.25
2018-05-20 17:05:00,8389.6
2018-05-20 18:05:00,8392
2018-05-20 19:05:00,8513.54
2018-05-20 20:05:00,8549.04
2018-05-20 21:05:00,8564.95
2018-05-20 22:05:00,8545.8
2018-05-20 23:05:00,8575.68
2018-05-20 24:05:00,8587.77
2018-05-21 01:05:00,8539.23
2018-05-21 02:05:00,8556.24
2018-05-21 03:05:00,8541.09
2018-05-21 04:05:00,8512.62
2018-05-21 05:05:00,8535.56
2018-05-21 06:05:00,8557.54
2018-05-21 07:05:00,8564.59
2018-05-21 08:05:00,8564.73
2018-05-21 09:05:00,8571.6
2018-05-21 10:05:00,8571.23
2018-05-21 11:05:00,8556.17
2018-05-21 12:05:00,8557.25
2018-05-21 13:05:00,8514.36
2018-05-21 14:05:00,8531.15
2018-05-21 15:05:00,8544.19
2018-05-21 16:05:00,8540.23
2018-05-21 17:05:00,8440.64
2018-05-21 18:05:00,8448.64
2018-05-21 19:05:00,8434.74
2018-05-21 20:05:00,8459.26
2018-05-21 21:05:00,8377.5
2018-05-21 22:05:00,8412.78
2018-05-21 23:05:00,8436.09
2018-05-21 24:05:00,8425.47
2018-05-22 01:05:00,8435.92
2018-05-22 02:05:00,8441.28
2018-05-22 03:05:00,8406.83
2018-05-22 04:05:00,8340.73
2018-05-22 05:05:00,8335.22
2018-05-22 06:05:00,8359.82
2018-05-22 07:05:00,8337.19
2018-05-22 08:05:00,8345.05
2018-05-22 09:05:00,8350.62
2018-05-22 10:05:00,8351.27
2018-05-22 11:05:00,8361.08
2018-05-22 12:05:00,8281.64
2018-05-22 13:05:00,8322.45
2018-05-22 14:05:00,8252.62
2018-05-22 15:05:00,8195.55
2018-05-22 16:05:00,8245.55
2018-05-22 17:05:00,8264.65
2018-05-22 18:05:00,8254.08
2018-05-22 19:05:00,8278.57
2018-05-22 20:05:00,8268.1
2018-05-22 21:05:00,8241.74
2018-05-22 22:05:00,8227.87
2018-05-22 23:05:00,8159.78
2018-05-22 24:05:00,8111.37
2018-05-23 01:05:00,8032.33
2018-05-23 02:05:00,8034.05
2018-05-23 03:05:00,8027.82
2018-05-23 04:05:00,7917.4
2018-05-23 05:05:00,7944.88
2018-05-23 06:05:00,7973.63
2018-05-23 07:05:00,7932.17
2018-05-23 08:05:00,7941.57
2018-05-23 09:05:00,7948.21
2018-05-23 10:05:00,7891.39
2018-05-23 11:05:00,7876.07
2018-05-23 12:05:00,7877.88
2018-05-23 13:05:00,7900.22
2018-05-23 14:05:00,7868.85
2018-05-23 15:05:00,7921.4
2018-05-23 16:05:00,7942.89
2018-05-23 17:05:00,7904.08
2018-05-23 18:05:00,7783.03
2018-05-23 19:05:00,7643.28
2018-05-23 20:05:00,7547.56
2018-05-23 21:05:00,7532.58
2018-05-23 22:05:00,7584.99
2018-05-23 23:05:00,7624.72
2018-05-23 24:05:00,7619.76
2018-05-24 01:05:00,7596.76
2018-05-24 02:05:00,7543.06
2018-05-24 03:05:00,7599.19
2018-05-24 04:05:00,7623.77
2018-05-24 05:05:00,7625.17
2018-05-24 06:05:00,7632.72
2018-05-24 07:05:00,7721.19
2018-05-24 08:05:00,7721.14
2018-05-24 09:05:00,7688.17
2018-05-24 10:05:00,7618.05
2018-05-24 11:05:00,7458.03
2018-05-24 12:05:00,7357.79
2018-05-24 13:05:00,7371.52
2018-05-24 14:05:00,7395.35
2018-05-24 15:05:00,7420.21
2018-05-24 16:05:00,7532.24
2018-05-24 17:05:00,7541.53
2018-05-24 18:05:00,7552.98
2018-05-24 19:05:00,7548.6
2018-05-24 20:05:00,7522.5
2018-05-24 21:05:00,7579.07
2018-05-24 22:05:00,7623.08
2018-05-24 23:05:00,7561.57
2018-05-24 24:05:00,7562.31
2018-05-25 01:05:00,7578.62
2018-05-25 02:05:00,7610.44
2018-05-25 03:05:00,7586.84
2018-05-25 04:05:00,7570.95
2018-05-25 05:05:00,7634.45
2018-05-25 06:05:00,7625.66
2018-05-25 07:05:00,7619.17
2018-05-25 08:05:00,7647.05
2018-05-25 09:05:00,7582.81
2018-05-25 10:05:00,7440.42
2018-05-25 11:05:00,7450.25
2018-05-25 12:05:00,7469.86
2018-05-25 13:05:00,7418.17
2018-05-25 14:05:00,7436.57
2018-05-25 15:05:00,7530.74
2018-05-25 16:05:00,7517.18
2018-05-25 17:05:00,7538.22
2018-05-25 18:05:00,7507.25
2018-05-25 19:05:00,7513.37
2018-05-25 20:05:00,7456.77
2018-05-25 21:05:00,7448.7
2018-05-25 22:05:00,7431.54
2018-05-25 23:05:00,7460.28
2018-05-25 24:05:00,7470.51
2018-05-26 01:05:00,7433.98
2018-05-26 02:05:00,7462.96
2018-05-26 03:05:00,7497.01
2018-05-26 04:05:00,7497.55
2018-05-26 05:05:00,7473.12
2018-05-26 06:05:00,7491.6
2018-05-26 07:05:00,7443.04
2018-05-26 08:05:00,7439.08
2018-05-26 09:05:00,7491.8
2018-05-26 10:05:00,7562.58
2018-05-26 11:05:00,7582.54
2018-05-26 12:05:00,7587.12
2018-05-26 13:05:00,7577.58
2018-05-26 14:05:00,7536.1
2018-05-26 15:05:00,7536.18
2018-05-26 16:05:00,7569.78
2018-05-26 17:05:00,7565.32
2018-05-26 18:05:00,7584.52
2018-05-26 19:05:00,7574.39
2018-05-26 20:05:00,7575.33
2018-05-26 21:05:00,7586.2
2018-05-26 22:05:00,7566.82
2018-05-26 23:05:00,7557.07
2018-05-26 24:05:00,7580.23
2018-05-27 01:05:00,7395.43
2018-05-27 02:05:00,7371.77
2018-05-27 03:05:00,7282.69
2018-05-27 04:05:00,7316.51
2018-05-27 05:05:00,7350.45
2018-05-27 06:05:00,7326.27
2018-05-27 07:05:00,7378.83
2018-05-27 08:05:00,7338.58
2018-05-27 09:05:00,7333.23
2018-05-27 10:05:00,7351.05
2018-05-27 11:05:00,7298.66
2018-05-27 12:05:00,7368.03
2018-05-27 13:05:00,7384.39
2018-05-27 14:05:00,7389.99
2018-05-27 15:05:00,7358.46
2018-05-27 16:05:00,7356.84
2018-05-27 17:05:00,7376.37
2018-05-27 18:05:00,7389.36
2018-05-27 19:05:00,7392.52
2018-05-27 20:05:00,7404.46
2018-05-27 21:05:00,7346.17
2018-05-27 22:05:00,7348.77
2018-05-27 23:05:00,7382.99
2018-05-27 24:05:00,7359.24
2018-05-28 01:05:00,7405.95
2018-05-28 02:05:00,7384.11
2018-05-28 03:05:00,7392.66
2018-05-28 04:05:00,7369.22
2018-05-28 05:05:00,7403.67
2018-05-28 06:05:00,7422.4
2018-05-28 07:05:00,7377.75
2018-05-28 08:05:00,7248.8
2018-05-28 09:05:00,7225.01
2018-05-28 10:05:00,7268.12
2018-05-28 11:05:00,7271.42
2018-05-28 12:05:00,7260.75
2018-05-28 13:05:00,7298.4
2018-05-28 14:05:00,7285.42
2018-05-28 15:05:00,7268.65
2018-05-28 16:05:00,7315.42
2018-05-28 17:05:00,7312.78
2018-05-28 18:05:00,7282.51
2018-05-28 19:05:00,7258.81
2018-05-28 20:05:00,7270.24
2018-05-28 21:05:00,7268.55
2018-05-28 22:05:00,7271.11
2018-05-28 23:05:00,7265
2018-05-28 24:05:00,7180.57
2018-05-29 01:05:00,7146.46
2018-05-29 02:05:00,7148.3
2018-05-29 03:05:00,7160.72
2018-05-29 04:05:00,7118.56
2018-05-29 05:05:00,7136.55
2018-05-29 06:05:00,7153.14
2018-05-29 07:05:00,7159.15
2018-05-29 08:05:00,7119.07
2018-05-29 09:05:00,7127.1
2018-05-29 10:05:00,7141.26
2018-05-29 11:05:00,7155.11
2018-05-29 12:05:00,7177.49
2018-05-29 13:05:00,7177.2
2018-05-29 14:05:00,7367.79
2018-05-29 15:05:00,7454.96
2018-05-29 16:05:00,7478.07
2018-05-29 17:05:00,7472.85
2018-05-29 18:05:00,7471.73
2018-05-29 19:05:00,7463.89
2018-05-29 20:05:00,7480.52
2018-05-29 21:05:00,7525.5
2018-05-29 22:05:00,7512.16
2018-05-29 23:05:00,7532.15
2018-05-29 24:05:00,7541
2018-05-30 01:05:00,7473.95
2018-05-30 02:05:00,7498.78
2018-05-30 03:05:00,7516.08
2018-05-30 04:05:00,7566.97
2018-05-30 05:05:00,7547.91
2018-05-30 06:05:00,7541.7
2018-05-30 07:05:00,7537.16
2018-05-30 08:05:00,7555.66
2018-05-30 09:05:00,7517.67
2018-05-30 10:05:00,7516.34
2018-05-30 11:05:00,7519.35
2018-05-30 12:05:00,7500.19
2018-05-30 13:05:00,7525.97
2018-05-30 14:05:00,7547.49
2018-05-30 15:05:00,7546.79
2018-05-30 16:05:00,7528.05
2018-05-30 17:05:00,7455.04
2018-05-30 18:05:00,7369.19
2018-05-30 19:05:00,7338.46
2018-05-30 20:05:00,7357.02
2018-05-30 21:05:00,7343.28
2018-05-30 22:05:00,7342.24
2018-05-30 23:05:00,7369.73
2018-05-30 24:05:00,7390.17
2018-05-31 01:05:00,7398.71
2018-05-31 02:05:00,7411.89
2018-05-31 03:05:00,7411.04
2018-05-31 04:05:00,7396.35
2018-05-31 05:05:00,7423.78
2018-05-31 06:05:00,7419.45
2018-05-31 07:05:00,7464.14
2018-05-31 08:05:00,7523.77
2018-05-31 09:05:00,7589.08
2018-05-31 10:05:00,7604.67
2018-05-31 11:05:00,7559.88
2018-05-31 12:05:00,7571.66
2018-05-31 13:05:00,7553.08
2018-05-31 14:05:00,7593.52
2018-05-31 15:05:00,7579.13
2018-05-31 16:05:00,7556.99
2018-05-31 17:05:00,7581.59
2018-05-31 18:05:00,7592.8
2018-05-31 19:05:00,7591.61
2018-05-31 20:05:00,7600.6
2018-05-31 21:05:00,7592.5
2018-05-31 22:05:00,7584.59
2018-05-31 23:05:00,7562.58
2018-05-31 24:05:00,7574.04
2018-06-01 01:06:00,7478.86
2018-06-01 02:06:00,7515.69
2018-06-01 03:06:00,7539.8
2018-06-01 04:06:00,7560.61
2018-06-01 05:06:00,7535
2018-06-01 06:06:00,7521.73
2018-06-01 07:06:00,7512.48
2018-06-01 08:06:00,7537.84
2018-06-01 09:06:00,7564.45
2018-06-01 10:06:00,7616.06
2018-06-01 11:06:00,7615.45
2018-06-01 12:06:00,7600.37
2018-06-01 13:06:00,7587.57
2018-06-01 14:06:00,7464.07
2018-06-01 15:06:00,7417.04
2018-06-01 16:06:00,7457.2
2018-06-01 17:06:00,7456.66
2018-06-01 18:06:00,7459.19
2018-06-01 19:06:00,7476.39
2018-06-01 20:06:00,7464.4
2018-06-01 21:06:00,7449.29
2018-06-01 22:06:00,7470.17
2018-06-01 23:06:00,7452.26
2018-06-01 24:06:00,7500.63
2018-06-02 01:06:00,7515.91
2018-06-02 02:06:00,7566.58
2018-06-02 03:06:00,7519.56
2018-06-02 04:06:00,7522.26
2018-06-02 05:06:00,7529.82
2018-06-02 06:06:00,7528.34
2018-06-02 07:06:00,7520.73
2018-06-02 08:06:00,7540.97
2018-06-02 09:06:00,7597.72
2018-06-02 10:06:00,7683.34
2018-06-02 11:06:00,7714.26
2018-06-02 12:06:00,7668.65
2018-06-02 13:06:00,7681.36
2018-06-02 14:06:00,7670.73
2018-06-02 15:06:00,7674.8
2018-06-02 16:06:00,7691.35
2018-06-02 17:06:00,7681.51
2018-06-02 18:06:00,7659.48
2018-06-02 19:06:00,7657.93
2018-06-02 20:06:00,7662.34
2018-06-02 21:06:00,7669.33
2018-06-02 22:06:00,7697.06
2018-06-02 23:06:00,7666.74
2018-06-02 24:06:00,7674.74
2018-06-03 01:06:00,7680.44
2018-06-03 02:06:00,7701.64
2018-06-03 03:06:00,7705.19
2018-06-03 04:06:00,7673.44
2018-06-03 05:06:00,7648.84
2018-06-03 06:06:00,7665.13
2018-06-03 07:06:00,7685.47
2018-06-03 08:06:00,7696.77
2018-06-03 09:06:00,7739.14
2018-06-03 10:06:00,7753.39
2018-06-03 11:06:00,7751.85
2018-06-03 12:06:00,7777.81
2018-06-03 13:06:00,7764.74
2018-06-03 14:06:00,7750.46
2018-06-03 15:06:00,7742.96
2018-06-03 16:06:00,7756.13
2018-06-03 17:06:00,7739.63
2018-06-03 18:06:00,7764.73
2018-06-03 19:06:00,7753.35
2018-06-03 20:06:00,7718.69
2018-06-03 21:06:00,7737.37
2018-06-03 22:06:00,7707.53
2018-06-03 23:06:00,7742.95
2018-06-03 24:06:00,7754.32
2018-06-04 01:06:00,7736.78
2018-06-04 02:06:00,7736.06
2018-06-04 03:06:00,7758.73
2018-06-04 04:06:00,7730.37
2018-06-04 05:06:00,7734.36
2018-06-04 06:06:00,7761.44
2018-06-04 07:06:00,7798
2018-06-04 08:06:00,7679.22
2018-06-04 09:06:00,7630.44
2018-06-04 10:06:00,7635.36
2018-06-04 11:06:00,7639.6
2018-06-04 12:06:00,7651.24
2018-06-04 13:06:00,7651.49
2018-06-04 14:06:00,7559.2
2018-06-04 15:06:00,7583.8
2018-06-04 16:06:00,7565.48
2018-06-04 17:06:00,7512.16
2018-06-04 18:06:00,7537.48
2018-06-04 19:06:00,7552.05
2018-06-04 20:06:00,7508.38
2018-06-04 21:06:00,7519.54
2018-06-04 22:06:00,7535.11
2018-06-04 23:06:00,7533.56
2018-06-04 24:06:00,7576.4
2018-06-05 01:06:00,7567.38
2018-06-05 02:06:00,7513.68
2018-06-05 03:06:00,7548.92
2018-06-05 04:06:00,7554.89
2018-06-05 05:06:00,7453.95
2018-06-05 06:06:00,7452.4
2018-06-05 07:06:00,7437.79
2018-06-05 08:06:00,7461.82
2018-06-05 09:06:00,7465.17
2018-06-05 10:06:00,7446.25
2018-06-05 11:06:00,7478.88
2018-06-05 12:06:00,7483.33
2018-06-05 13:06:00,7486.61
2018-06-05 14:06:00,7487.47
2018-06-05 15:06:00,7467.88
2018-06-05 16:06:00,7446.56
2018-06-05 17:06:00,7449.35
2018-06-05 18:06:00,7509.73
2018-06-05 19:06:00,7594.56
2018-06-05 20:06:00,7635.11
2018-06-05 21:06:00,7655.86
2018-06-05 22:06:00,7658.1
2018-06-05 23:06:00,7663.86
2018-06-05 24:06:00,7610.22
2018-06-06 01:06:00,7668.44
2018-06-06 02:06:00,7671.08
2018-06-06 03:06:00,7648.36
2018-06-06 04:06:00,7650.38
2018-06-06 05:06:00,7653.05
2018-06-06 06:06:00,7671
2018-06-06 07:06:00,7635.21
2018-06-06 08:06:00,7617.94
2018-06-06 09:06:00,7658.14
2018-06-06 10:06:00,7654.63
2018-06-06 11:06:00,7624.58
2018-06-06 12:06:00,7643.51
2018-06-06 13:06:00,7648.53
2018-06-06 14:06:00,7659.38
2018-06-06 15:06:00,7657.5
2018-06-06 16:06:00,7705.53
2018-06-06 17:06:00,7681.66
2018-06-06 18:06:00,7684.57
2018-06-06 19:06:00,7585.95
2018-06-06 20:06:00,7555.55
2018-06-06 21:06:00,7521.47
2018-06-06 22:06:00,7558.48
2018-06-06 23:06:00,7597.49
2018-06-06 24:06:00,7677.64
2018-06-07 01:06:00,7688.35
2018-06-07 02:06:00,7679.37
2018-06-07 03:06:00,7715.44
2018-06-07 04:06:00,7753.08
2018-06-07 05:06:00,7753.64
2018-06-07 06:06:00,7744.28
2018-06-07 07:06:00,7749.9
2018-06-07 08:06:00,7739.81
2018-06-07 09:06:00,7731.37
2018-06-07 10:06:00,7750.83
2018-06-07 11:06:00,7729.1
2018-06-07 12:06:00,7733.26
2018-06-07 13:06:00,7740
2018-06-07 14:06:00,7727.07
2018-06-07 15:06:00,7739.51
2018-06-07 16:06:00,7743.27
2018-06-07 17:06:00,7714.14
2018-06-07 18:06:00,7699.43
2018-06-07 19:06:00,7722.53
2018-06-07 20:06:00,7710.07
2018-06-07 21:06:00,7745.77
2018-06-07 22:06:00,7725.81
2018-06-07 23:06:00,7690.15
2018-06-07 24:06:00,7706.98
2018-06-08 01:06:00,7732.04
2018-06-08 02:06:00,7712.83
2018-06-08 03:06:00,7748.2
2018-06-08 04:06:00,7761.32
2018-06-08 05:06:00,7688.45
2018-06-08 06:06:00,7695.2
2018-06-08 07:06:00,7662.84
2018-06-08 08:06:00,7673.7
2018-06-08 09:06:00,7685.91
2018-06-08 10:06:00,7683.9
2018-06-08 11:06:00,7647.89
2018-06-08 12:06:00,7686.06
2018-06-08 13:06:00,7611.2
2018-06-08 14:06:00,7591.14
2018-06-08 15:06:00,7602.91
2018-06-08 16:06:00,7617.25
2018-06-08 17:06:00,7626.43
2018-06-08 18:06:00,7623.21
2018-06-08 19:06:00,7692.35
2018-06-08 20:06:00,7709.27
2018-06-08 21:06:00,7707.62
2018-06-08 22:06:00,7698.78
2018-06-08 23:06:00,7671.19
2018-06-08 24:06:00,7704.58
2018-06-09 01:06:00,7675
2018-06-09 02:06:00,7664.98
2018-06-09 03:06:00,7679.6
2018-06-09 04:06:00,7678.42
2018-06-09 05:06:00,7699.63
2018-06-09 06:06:00,7718.89
2018-06-09 07:06:00,7717.76
2018-06-09 08:06:00,7728.27
2018-06-09 09:06:00,7719.56
2018-06-09 10:06:00,7720.76
2018-06-09 11:06:00,7696.6
2018-06-09 12:06:00,7686.89
2018-06-09 13:06:00,7695.1
2018-06-09 14:06:00,7706.32
2018-06-09 15:06:00,7647.5
2018-06-09 16:06:00,7611.16
2018-06-09 17:06:00,7651.64
2018-06-09 18:06:00,7660.89
2018-06-09 19:06:00,7636.96
2018-06-09 20:06:00,7629.88
2018-06-09 21:06:00,7640.87
2018-06-09 22:06:00,7663.74
2018-06-09 23:06:00,7664.05
2018-06-09 24:06:00,7674.17
2018-06-10 01:06:00,7633.12
2018-06-10 02:06:00,7532.2
2018-06-10 03:06:00,7400.17
2018-06-10 04:06:00,7345.19
2018-06-10 05:06:00,7348.64
2018-06-10 06:06:00,7320.69
2018-06-10 07:06:00,7342.85
2018-06-10 08:06:00,7334.78
2018-06-10 09:06:00,7394.01
2018-06-10 10:06:00,7269.53
2018-06-10 11:06:00,7241.04
2018-06-10 12:06:00,7270.37
2018-06-10 13:06:00,7272.16
2018-06-10 14:06:00,7283.57
2018-06-10 15:06:00,7284.6
2018-06-10 16:06:00,7260.64
2018-06-10 17:06:00,7301.54
2018-06-10 18:06:00,7270.17
2018-06-10 19:06:00,7251.89
2018-06-10 20:06:00,6929.7
2018-06-10 21:06:00,6740.52
2018-06-10 22:06:00,6805.03
2018-06-10 23:06:00,6795.73
2018-06-10 24:06:00,6751.97
2018-06-11 01:06:00,6730.55
2018-06-11 02:06:00,6751.11
2018-06-11 03:06:00,6778.07
2018-06-11 04:06:00,6743.42
2018-06-11 05:06:00,6810.44
2018-06-11 06:06:00,6806.59
2018-06-11 07:06:00,6808.06
2018-06-11 08:06:00,6802.46
2018-06-11 09:06:00,6804.13
2018-06-11 10:06:00,6733.83
2018-06-11 11:06:00,6775.85
2018-06-11 12:06:00,6823.81
2018-06-11 13:06:00,6795.32
2018-06-11 14:06:00,6806.21
2018-06-11 15:06:00,6781.69
2018-06-11 16:06:00,6788.38
2018-06-11 17:06:00,6746.47
2018-06-11 18:06:00,6727.27
2018-06-11 19:06:00,6764.94
2018-06-11 20:06:00,6778.52
2018-06-11 21:06:00,6739.1
2018-06-11 22:06:00,6787
2018-06-11 23:06:00,6783.73
2018-06-11 24:06:00,6812.01
2018-06-12 01:06:00,6821.77
2018-06-12 02:06:00,6878.11
2018-06-12 03:06:00,6877.5
2018-06-12 04:06:00,6893.21
2018-06-12 05:06:00,6898.81
2018-06-12 06:06:00,6868.28
2018-06-12 07:06:00,6866.92
2018-06-12 08:06:00,6911.83
2018-06-12 09:06:00,6896.01
2018-06-12 10:06:00,6863.71
2018-06-12 11:06:00,6865.91
2018-06-12 12:06:00,6902.35
2018-06-12 13:06:00,6887.13
2018-06-12 14:06:00,6879.99
2018-06-12 15:06:00,6789.49
2018-06-12 16:06:00,6753.74
2018-06-12 17:06:00,6784.41
2018-06-12 18:06:00,6815.89
2018-06-12 19:06:00,6761.18
2018-06-12 20:06:00,6773.33
2018-06-12 21:06:00,6722.98
2018-06-12 22:06:00,6540.03
2018-06-12 23:06:00,6559.56
2018-06-12 24:06:00,6556.89
2018-06-13 01:06:00,6587.13
2018-06-13 02:06:00,6543.22
2018-06-13 03:06:00,6583.6
2018-06-13 04:06:00,6602.05
2018-06-13 05:06:00,6621.06
2018-06-13 06:06:00,6596.78
2018-06-13 07:06:00,6585.15
2018-06-13 08:06:00,6624.85
2018-06-13 09:06:00,6629.53
2018-06-13 10:06:00,6603.81
2018-06-13 11:06:00,6566.06
2018-06-13 12:06:00,6476.15
2018-06-13 13:06:00,6493.91
2018-06-13 14:06:00,6502.96
2018-06-13 15:06:00,6490.48
2018-06-13 16:06:00,6516
2018-06-13 17:06:00,6479.9
2018-06-13 18:06:00,6436.81
2018-06-13 19:06:00,6278.58
2018-06-13 20:06:00,6298.05
2018-06-13 21:06:00,6373.78
2018-06-13 22:06:00,6321.17
2018-06-13 23:06:00,6283.27
2018-06-13 24:06:00,6313.23
2018-06-14 01:06:00,6360.31
2018-06-14 02:06:00,6368.04
2018-06-14 03:06:00,6341.11
2018-06-14 04:06:00,6347.12
2018-06-14 05:06:00,6465.56
2018-06-14 06:06:00,6530.71
2018-06-14 07:06:00,6531.68
2018-06-14 08:06:00,6502.77
2018-06-14 09:06:00,6544.13
2018-06-14 10:06:00,6511.04
2018-06-14 11:06:00,6524.2
2018-06-14 12:06:00,6533.87
2018-06-14 13:06:00,6539.76
2018-06-14 14:06:00,6560.09
2018-06-14 15:06:00,6532.03
2018-06-14 16:06:00,6435.81
2018-06-14 17:06:00,6434.63
2018-06-14 18:06:00,6395.83
2018-06-14 19:06:00,6475.84
2018-06-14 20:06:00,6607.72
2018-06-14 21:06:00,6690.6
2018-06-14 22:06:00,6665.72
2018-06-14 23:06:00,6689
2018-06-14 24:06:00,6720.19
2018-06-15 01:06:00,6663.84
2018-06-15 02:06:00,6657.89
2018-06-15 03:06:00,6669.36
2018-06-15 04:06:00,6636.94
2018-06-15 05:06:00,6621.28
2018-06-15 06:06:00,6654.82
2018-06-15 07:06:00,6615.44
2018-06-15 08:06:00,6617.6
2018-06-15 09:06:00,6642.47
2018-06-15 10:06:00,6622.41
2018-06-15 11:06:00,6616.25
2018-06-15 12:06:00,6628.72
2018-06-15 13:06:00,6619.95
2018-06-15 14:06:00,6558.75
2018-06-15 15:06:00,6533.95
2018-06-15 16:06:00,6542.15
2018-06-15 17:06:00,6559.34
2018-06-15 18:06:00,6575.59
2018-06-15 19:06:00,6603.03
2018-06-15 20:06:00,6557.32
2018-06-15 21:06:00,6632.14
2018-06-15 22:06:00,6592.24
2018-06-15 23:06:00,6510.46
2018-06-15 24:06:00,6522.13
2018-06-16 01:06:00,6447.52
2018-06-16 02:06:00,6412.49
2018-06-16 03:06:00,6441.77
2018-06-16 04:06:00,6465.2
2018-06-16 05:06:00,6494.88
2018-06-16 06:06:00,6452.48
2018-06-16 07:06:00,6485.77
2018-06-16 08:06:00,6506.18
2018-06-16 09:06:00,6484.12
2018-06-16 10:06:00,6514.46
2018-06-16 11:06:00,6495.83
2018-06-16 12:06:00,6525.51
2018-06-16 13:06:00,6525.61
2018-06-16 14:06:00,6501.55
2018-06-16 15:06:00,6487.03
2018-06-16 16:06:00,6429.62
2018-06-16 17:06:00,6456.78
2018-06-16 18:06:00,6401.06
2018-06-16 19:06:00,6485.72
2018-06-16 20:06:00,6542.16
2018-06-16 21:06:00,6584
2018-06-16 22:06:00,6564.11
2018-06-16 23:06:00,6563.63
2018-06-16 24:06:00,6565.53
2018-06-17 01:06:00,6601.42
2018-06-17 02:06:00,6541.57
2018-06-17 03:06:00,6547.9
2018-06-17 04:06:00,6594.02
2018-06-17 05:06:00,6575.9
2018-06-17 06:06:00,6569.68
2018-06-17 07:06:00,6559.39
2018-06-17 08:06:00,6561.13
2018-06-17 09:06:00,6541.67
2018-06-17 10:06:00,6555.39
2018-06-17 11:06:00,6572.09
2018-06-17 12:06:00,6535.23
2018-06-17 13:06:00,6557.05
2018-06-17 14:06:00,6538.53
2018-06-17 15:06:00,6509.73
2018-06-17 16:06:00,6531.69
2018-06-17 17:06:00,6530.77
2018-06-17 18:06:00,6502.66
2018-06-17 19:06:00,6542.11
2018-06-17 20:06:00,6527.48
2018-06-17 21:06:00,6535.59
2018-06-17 22:06:00,6552.4
2018-06-17 23:06:00,6518.77
2018-06-17 24:06:00,6530.88
2018-06-18 01:06:00,6521.69
2018-06-18 02:06:00,6490.58
2018-06-18 03:06:00,6440.8
2018-06-18 04:06:00,6449.31
2018-06-18 05:06:00,6457.82
2018-06-18 06:06:00,6454.07
2018-06-18 07:06:00,6434.78
2018-06-18 08:06:00,6451.11
2018-06-18 09:06:00,6462.58
2018-06-18 10:06:00,6461.07
2018-06-18 11:06:00,6480.36
2018-06-18 12:06:00,6490.06
2018-06-18 13:06:00,6458.24
2018-06-18 14:06:00,6438.07
2018-06-18 15:06:00,6450.92
2018-06-18 16:06:00,6455.3
2018-06-18 17:06:00,6468.65
2018-06-18 18:06:00,6488.78
2018-06-18 19:06:00,6632.05
2018-06-18 20:06:00,6760.18
2018-06-18 21:06:00,6759.74
2018-06-18 22:06:00,6717.02
2018-06-18 23:06:00,6732.89
2018-06-18 24:06:00,6747.57
2018-06-19 01:06:00,6753.2
2018-06-19 02:06:00,6732.43
2018-06-19 03:06:00,6764.57
2018-06-19 04:06:00,6753.46
2018-06-19 05:06:00,6732.19
2018-06-19 06:06:00,6719.07
2018-06-19 07:06:00,6736.55
2018-06-19 08:06:00,6733.91
2018-06-19 09:06:00,6711.87
2018-06-19 10:06:00,6713.59
2018-06-19 11:06:00,6738.58
2018-06-19 12:06:00,6743.21
2018-06-19 13:06:00,6729.46
2018-06-19 14:06:00,6760.86
2018-06-19 15:06:00,6766.69
2018-06-19 16:06:00,6798.88
2018-06-19 17:06:00,6762.71
2018-06-19 18:06:00,6782.39
2018-06-19 19:06:00,6716.22
2018-06-19 20:06:00,6745.93
2018-06-19 21:06:00,6746.05
2018-06-19 22:06:00,6745.72
2018-06-19 23:06:00,6736.96
2018-06-19 24:06:00,6727.79
2018-06-20 01:06:00,6738.47
2018-06-20 02:06:00,6747.14
2018-06-20 03:06:00,6731.56
2018-06-20 04:06:00,6644.62
2018-06-20 05:06:00,6646.03
2018-06-20 06:06:00,6645.09
2018-06-20 07:06:00,6621.72
2018-06-20 08:06:00,6626.86
2018-06-20 09:06:00,6631.52
2018-06-20 10:06:00,6677.13
2018-06-20 11:06:00,6661.77
2018-06-20 12:06:00,6674.55
2018-06-20 13:06:00,6659.12
2018-06-20 14:06:00,6669.49
2018-06-20 15:06:00,6661.11
2018-06-20 16:06:00,6728.75
2018-06-20 17:06:00,6772.47
2018-06-20 18:06:00,6780.84
2018-06-20 19:06:00,6792.99
2018-06-20 20:06:00,6777.12
2018-06-20 21:06:00,6777.38
2018-06-20 22:06:00,6782.8
2018-06-20 23:06:00,6769.49
2018-06-20 24:06:00,6759.21
2018-06-21 01:06:00,6744.8
2018-06-21 02:06:00,6819.58
2018-06-21 03:06:00,6787.85
2018-06-21 04:06:00,6808.81
2018-06-21 05:06:00,6786.88
2018-06-21 06:06:00,6793.2
2018-06-21 07:06:00,6785.45
2018-06-21 08:06:00,6793.09
2018-06-21 09:06:00,6770.23
2018-06-21 10:06:00,6790.46
2018-06-21 11:06:00,6753.82
2018-06-21 12:06:00,6730.1
2018-06-21 13:06:00,6768.41
2018-06-21 14:06:00,6757.2
2018-06-21 15:06:00,6760.48
2018-06-21 16:06:00,6743.61
2018-06-21 17:06:00,6732.49
2018-06-21 18:06:00,6754.44
2018-06-21 19:06:00,6736.64
2018-06-21 20:06:00,6727.48
2018-06-21 21:06:00,6732.45
2018-06-21 22:06:00,6746.02
2018-06-21 23:06:00,6741.41
2018-06-21 24:06:00,6739
2018-06-22 01:06:00,6743.16
2018-06-22 02:06:00,6746.7
2018-06-22 03:06:00,6751.16
2018-06-22 04:06:00,6683.36
2018-06-22 05:06:00,6663.61
2018-06-22 06:06:00,6697.06
2018-06-22 07:06:00,6685.94
2018-06-22 08:06:00,6688.98
2018-06-22 09:06:00,6675.55
2018-06-22 10:06:00,6542.49
2018-06-22 11:06:00,6445.19
2018-06-22 12:06:00,6386.6
2018-06-22 13:06:00,6352.83
2018-06-22 14:06:00,6392.48
2018-06-22 15:06:00,6374.77
2018-06-22 16:06:00,6189.7
2018-06-22 17:06:00,6185.07
2018-06-22 18:06:00,6166.67
2018-06-22 19:06:00,6168.17
2018-06-22 20:06:00,6181.76
2018-06-22 21:06:00,6206.48
2018-06-22 22:06:00,6225.26
2018-06-22 23:06:00,6090.72
2018-06-22 24:06:00,6004.93
2018-06-23 01:06:00,6035.84
2018-06-23 02:06:00,6081.1
2018-06-23 03:06:00,6129.71
2018-06-23 04:06:00,6155.95
2018-06-23 05:06:00,6177.77
2018-06-23 06:06:00,6137.4
2018-06-23 07:06:00,6149.78
2018-06-23 08:06:00,6153.43
2018-06-23 09:06:00,6074.74
2018-06-23 10:06:00,6107.58
2018-06-23 11:06:00,6122.66
2018-06-23 12:06:00,6153.53
2018-06-23 13:06:00,6163.42
2018-06-23 14:06:00,6158.09
2018-06-23 15:06:00,6140.1
2018-06-23 16:06:00,6159.53
2018-06-23 17:06:00,6146
2018-06-23 18:06:00,6132.64
2018-06-23 19:06:00,6155.91
2018-06-23 20:06:00,6163.02
2018-06-23 21:06:00,6153.76
2018-06-23 22:06:00,6154.05
2018-06-23 23:06:00,6157.61
2018-06-23 24:06:00,6187.12
2018-06-24 01:06:00,6230.88
2018-06-24 02:06:00,6215.26
2018-06-24 03:06:00,6157.29
2018-06-24 04:06:00,6124.54
2018-06-24 05:06:00,6147.42
2018-06-24 06:06:00,6105.36
2018-06-24 07:06:00,5980.8
2018-06-24 08:06:00,5920.53
2018-06-24 09:06:00,5884.83
2018-06-24 10:06:00,5923.8
2018-06-24 11:06:00,5915.8
2018-06-24 12:06:00,5942.19
2018-06-24 13:06:00,5947.87
2018-06-24 14:06:00,5960.34
2018-06-24 15:06:00,5927.76
2018-06-24 16:06:00,5943.25
2018-06-24 17:06:00,5967.46
2018-06-24 18:06:00,5837.47
2018-06-24 19:06:00,6057.08
2018-06-24 20:06:00,6215.22
2018-06-24 21:06:00,6207.1
2018-06-24 22:06:00,6209.84
2018-06-24 23:06:00,6202.6
2018-06-24 24:06:00,6203.79
2018-06-25 01:06:00,6173.13
2018-06-25 02:06:00,6180.14
2018-06-25 03:06:00,6197.98
2018-06-25 04:06:00,6202.46
2018-06-25 05:06:00,6176.67
2018-06-25 06:06:00,6172.97
2018-06-25 07:06:00,6185.27
2018-06-25 08:06:00,6192.54
2018-06-25 09:06:00,6199.17
2018-06-25 10:06:00,6216.47
2018-06-25 11:06:00,6204.03
2018-06-25 12:06:00,6202.17
2018-06-25 13:06:00,6211.47
2018-06-25 14:06:00,6239.86
2018-06-25 15:06:00,6168
2018-06-25 16:06:00,6133.7
2018-06-25 17:06:00,6264.11
2018-06-25 18:06:00,6319.9
2018-06-25 19:06:00,6317.1
2018-06-25 20:06:00,6320.69
2018-06-25 21:06:00,6302.76
2018-06-25 22:06:00,6272.62
2018-06-25 23:06:00,6297.66
2018-06-25 24:06:00,6299.87
2018-06-26 01:06:00,6291.17
2018-06-26 02:06:00,6277.88
2018-06-26 03:06:00,6243.58
2018-06-26 04:06:00,6244.22
2018-06-26 05:06:00,6271.85
2018-06-26 06:06:00,6271.65
2018-06-26 07:06:00,6276.12
2018-06-26 08:06:00,6302.07
2018-06-26 09:06:00,6307.13
2018-06-26 10:06:00,6255.48
2018-06-26 11:06:00,6268.16
2018-06-26 12:06:00,6231.19
2018-06-26 13:06:00,6255.43
2018-06-26 14:06:00,6251.04
2018-06-26 15:06:00,6244.47
2018-06-26 16:06:00,6210.66
2018-06-26 17:06:00,6196.58
2018-06-26 18:06:00,6206.28
2018-06-26 19:06:00,6218.02
2018-06-26 20:06:00,6216.98
2018-06-26 21:06:00,6216.57
2018-06-26 22:06:00,6206.11
2018-06-26 23:06:00,6220.82
2018-06-26 24:06:00,6247.23
2018-06-27 01:06:00,6165.38
2018-06-27 02:06:00,6113.56
2018-06-27 03:06:00,6084.86
2018-06-27 04:06:00,6117.24
2018-06-27 05:06:00,6100.16
2018-06-27 06:06:00,6078.48
2018-06-27 07:06:00,6091.48
2018-06-27 08:06:00,6104.28
2018-06-27 09:06:00,6136.76
2018-06-27 10:06:00,6116.07
2018-06-27 11:06:00,6123.07
2018-06-27 12:06:00,6120.06
2018-06-27 13:06:00,6149.33
2018-06-27 14:06:00,6142.76
2018-06-27 15:06:00,6114.31
2018-06-27 16:06:00,6126.16
2018-06-27 17:06:00,6058.39
2018-06-27 18:06:00,6128.18
2018-06-27 19:06:00,6141.89
2018-06-27 20:06:00,6149.12
2018-06-27 21:06:00,6151.63
2018-06-27 22:06:00,6150.45
2018-06-27 23:06:00,6160.75
2018-06-27 24:06:00,6157.87
2018-06-28 01:06:00,6164.1
2018-06-28 02:06:00,6181.81
2018-06-28 03:06:00,6181.43
2018-06-28 04:06:00,6167.84
2018-06-28 05:06:00,6147.92
2018-06-28 06:06:00,6123.91
2018-06-28 07:06:00,6142.96
2018-06-28 08:06:00,6142.32
2018-06-28 09:06:00,6149.71
2018-06-28 10:06:00,6143.25
2018-06-28 11:06:00,6170.54
2018-06-28 12:06:00,6159.22
2018-06-28 13:06:00,6133.42
2018-06-28 14:06:00,6135.94
2018-06-28 15:06:00,6173
2018-06-28 16:06:00,6144.03
2018-06-28 17:06:00,6128.74
2018-06-28 18:06:00,6162.34
2018-06-28 19:06:00,6152.26
2018-06-28 20:06:00,6155.61
2018-06-28 21:06:00,6160.48
2018-06-28 22:06:00,6111.16
2018-06-28 23:06:00,6085.04
2018-06-28 24:06:00,5989.06
2018-06-29 01:06:00,5950.44
2018-06-29 02:06:00,5886.27
2018-06-29 03:06:00,5910.74
2018-06-29 04:06:00,5907.31
2018-06-29 05:06:00,5889.95
2018-06-29 06:06:00,5923.09
2018-06-29 07:06:00,5890.03
2018-06-29 08:06:00,5882.77
2018-06-29 09:06:00,5945.91
2018-06-29 10:06:00,5929.09
2018-06-29 11:06:00,5951.3
2018-06-29 12:06:00,5960.05
2018-06-29 13:06:00,5928.45
2018-06-29 14:06:00,5892.82
2018-06-29 15:06:00,5901.9
2018-06-29 16:06:00,5868.1
2018-06-29 17:06:00,5925.67
2018-06-29 18:06:00,5940.89
2018-06-29 19:06:00,5916.35
2018-06-29 20:06:00,5906.05
2018-06-29 21:06:00,5907.91
2018-06-29 22:06:00,5902.94
2018-06-29 23:06:00,5925.81
2018-06-29 24:06:00,5943.59
2018-06-30 01:06:00,6160.06
2018-06-30 02:06:00,6259.34
2018-06-30 03:06:00,6250.25
2018-06-30 04:06:00,6414.14
2018-06-30 05:06:00,6423.1
2018-06-30 06:06:00,6418.16
2018-06-30 07:06:00,6397.98
2018-06-30 08:06:00,6428.54
2018-06-30 09:06:00,6425.23
2018-06-30 10:06:00,6431.07
2018-06-30 11:06:00,6424.91
2018-06-30 12:06:00,6407.12
2018-06-30 13:06:00,6411.55
2018-06-30 14:06:00,6419.06
2018-06-30 15:06:00,6430.66
2018-06-30 16:06:00,6422.03
2018-06-30 17:06:00,6379.97
2018-06-30 18:06:00,6365.15
2018-06-30 19:06:00,6374.41
2018-06-30 20:06:00,6366.02
2018-06-30 21:06:00,6352.35
2018-06-30 22:06:00,6340.19
2018-06-30 23:06:00,6354.24
2018-06-30 24:06:00,6366
2018-07-01 01:07:00,6350.48
2018-07-01 02:07:00,6391.54
2018-07-01 03:07:00,6404.12
2018-07-01 04:07:00,6361.8
2018-07-01 05:07:00,6365.38
2018-07-01 06:07:00,6363.65
2018-07-01 07:07:00,6359.31
2018-07-01 08:07:00,6380.7
2018-07-01 09:07:00,6388.43
2018-07-01 10:07:00,6395.35
2018-07-01 11:07:00,6382.8
2018-07-01 12:07:00,6369.56
2018-07-01 13:07:00,6376
2018-07-01 14:07:00,6371.64
2018-07-01 15:07:00,6371.64
2018-07-01 16:07:00,6370.36
2018-07-01 17:07:00,6319.58
2018-07-01 18:07:00,6330.78
2018-07-01 19:07:00,6338.49
2018-07-01 20:07:00,6339.06
2018-07-01 21:07:00,6337.51
2018-07-01 22:07:00,6322.67
2018-07-01 23:07:00,6371.16
2018-07-01 24:07:00,6360.05
2018-07-02 01:07:00,6377.92
2018-07-02 02:07:00,6371.13
2018-07-02 03:07:00,6346.82
2018-07-02 04:07:00,6361.81
2018-07-02 05:07:00,6349.01
2018-07-02 06:07:00,6344.65
2018-07-02 07:07:00,6324.73
2018-07-02 08:07:00,6326.78
2018-07-02 09:07:00,6307.83
2018-07-02 10:07:00,6335.9
2018-07-02 11:07:00,6352.17
2018-07-02 12:07:00,6332.9
2018-07-02 13:07:00,6346.15
2018-07-02 14:07:00,6352.42
2018-07-02 15:07:00,6375.57
2018-07-02 16:07:00,6514.91
2018-07-02 17:07:00,6493.95
2018-07-02 18:07:00,6402.23
2018-07-02 19:07:00,6303.74
2018-07-02 20:07:00,6127.01
2018-07-02 21:07:00,6195.42
2018-07-02 22:07:00,6414.14
2018-07-02 23:07:00,6108.86
2018-07-02 24:07:00,6184.73
2018-07-03 01:07:00,6205.13
2018-07-03 02:07:00,5878.19
2018-07-03 03:07:00,5979.54
2018-07-03 04:07:00,5529.83
2018-07-03 05:07:00,6123.17
2018-07-03 06:07:00,6182.74
2018-07-03 07:07:00,6406.35
2018-07-03 08:07:00,6685.03
2018-07-03 09:07:00,6658.73
2018-07-03 10:07:00,6669.02
2018-07-03 11:07:00,6662.76
2018-07-03 12:07:00,6657.63
2018-07-03 13:07:00,6588.01
2018-07-03 14:07:00,6597.76
2018-07-03 15:07:00,6622.18
2018-07-03 16:07:00,6602.74
2018-07-03 17:07:00,6603.58
2018-07-03 18:07:00,6619.04
2018-07-03 19:07:00,6631.06
2018-07-03 20:07:00,6605.64
2018-07-03 21:07:00,6609.71
2018-07-03 22:07:00,6613.54
2018-07-03 23:07:00,6637.3
2018-07-03 24:07:00,6654.11
2018-07-04 01:07:00,6545.43
2018-07-04 02:07:00,6522.89
2018-07-04 03:07:00,6502.94
2018-07-04 04:07:00,6453.05
2018-07-04 05:07:00,6485.73
2018-07-04 06:07:00,6493.12
2018-07-04 07:07:00,6503.66
2018-07-04 08:07:00,6500.41
2018-07-04 09:07:00,6504.42
2018-07-04 10:07:00,6495.67
2018-07-04 11:07:00,6538.48
2018-07-04 12:07:00,6531.44
2018-07-04 13:07:00,6565.02
2018-07-04 14:07:00,6541.26
2018-07-04 15:07:00,6556.48
2018-07-04 16:07:00,6724.6
2018-07-04 17:07:00,6728.93
2018-07-04 18:07:00,6719.73
2018-07-04 19:07:00,6710.46
2018-07-04 20:07:00,6698.93
2018-07-04 21:07:00,6711.57
2018-07-04 22:07:00,6700.17
2018-07-04 23:07:00,6713.29
2018-07-04 24:07:00,6704.75
2018-07-05 01:07:00,6645.65
2018-07-05 02:07:00,6605.33
2018-07-05 03:07:00,6575.8
2018-07-05 04:07:00,6647.84
2018-07-05 05:07:00,6637.83
2018-07-05 06:07:00,6641.31
2018-07-05 07:07:00,6650.29
2018-07-05 08:07:00,6628.92
2018-07-05 09:07:00,6637.73
2018-07-05 10:07:00,6623.95
2018-07-05 11:07:00,6636.89
2018-07-05 12:07:00,6629.45
2018-07-05 13:07:00,6649.11
2018-07-05 14:07:00,6664.71
2018-07-05 15:07:00,6639.58
2018-07-05 16:07:00,6649.1
2018-07-05 17:07:00,6622.12
2018-07-05 18:07:00,6596.68
2018-07-05 19:07:00,6640.88
2018-07-05 20:07:00,6604.57
2018-07-05 21:07:00,6515.45
2018-07-05 22:07:00,6508.75
2018-07-05 23:07:00,6542.75
2018-07-05 24:07:00,6521.64
2018-07-06 01:07:00,6548.1
2018-07-06 02:07:00,6560.58
2018-07-06 03:07:00,6580.68
2018-07-06 04:07:00,6546.86
2018-07-06 05:07:00,6566.7
2018-07-06 06:07:00,6583.67
2018-07-06 07:07:00,6520.89
2018-07-06 08:07:00,6550.16
2018-07-06 09:07:00,6506.51
2018-07-06 10:07:00,6489.94
2018-07-06 11:07:00,6526.5
2018-07-06 12:07:00,6530.63
2018-07-06 13:07:00,6549.37
2018-07-06 14:07:00,6589.51
2018-07-06 15:07:00,6603.17
2018-07-06 16:07:00,6587.46
2018-07-06 17:07:00,6596.67
2018-07-06 18:07:00,6630.76
2018-07-06 19:07:00,6618.82
2018-07-06 20:07:00,6617.33
2018-07-06 21:07:00,6590.42
2018-07-06 22:07:00,6608.08
2018-07-06 23:07:00,6629.71
2018-07-06 24:07:00,6611.38
2018-07-07 01:07:00,6619.69
2018-07-07 02:07:00,6622.66
2018-07-07 03:07:00,6624.66
2018-07-07 04:07:00,6596.39
2018-07-07 05:07:00,6616.84
2018-07-07 06:07:00,6631.73
2018-07-07 07:07:00,6626.1
2018-07-07 08:07:00,6632.82
2018-07-07 09:07:00,6619
2018-07-07 10:07:00,6610.9
2018-07-07 11:07:00,6620.28
2018-07-07 12:07:00,6602.91
2018-07-07 13:07:00,6607.42
2018-07-07 14:07:00,6620.12
2018-07-07 15:07:00,6589.44
2018-07-07 16:07:00,6557.97
2018-07-07 17:07:00,6582.98
2018-07-07 18:07:00,6585.05
2018-07-07 19:07:00,6608.86
2018-07-07 20:07:00,6580.36
2018-07-07 21:07:00,6566.24
2018-07-07 22:07:00,6579.98
2018-07-07 23:07:00,6544.28
2018-07-07 24:07:00,6559.66
2018-07-08 01:07:00,6562.2
2018-07-08 02:07:00,6750.52
2018-07-08 03:07:00,6772.3
2018-07-08 04:07:00,6757.61
2018-07-08 05:07:00,6751.83
2018-07-08 06:07:00,6763.38
2018-07-08 07:07:00,6754.94
2018-07-08 08:07:00,6758.84
2018-07-08 09:07:00,6763.21
2018-07-08 10:07:00,6761.59
2018-07-08 11:07:00,6767.21
2018-07-08 12:07:00,6760.25
2018-07-08 13:07:00,6750.58
2018-07-08 14:07:00,6750.68
2018-07-08 15:07:00,6767.13
2018-07-08 16:07:00,6767.41
2018-07-08 17:07:00,6766.4
2018-07-08 18:07:00,6789.51
2018-07-08 19:07:00,6800.4
2018-07-08 20:07:00,6791.49
2018-07-08 21:07:00,6784.01
2018-07-08 22:07:00,6779.9
2018-07-08 23:07:00,6817.22
2018-07-08 24:07:00,6792.9
2018-07-09 01:07:00,6792.52
2018-07-09 02:07:00,6723.33
2018-07-09 03:07:00,6745.52
2018-07-09 04:07:00,6723.93
2018-07-09 05:07:00,6720.67
2018-07-09 06:07:00,6728.7
2018-07-09 07:07:00,6731.46
2018-07-09 08:07:00,6722.8
2018-07-09 09:07:00,6733.42
2018-07-09 10:07:00,6746.37
2018-07-09 11:07:00,6747.68
2018-07-09 12:07:00,6707.28
2018-07-09 13:07:00,6720.5
2018-07-09 14:07:00,6736.08
2018-07-09 15:07:00,6757.9
2018-07-09 16:07:00,6751.81
2018-07-09 17:07:00,6771.03
2018-07-09 18:07:00,6757.19
2018-07-09 19:07:00,6745.66
2018-07-09 20:07:00,6720.21
2018-07-09 21:07:00,6718.34
2018-07-09 22:07:00,6751.85
2018-07-09 23:07:00,6763.72
2018-07-09 24:07:00,6754.55
2018-07-10 01:07:00,6746.86
2018-07-10 02:07:00,6686.27
2018-07-10 03:07:00,6685.28
2018-07-10 04:07:00,6700.8
2018-07-10 05:07:00,6667.19
2018-07-10 06:07:00,6671.72
2018-07-10 07:07:00,6681.91
2018-07-10 08:07:00,6678.15
2018-07-10 09:07:00,6617.53
2018-07-10 10:07:00,6652.53
2018-07-10 11:07:00,6643.63
2018-07-10 12:07:00,6519.71
2018-07-10 13:07:00,6481.18
2018-07-10 14:07:00,6416.14
2018-07-10 15:07:00,6397.84
2018-07-10 16:07:00,6411.72
2018-07-10 17:07:00,6398.01
2018-07-10 18:07:00,6427.3
2018-07-10 19:07:00,6392.2
2018-07-10 20:07:00,6395.91
2018-07-10 21:07:00,6420.73
2018-07-10 22:07:00,6415.77
2018-07-10 23:07:00,6414.74
2018-07-10 24:07:00,6438.05
2018-07-11 01:07:00,6405.58
2018-07-11 02:07:00,6330.41
2018-07-11 03:07:00,6377.68
2018-07-11 04:07:00,6455.93
2018-07-11 05:07:00,6404.9
2018-07-11 06:07:00,6407.13
2018-07-11 07:07:00,6375.7
2018-07-11 08:07:00,6374.94
2018-07-11 09:07:00,6359.03
2018-07-11 10:07:00,6395.57
2018-07-11 11:07:00,6421.49
2018-07-11 12:07:00,6392.9
2018-07-11 13:07:00,6433.36
2018-07-11 14:07:00,6461.13
2018-07-11 15:07:00,6490.86
2018-07-11 16:07:00,6460.39
2018-07-11 17:07:00,6506.8
2018-07-11 18:07:00,6463.43
2018-07-11 19:07:00,6418.91
2018-07-11 20:07:00,6435.73
2018-07-11 21:07:00,6488.91
2018-07-11 22:07:00,6359.74
2018-07-11 23:07:00,6403.94
2018-07-11 24:07:00,6406.83
2018-07-12 01:07:00,6437.65
2018-07-12 02:07:00,6426.76
2018-07-12 03:07:00,6412.42
2018-07-12 04:07:00,6404.64
2018-07-12 05:07:00,6355.21
2018-07-12 06:07:00,6404.19
2018-07-12 07:07:00,6407.55
2018-07-12 08:07:00,6386.86
2018-07-12 09:07:00,6243.16
2018-07-12 10:07:00,6210.56
2018-07-12 11:07:00,6191.63
2018-07-12 12:07:00,6225.19
2018-07-12 13:07:00,6198.17
2018-07-12 14:07:00,6181.58
2018-07-12 15:07:00,6205.3
2018-07-12 16:07:00,6214.13
2018-07-12 17:07:00,6228.63
2018-07-12 18:07:00,6220.88
2018-07-12 19:07:00,6223.23
2018-07-12 20:07:00,6231.64
2018-07-12 21:07:00,6268.32
2018-07-12 22:07:00,6238.49
2018-07-12 23:07:00,6249.74
2018-07-12 24:07:00,6206.89
2018-07-13 01:07:00,6182.69
2018-07-13 02:07:00,6191.06
2018-07-13 03:07:00,6286.03
2018-07-13 04:07:00,6294.29
2018-07-13 05:07:00,6292.08
2018-07-13 06:07:00,6296.18
2018-07-13 07:07:00,6304.68
2018-07-13 08:07:00,6321.8
2018-07-13 09:07:00,6306.2
2018-07-13 10:07:00,6289.7
2018-07-13 11:07:00,6301.56
2018-07-13 12:07:00,6299.03
2018-07-13 13:07:00,6304.6
2018-07-13 14:07:00,6305.49
2018-07-13 15:07:00,6299.91
2018-07-13 16:07:00,6295.68
2018-07-13 17:07:00,6290.86
2018-07-13 18:07:00,6292.66
2018-07-13 19:07:00,6301.92
2018-07-13 20:07:00,6318.73
2018-07-13 21:07:00,6300.56
2018-07-13 22:07:00,6213.01
2018-07-13 23:07:00,6198.43
2018-07-13 24:07:00,6240.57
2018-07-14 01:07:00,6247.92
2018-07-14 02:07:00,6272.99
2018-07-14 03:07:00,6296.71
2018-07-14 04:07:00,6318.56
2018-07-14 05:07:00,6314.81
2018-07-14 06:07:00,6279.83
2018-07-14 07:07:00,6310.88
2018-07-14 08:07:00,6300.95
2018-07-14 09:07:00,6288.48
2018-07-14 10:07:00,6283.38
2018-07-14 11:07:00,6265.58
2018-07-14 12:07:00,6237.06
2018-07-14 13:07:00,6261.83
2018-07-14 14:07:00,6277.76
2018-07-14 15:07:00,6291.59
2018-07-14 16:07:00,6288.43
2018-07-14 17:07:00,6289.88
2018-07-14 18:07:00,6309.45
2018-07-14 19:07:00,6307.07
2018-07-14 20:07:00,6318.86
2018-07-14 21:07:00,6302.29
2018-07-14 22:07:00,6282.25
2018-07-14 23:07:00,6295.82
2018-07-14 24:07:00,6331.64
2018-07-15 01:07:00,6304.58
2018-07-15 02:07:00,6305.28
2018-07-15 03:07:00,6292.5
2018-07-15 04:07:00,6304.62
2018-07-15 05:07:00,6302.96
2018-07-15 06:07:00,6297.9
2018-07-15 07:07:00,6320.04
2018-07-15 08:07:00,6311.51
2018-07-15 09:07:00,6334.94
2018-07-15 10:07:00,6339.78
2018-07-15 11:07:00,6335.96
2018-07-15 12:07:00,6362.49
2018-07-15 13:07:00,6370.73
2018-07-15 14:07:00,6460.29
2018-07-15 15:07:00,6390.95
2018-07-15 16:07:00,6399.24
2018-07-15 17:07:00,6429.26
2018-07-15 18:07:00,6418.62
2018-07-15 19:07:00,6432.69
2018-07-15 20:07:00,6427.74
2018-07-15 21:07:00,6413.61
2018-07-15 22:07:00,6419.78
2018-07-15 23:07:00,6449.88
2018-07-15 24:07:00,6454.5
2018-07-16 01:07:00,6410.64
2018-07-16 02:07:00,6416.61
2018-07-16 03:07:00,6435.54
2018-07-16 04:07:00,6438.24
2018-07-16 05:07:00,6401.28
2018-07-16 06:07:00,6455.71
2018-07-16 07:07:00,6445.63
2018-07-16 08:07:00,6436.08
2018-07-16 09:07:00,6441.76
2018-07-16 10:07:00,6450.12
2018-07-16 11:07:00,6438.61
2018-07-16 12:07:00,6497.42
2018-07-16 13:07:00,6551.29
2018-07-16 14:07:00,6628.23
2018-07-16 15:07:00,6651.55
2018-07-16 16:07:00,6636.37
2018-07-16 17:07:00,6673.62
2018-07-16 18:07:00,6716.84
2018-07-16 19:07:00,6681.46
2018-07-16 20:07:00,6699.9
2018-07-16 21:07:00,6722.13
2018-07-16 22:07:00,6709.57
2018-07-16 23:07:00,6729.4
2018-07-16 24:07:00,6738.8
2018-07-17 01:07:00,6711.99
2018-07-17 02:07:00,6741.62
2018-07-17 03:07:00,6755.23
2018-07-17 04:07:00,6785.28
2018-07-17 05:07:00,6786.76
2018-07-17 06:07:00,6816.29
2018-07-17 07:07:00,6791.77
2018-07-17 08:07:00,6744.63
2018-07-17 09:07:00,6746.62
2018-07-17 10:07:00,6789.81
2018-07-17 11:07:00,6763.1
2018-07-17 12:07:00,6770.32
2018-07-17 13:07:00,6769.42
2018-07-17 14:07:00,6754.07
2018-07-17 15:07:00,6728.49
2018-07-17 16:07:00,6752.14
2018-07-17 17:07:00,6760.19
2018-07-17 18:07:00,6777.5
2018-07-17 19:07:00,6802.81
2018-07-17 20:07:00,7078.97
2018-07-17 21:07:00,7384.56
2018-07-17 22:07:00,7390.07
2018-07-17 23:07:00,7379.61
2018-07-17 24:07:00,7395.26
2018-07-18 01:07:00,7379.4
2018-07-18 02:07:00,7408.61
2018-07-18 03:07:00,7423.58
2018-07-18 04:07:00,7406.24
2018-07-18 05:07:00,7423.34
2018-07-18 06:07:00,7518.48
2018-07-18 07:07:00,7511.31
2018-07-18 08:07:00,7496.53
2018-07-18 09:07:00,7529.24
2018-07-18 10:07:00,7506.49
2018-07-18 11:07:00,7410.82
2018-07-18 12:07:00,7428.66
2018-07-18 13:07:00,7443.3
2018-07-18 14:07:00,7450.32
2018-07-18 15:07:00,7482.91
2018-07-18 16:07:00,7456.21
2018-07-18 17:07:00,7487.14
2018-07-18 18:07:00,7444.5
2018-07-18 19:07:00,7487.35
2018-07-18 20:07:00,7507.57
2018-07-18 21:07:00,7516.66
2018-07-18 22:07:00,7412.4
2018-07-18 23:07:00,7320.07
2018-07-18 24:07:00,7374.27
2018-07-19 01:07:00,7356
2018-07-19 02:07:00,7402.04
2018-07-19 03:07:00,7419.18
2018-07-19 04:07:00,7359.18
2018-07-19 05:07:00,7364.14
2018-07-19 06:07:00,7384.49
2018-07-19 07:07:00,7414.12
2018-07-19 08:07:00,7402.37
2018-07-19 09:07:00,7390.36
2018-07-19 10:07:00,7372.85
2018-07-19 11:07:00,7373.15
2018-07-19 12:07:00,7419.38
2018-07-19 13:07:00,7443.92
2018-07-19 14:07:00,7440.01
2018-07-19 15:07:00,7473.35
2018-07-19 16:07:00,7486.55
2018-07-19 17:07:00,7483.51
2018-07-19 18:07:00,7446.71
2018-07-19 19:07:00,7419.23
2018-07-19 20:07:00,7420.37
2018-07-19 21:07:00,7449.87
2018-07-19 22:07:00,7481.89
2018-07-19 23:07:00,7502.96
2018-07-19 24:07:00,7504.1
2018-07-20 01:07:00,7511.82
2018-07-20 02:07:00,7493.96
2018-07-20 03:07:00,7431.04
2018-07-20 04:07:00,7472.63
2018-07-20 05:07:00,7506.66
2018-07-20 06:07:00,7499.33
2018-07-20 07:07:00,7498.76
2018-07-20 08:07:00,7478.89
2018-07-20 09:07:00,7429.67
2018-07-20 10:07:00,7432.87
2018-07-20 11:07:00,7498.44
2018-07-20 12:07:00,7499.74
2018-07-20 13:07:00,7495.88
2018-07-20 14:07:00,7512.83
2018-07-20 15:07:00,7497.31
2018-07-20 16:07:00,7490.97
2018-07-20 17:07:00,7502.35
2018-07-20 18:07:00,7516.65
2018-07-20 19:07:00,7586.3
2018-07-20 20:07:00,7404.2
2018-07-20 21:07:00,7353.26
2018-07-20 22:07:00,7360.16
2018-07-20 23:07:00,7416.43
2018-07-20 24:07:00,7373.28
2018-07-21 01:07:00,7338.17
2018-07-21 02:07:00,7355.81
2018-07-21 03:07:00,7295.94
2018-07-21 04:07:00,7283.64
2018-07-21 05:07:00,7345.27
2018-07-21 06:07:00,7324.45
2018-07-21 07:07:00,7329.34
2018-07-21 08:07:00,7334.01
2018-07-21 09:07:00,7390.38
2018-07-21 10:07:00,7393.44
2018-07-21 11:07:00,7355.51
2018-07-21 12:07:00,7389.82
2018-07-21 13:07:00,7337.05
2018-07-21 14:07:00,7355.98
2018-07-21 15:07:00,7379.78
2018-07-21 16:07:00,7398.46
2018-07-21 17:07:00,7406.73
2018-07-21 18:07:00,7427.19
2018-07-21 19:07:00,7437.01
2018-07-21 20:07:00,7441.72
2018-07-21 21:07:00,7480.99
2018-07-21 22:07:00,7457.54
2018-07-21 23:07:00,7457.68
2018-07-21 24:07:00,7478.97
2018-07-22 01:07:00,7463.19
2018-07-22 02:07:00,7480.2
2018-07-22 03:07:00,7422.71
2018-07-22 04:07:00,7482.45
2018-07-22 05:07:00,7480.25
2018-07-22 06:07:00,7437.46
2018-07-22 07:07:00,7433.38
2018-07-22 08:07:00,7459.15
2018-07-22 09:07:00,7450.37
2018-07-22 10:07:00,7446.63
2018-07-22 11:07:00,7465.05
2018-07-22 12:07:00,7491.39
2018-07-22 13:07:00,7489.31
2018-07-22 14:07:00,7505.58
2018-07-22 15:07:00,7554.2
2018-07-22 16:07:00,7505.3
2018-07-22 17:07:00,7512.32
2018-07-22 18:07:00,7568.49
2018-07-22 19:07:00,7562.49
2018-07-22 20:07:00,7556.22
2018-07-22 21:07:00,7592.79
2018-07-22 22:07:00,7582.5
2018-07-22 23:07:00,7594.32
2018-07-22 24:07:00,7448.93
2018-07-23 01:07:00,7409.69
2018-07-23 02:07:00,7448.49
2018-07-23 03:07:00,7447.72
2018-07-23 04:07:00,7501.18
2018-07-23 05:07:00,7622.25
2018-07-23 06:07:00,7660.86
2018-07-23 07:07:00,7690.88
2018-07-23 08:07:00,7714.59
2018-07-23 09:07:00,7702.68
2018-07-23 10:07:00,7742.72
2018-07-23 11:07:00,7734.62
2018-07-23 12:07:00,7727.7
2018-07-23 13:07:00,7745.14
2018-07-23 14:07:00,7702.04
2018-07-23 15:07:00,7728.41
2018-07-23 16:07:00,7750.69
2018-07-23 17:07:00,7751.92
2018-07-23 18:07:00,7752.22
2018-07-23 19:07:00,7763.54
2018-07-23 20:07:00,7762.54
2018-07-23 21:07:00,7747.58
2018-07-23 22:07:00,7773.8
2018-07-23 23:07:00,7780.18
2018-07-23 24:07:00,7760.05
2018-07-24 01:07:00,7775.03
2018-07-24 02:07:00,7728.75
2018-07-24 03:07:00,7741.77
2018-07-24 04:07:00,7760.2
2018-07-24 05:07:00,7773.95
2018-07-24 06:07:00,7773.68
2018-07-24 07:07:00,7827.76
2018-07-24 08:07:00,7966.26
2018-07-24 09:07:00,7997.29
2018-07-24 10:07:00,8017.63
2018-07-24 11:07:00,8005.69
2018-07-24 12:07:00,8015.64
2018-07-24 13:07:00,8091.96
2018-07-24 14:07:00,8186.28
2018-07-24 15:07:00,8221.64
2018-07-24 16:07:00,8215.89
2018-07-24 17:07:00,8211.33
2018-07-24 18:07:00,8195.38
2018-07-24 19:07:00,8200.29
2018-07-24 20:07:00,8241.97
2018-07-24 21:07:00,8239.96
2018-07-24 22:07:00,8288.55
2018-07-24 23:07:00,8220.27
2018-07-24 24:07:00,8244.15
2018-07-25 01:07:00,8304.54
2018-07-25 02:07:00,8388.63
2018-07-25 03:07:00,8322.47
2018-07-25 04:07:00,8130.72
2018-07-25 05:07:00,8224.3
2018-07-25 06:07:00,8098.73
2018-07-25 07:07:00,8134.58
2018-07-25 08:07:00,8164.74
2018-07-25 09:07:00,8212.02
2018-07-25 10:07:00,8097.77
2018-07-25 11:07:00,8091.02
2018-07-25 12:07:00,8122.64
2018-07-25 13:07:00,8200.52
2018-07-25 14:07:00,8226.29
2018-07-25 15:07:00,8225.59
2018-07-25 16:07:00,8213.06
2018-07-25 17:07:00,8214.46
2018-07-25 18:07:00,8122.34
2018-07-25 19:07:00,8164
2018-07-25 20:07:00,8156.32
2018-07-25 21:07:00,8123.76
2018-07-25 22:07:00,8142.64
2018-07-25 23:07:00,8167.65
2018-07-25 24:07:00,8270.1
2018-07-26 01:07:00,8300.08
2018-07-26 02:07:00,8230.25
2018-07-26 03:07:00,8220.25
2018-07-26 04:07:00,8237.89
2018-07-26 05:07:00,8212.58
2018-07-26 06:07:00,8218.43
2018-07-26 07:07:00,8236.56
2018-07-26 08:07:00,8236.84
2018-07-26 09:07:00,8248.42
2018-07-26 10:07:00,8288.99
2018-07-26 11:07:00,8269.02
2018-07-26 12:07:00,8280.17
2018-07-26 13:07:00,8307.19
2018-07-26 14:07:00,8272.98
2018-07-26 15:07:00,8238.61
2018-07-26 16:07:00,8232.24
2018-07-26 17:07:00,8226.59
2018-07-26 18:07:00,8227.61
2018-07-26 19:07:00,8220.62
2018-07-26 20:07:00,8235.01
2018-07-26 21:07:00,8222.73
2018-07-26 22:07:00,8260.86
2018-07-26 23:07:00,8234.07
2018-07-26 24:07:00,8049.54
2018-07-27 01:07:00,7991.67
2018-07-27 02:07:00,7922.73
2018-07-27 03:07:00,7941.83
2018-07-27 04:07:00,7908.89
2018-07-27 05:07:00,7908.36
2018-07-27 06:07:00,7901.94
2018-07-27 07:07:00,7945.48
2018-07-27 08:07:00,7941.73
2018-07-27 09:07:00,7945.27
2018-07-27 10:07:00,7952.07
2018-07-27 11:07:00,7985.37
2018-07-27 12:07:00,8003.39
2018-07-27 13:07:00,7964.32
2018-07-27 14:07:00,7936.5
2018-07-27 15:07:00,7885.93
2018-07-27 16:07:00,7863.12
2018-07-27 17:07:00,7877.49
2018-07-27 18:07:00,8091.51
2018-07-27 19:07:00,8200.39
2018-07-27 20:07:00,8192.04
2018-07-27 21:07:00,8243.07
2018-07-27 22:07:00,8251.74
2018-07-27 23:07:00,8248.1
2018-07-27 24:07:00,8253.98
2018-07-28 01:07:00,8255.05
2018-07-28 02:07:00,8190.18
2018-07-28 03:07:00,8202.47
2018-07-28 04:07:00,8178.94
2018-07-28 05:07:00,8256.22
2018-07-28 06:07:00,8185.27
2018-07-28 07:07:00,8202.49
2018-07-28 08:07:00,8225.11
2018-07-28 09:07:00,8173.98
2018-07-28 10:07:00,8188.36
2018-07-28 11:07:00,8219.72
2018-07-28 12:07:00,8192.83
2018-07-28 13:07:00,8191.06
2018-07-28 14:07:00,8181.73
2018-07-28 15:07:00,8199.99
2018-07-28 16:07:00,8197.9
2018-07-28 17:07:00,8161.69
2018-07-28 18:07:00,8119.38
2018-07-28 19:07:00,8170.13
2018-07-28 20:07:00,8199.33
2018-07-28 21:07:00,8178.03
2018-07-28 22:07:00,8230.24
2018-07-28 23:07:00,8198.22
2018-07-28 24:07:00,8187.87
2018-07-29 01:07:00,8190.68
2018-07-29 02:07:00,8213.7
2018-07-29 03:07:00,8274.32
2018-07-29 04:07:00,8258.25
2018-07-29 05:07:00,8266.12
2018-07-29 06:07:00,8240.69
2018-07-29 07:07:00,8224.07
2018-07-29 08:07:00,8216.48
2018-07-29 09:07:00,8213.87
2018-07-29 10:07:00,8211.6
2018-07-29 11:07:00,8165.96
2018-07-29 12:07:00,8195.86
2018-07-29 13:07:00,8183.71
2018-07-29 14:07:00,8164.73
2018-07-29 15:07:00,8205.04
2018-07-29 16:07:00,8207.23
2018-07-29 17:07:00,8235.54
2018-07-29 18:07:00,8227.05
2018-07-29 19:07:00,8210.29
2018-07-29 20:07:00,8202.03
2018-07-29 21:07:00,8219.12
2018-07-29 22:07:00,8236.11
2018-07-29 23:07:00,8224.89
2018-07-29 24:07:00,8217.9
2018-07-30 01:07:00,8197.46
2018-07-30 02:07:00,8249.57
2018-07-30 03:07:00,8134.91
2018-07-30 04:07:00,8230.65
2018-07-30 05:07:00,8204.63
2018-07-30 06:07:00,8210.5
2018-07-30 07:07:00,8178.33
2018-07-30 08:07:00,8185.36
2018-07-30 09:07:00,8148.44
2018-07-30 10:07:00,8146.79
2018-07-30 11:07:00,8178.77
2018-07-30 12:07:00,8175.87
2018-07-30 13:07:00,8158.94
2018-07-30 14:07:00,8145.93
2018-07-30 15:07:00,8160.45
2018-07-30 16:07:00,8142.53
2018-07-30 17:07:00,8181.93
2018-07-30 18:07:00,8165.54
2018-07-30 19:07:00,8131.12
2018-07-30 20:07:00,8021.09
2018-07-30 21:07:00,7936
2018-07-30 22:07:00,8083.45
2018-07-30 23:07:00,8142.19
2018-07-30 24:07:00,8148.63
2018-07-31 01:07:00,8186.04
2018-07-31 02:07:00,8183
2018-07-31 03:07:00,8163.39
2018-07-31 04:07:00,8142.89
2018-07-31 05:07:00,8162.3
2018-07-31 06:07:00,8167.82
2018-07-31 07:07:00,8122.38
2018-07-31 08:07:00,8138.63
2018-07-31 09:07:00,8167.51
2018-07-31 10:07:00,8145.67
2018-07-31 11:07:00,8089.66
2018-07-31 12:07:00,8050.37
2018-07-31 13:07:00,7995.58
2018-07-31 14:07:00,8008.88
2018-07-31 15:07:00,7851.82
2018-07-31 16:07:00,7796.54
2018-07-31 17:07:00,7747.6
2018-07-31 18:07:00,7750.59
2018-07-31 19:07:00,7787.23
2018-07-31 20:07:00,7780.97
2018-07-31 21:07:00,7748.23
2018-07-31 22:07:00,7763.97
2018-07-31 23:07:00,7723.53
2018-07-31 24:07:00,7736.91
2018-08-01 01:08:00,7728.23
2018-08-01 02:08:00,7715.07
2018-08-01 03:08:00,7736.01
2018-08-01 04:08:00,7636.12
2018-08-01 05:08:00,7553.05
2018-08-01 06:08:00,7551.72
2018-08-01 07:08:00,7574.45
2018-08-01 08:08:00,7522.57
2018-08-01 09:08:00,7570.09
2018-08-01 10:08:00,7583.5
2018-08-01 11:08:00,7641.58
2018-08-01 12:08:00,7652.66
2018-08-01 13:08:00,7611.41
2018-08-01 14:08:00,7591.07
2018-08-01 15:08:00,7611.55
2018-08-01 16:08:00,7625.16
2018-08-01 17:08:00,7630.36
2018-08-01 18:08:00,7631.11
2018-08-01 19:08:00,7589.94
2018-08-01 20:08:00,7575.33
2018-08-01 21:08:00,7577.03
2018-08-01 22:08:00,7585.29
2018-08-01 23:08:00,7527.69
2018-08-01 24:08:00,7515.87
2018-08-02 01:08:00,7567.13
2018-08-02 02:08:00,7607.93
2018-08-02 03:08:00,7657.72
2018-08-02 04:08:00,7716.61
2018-08-02 05:08:00,7688.05
2018-08-02 06:08:00,7678.26
2018-08-02 07:08:00,7671.6
2018-08-02 08:08:00,7675.82
2018-08-02 09:08:00,7686.24
2018-08-02 10:08:00,7709.43
2018-08-02 11:08:00,7684.8
2018-08-02 12:08:00,7650.89
2018-08-02 13:08:00,7610.72
2018-08-02 14:08:00,7595.16
2018-08-02 15:08:00,7588.43
2018-08-02 16:08:00,7549.02
2018-08-02 17:08:00,7562.91
2018-08-02 18:08:00,7556.6
2018-08-02 19:08:00,7550
2018-08-02 20:08:00,7583.47
2018-08-02 21:08:00,7529.64
2018-08-02 22:08:00,7554.37
2018-08-02 23:08:00,7582.94
2018-08-02 24:08:00,7579.82
2018-08-03 01:08:00,7578.51
2018-08-03 02:08:00,7583.37
2018-08-03 03:08:00,7443.98
2018-08-03 04:08:00,7366.86
2018-08-03 05:08:00,7364.91
2018-08-03 06:08:00,7369.08
2018-08-03 07:08:00,7334.96
2018-08-03 08:08:00,7379.92
2018-08-03 09:08:00,7374.94
2018-08-03 10:08:00,7364.7
2018-08-03 11:08:00,7412.38
2018-08-03 12:08:00,7374.76
2018-08-03 13:08:00,7382.34
2018-08-03 14:08:00,7367.02
2018-08-03 15:08:00,7385.26
2018-08-03 16:08:00,7405.46
2018-08-03 17:08:00,7486.9
2018-08-03 18:08:00,7503.32
2018-08-03 19:08:00,7509.85
2018-08-03 20:08:00,7521.13
2018-08-03 21:08:00,7522.56
2018-08-03 22:08:00,7426.16
2018-08-03 23:08:00,7410.93
2018-08-03 24:08:00,7448.62
2018-08-04 01:08:00,7446.48
2018-08-04 02:08:00,7423.94
2018-08-04 03:08:00,7445.28
2018-08-04 04:08:00,7472.4
2018-08-04 05:08:00,7508.03
2018-08-04 06:08:00,7484.86
2018-08-04 07:08:00,7493.13
2018-08-04 08:08:00,7480.9
2018-08-04 09:08:00,7456.24
2018-08-04 10:08:00,7474.03
2018-08-04 11:08:00,7481.65
2018-08-04 12:08:00,7482.98
2018-08-04 13:08:00,7436.42
2018-08-04 14:08:00,7434.17
2018-08-04 15:08:00,7311.04
2018-08-04 16:08:00,7284.77
2018-08-04 17:08:00,7109.33
2018-08-04 18:08:00,7023.48
2018-08-04 19:08:00,7031.56
2018-08-04 20:08:00,6994.92
2018-08-04 21:08:00,7022.35
2018-08-04 22:08:00,7021.84
2018-08-04 23:08:00,7019.74
2018-08-04 24:08:00,7056.69
2018-08-05 01:08:00,7045.74
2018-08-05 02:08:00,7056.21
2018-08-05 03:08:00,6996.65
2018-08-05 04:08:00,6947.07
2018-08-05 05:08:00,6962.33
2018-08-05 06:08:00,7014.47
2018-08-05 07:08:00,7016.91
2018-08-05 08:08:00,7019.82
2018-08-05 09:08:00,6994.11
2018-08-05 10:08:00,6988.08
2018-08-05 11:08:00,7010.46
2018-08-05 12:08:00,7061.22
2018-08-05 13:08:00,7101.21
2018-08-05 14:08:00,7055.24
2018-08-05 15:08:00,7073.88
2018-08-05 16:08:00,7026.35
2018-08-05 17:08:00,6945.11
2018-08-05 18:08:00,7021.64
2018-08-05 19:08:00,7049.27
2018-08-05 20:08:00,7005.21
2018-08-05 21:08:00,7025.06
2018-08-05 22:08:00,7051.91
2018-08-05 23:08:00,7068.15
2018-08-05 24:08:00,7096.51
2018-08-06 01:08:00,7064.32
2018-08-06 02:08:00,7066.68
2018-08-06 03:08:00,7086.33
2018-08-06 04:08:00,7118.52
2018-08-06 05:08:00,7155.8
2018-08-06 06:08:00,7138.41
2018-08-06 07:08:00,7135.47
2018-08-06 08:08:00,7130.89
2018-08-06 09:08:00,7121.55
2018-08-06 10:08:00,7076.24
2018-08-06 11:08:00,7007.06
2018-08-06 12:08:00,7011.36
2018-08-06 13:08:00,7001.8
2018-08-06 14:08:00,6997.56
2018-08-06 15:08:00,7007.9
2018-08-06 16:08:00,6936.73
2018-08-06 17:08:00,6960.72
2018-08-06 18:08:00,6995.72
2018-08-06 19:08:00,6973.6
2018-08-06 20:08:00,6965.51
2018-08-06 21:08:00,6941.77
2018-08-06 22:08:00,6974.43
2018-08-06 23:08:00,6962.21
2018-08-06 24:08:00,6906.31
2018-08-07 01:08:00,6885.03
2018-08-07 02:08:00,6939.99
2018-08-07 03:08:00,6986.25
2018-08-07 04:08:00,6960.78
2018-08-07 05:08:00,6960.56
2018-08-07 06:08:00,6991.87
2018-08-07 07:08:00,6987.3
2018-08-07 08:08:00,6994.77
2018-08-07 09:08:00,6969.06
2018-08-07 10:08:00,7051.43
2018-08-07 11:08:00,7065.69
2018-08-07 12:08:00,7078.82
2018-08-07 13:08:00,7079.43
2018-08-07 14:08:00,7101.14
2018-08-07 15:08:00,7115.91
2018-08-07 16:08:00,7132.44
2018-08-07 17:08:00,7097.08
2018-08-07 18:08:00,7119.66
2018-08-07 19:08:00,7139.06
2018-08-07 20:08:00,7140.95
2018-08-07 21:08:00,7114.76
2018-08-07 22:08:00,7065.36
2018-08-07 23:08:00,6920.7
2018-08-07 24:08:00,6751.42
2018-08-08 01:08:00,6773.54
2018-08-08 02:08:00,6742.93
2018-08-08 03:08:00,6626.38
2018-08-08 04:08:00,6635.26
2018-08-08 05:08:00,6604.99
2018-08-08 06:08:00,6611.05
2018-08-08 07:08:00,6517.26
2018-08-08 08:08:00,6481.27
2018-08-08 09:08:00,6552.73
2018-08-08 10:08:00,6544.27
2018-08-08 11:08:00,6501.83
2018-08-08 12:08:00,6527.96
2018-08-08 13:08:00,6492.67
2018-08-08 14:08:00,6544.56
2018-08-08 15:08:00,6528.77
2018-08-08 16:08:00,6500.42
2018-08-08 17:08:00,6478.07
2018-08-08 18:08:00,6525.64
2018-08-08 19:08:00,6323.54
2018-08-08 20:08:00,6280.45
2018-08-08 21:08:00,6217.86
2018-08-08 22:08:00,6335.07
2018-08-08 23:08:00,6334.05
2018-08-08 24:08:00,6312.96
2018-08-09 01:08:00,6304.34
2018-08-09 02:08:00,6287.75
2018-08-09 03:08:00,6324.21
2018-08-09 04:08:00,6332.6
2018-08-09 05:08:00,6336.78
2018-08-09 06:08:00,6320.28
2018-08-09 07:08:00,6338.86
2018-08-09 08:08:00,6373.37
2018-08-09 09:08:00,6378.67
2018-08-09 10:08:00,6354.01
2018-08-09 11:08:00,6345.69
2018-08-09 12:08:00,6346.75
2018-08-09 13:08:00,6353.47
2018-08-09 14:08:00,6353.15
2018-08-09 15:08:00,6283.59
2018-08-09 16:08:00,6338.91
2018-08-09 17:08:00,6496.57
2018-08-09 18:08:00,6517.85
2018-08-09 19:08:00,6481.35
2018-08-09 20:08:00,6492.29
2018-08-09 21:08:00,6492.05
2018-08-09 22:08:00,6508.54
2018-08-09 23:08:00,6515.38
2018-08-09 24:08:00,6610.51
2018-08-10 01:08:00,6627.14
2018-08-10 02:08:00,6588.62
2018-08-10 03:08:00,6586
2018-08-10 04:08:00,6561.63
2018-08-10 05:08:00,6501.21
2018-08-10 06:08:00,6538.32
2018-08-10 07:08:00,6455.47
2018-08-10 08:08:00,6457.75
2018-08-10 09:08:00,6447.75
2018-08-10 10:08:00,6497.53
2018-08-10 11:08:00,6444.12
2018-08-10 12:08:00,6379.47
2018-08-10 13:08:00,6403.45
2018-08-10 14:08:00,6378.82
2018-08-10 15:08:00,6476.27
2018-08-10 16:08:00,6514.59
2018-08-10 17:08:00,6453.76
2018-08-10 18:08:00,6474.96
2018-08-10 19:08:00,6438.26
2018-08-10 20:08:00,6408
2018-08-10 21:08:00,6423.09
2018-08-10 22:08:00,6421.62
2018-08-10 23:08:00,6253.81
2018-08-10 24:08:00,6089.39
2018-08-11 01:08:00,6115.31
2018-08-11 02:08:00,6147.74
2018-08-11 03:08:00,6149.24
2018-08-11 04:08:00,6124.61
2018-08-11 05:08:00,6146.47
2018-08-11 06:08:00,6127.3
2018-08-11 07:08:00,6128.34
2018-08-11 08:08:00,6079.71
2018-08-11 09:08:00,6115.45
2018-08-11 10:08:00,6122.85
2018-08-11 11:08:00,6147.59
2018-08-11 12:08:00,6136
2018-08-11 13:08:00,6159.81
2018-08-11 14:08:00,6133.3
2018-08-11 15:08:00,6117.74
2018-08-11 16:08:00,6145
2018-08-11 17:08:00,6147.51
2018-08-11 18:08:00,6135.58
2018-08-11 19:08:00,6127.96
2018-08-11 20:08:00,6375.41
2018-08-11 21:08:00,6425.01
2018-08-11 22:08:00,6408.85
2018-08-11 23:08:00,6412.2
2018-08-11 24:08:00,6422.47
2018-08-12 01:08:00,6443.11
2018-08-12 02:08:00,6324.7
2018-08-12 03:08:00,6257.67
2018-08-12 04:08:00,6260.69
2018-08-12 05:08:00,6318.55
2018-08-12 06:08:00,6316.65
2018-08-12 07:08:00,6303.77
2018-08-12 08:08:00,6351.17
2018-08-12 09:08:00,6407.87
2018-08-12 10:08:00,6368.6
2018-08-12 11:08:00,6342.33
2018-08-12 12:08:00,6361.36
2018-08-12 13:08:00,6374.69
2018-08-12 14:08:00,6375.04
2018-08-12 15:08:00,6279.53
2018-08-12 16:08:00,6302.68
2018-08-12 17:08:00,6335.01
2018-08-12 18:08:00,6345.16
2018-08-12 19:08:00,6325.32
2018-08-12 20:08:00,6321.12
2018-08-12 21:08:00,6334.15
2018-08-12 22:08:00,6352.69
2018-08-12 23:08:00,6351.37
2018-08-12 24:08:00,6372.43
2018-08-13 01:08:00,6382.81
2018-08-13 02:08:00,6336.5
2018-08-13 03:08:00,6380.25
2018-08-13 04:08:00,6375.64
2018-08-13 05:08:00,6364.29
2018-08-13 06:08:00,6372.87
2018-08-13 07:08:00,6381.54
2018-08-13 08:08:00,6348.58
2018-08-13 09:08:00,6437.73
2018-08-13 10:08:00,6472.29
2018-08-13 11:08:00,6506.31
2018-08-13 12:08:00,6518.77
2018-08-13 13:08:00,6518.46
2018-08-13 14:08:00,6494.23
2018-08-13 15:08:00,6476.75
2018-08-13 16:08:00,6412.46
2018-08-13 17:08:00,6409.5
2018-08-13 18:08:00,6332.26
2018-08-13 19:08:00,6319.01
2018-08-13 20:08:00,6220.84
2018-08-13 21:08:00,6263.65
2018-08-13 22:08:00,6265.87
2018-08-13 23:08:00,6307.2
2018-08-13 24:08:00,6315.35
2018-08-14 01:08:00,6274.69
2018-08-14 02:08:00,6301.77
2018-08-14 03:08:00,6248.37
2018-08-14 04:08:00,6141.71
2018-08-14 05:08:00,5974.61
2018-08-14 06:08:00,5974.37
2018-08-14 07:08:00,6019.92
2018-08-14 08:08:00,6008.88
2018-08-14 09:08:00,5988.54
2018-08-14 10:08:00,6029.13
2018-08-14 11:08:00,6053.72
2018-08-14 12:08:00,6061.81
2018-08-14 13:08:00,6058.72
2018-08-14 14:08:00,6020.54
2018-08-14 15:08:00,6092.92
2018-08-14 16:08:00,6159.27
2018-08-14 17:08:00,6092.77
2018-08-14 18:08:00,6047.32
2018-08-14 19:08:00,6046.35
2018-08-14 20:08:00,6073.59
2018-08-14 21:08:00,6069.03
2018-08-14 22:08:00,6120.23
2018-08-14 23:08:00,6104.92
2018-08-14 24:08:00,6136.72
2018-08-15 01:08:00,6165.9
2018-08-15 02:08:00,6235.29
2018-08-15 03:08:00,6239.88
2018-08-15 04:08:00,6236.32
2018-08-15 05:08:00,6280.88
2018-08-15 06:08:00,6286.46
2018-08-15 07:08:00,6345.89
2018-08-15 08:08:00,6332.65
2018-08-15 09:08:00,6337.35
2018-08-15 10:08:00,6414.7
2018-08-15 11:08:00,6456.04
2018-08-15 12:08:00,6401.6
2018-08-15 13:08:00,6362.27
2018-08-15 14:08:00,6356.81
2018-08-15 15:08:00,6384.34
2018-08-15 16:08:00,6400.96
2018-08-15 17:08:00,6392.99
2018-08-15 18:08:00,6471.28
2018-08-15 19:08:00,6576.66
2018-08-15 20:08:00,6575.89
2018-08-15 21:08:00,6572.33
2018-08-15 22:08:00,6463.6
2018-08-15 23:08:00,6363.98
2018-08-15 24:08:00,6411.68
2018-08-16 01:08:00,6416.15
2018-08-16 02:08:00,6294.97
2018-08-16 03:08:00,6293.59
2018-08-16 04:08:00,6290.61
2018-08-16 05:08:00,6308.81
2018-08-16 06:08:00,6330.01
2018-08-16 07:08:00,6338.96
2018-08-16 08:08:00,6339.22
2018-08-16 09:08:00,6329
2018-08-16 10:08:00,6398.35
2018-08-16 11:08:00,6418.62
2018-08-16 12:08:00,6416.51
2018-08-16 13:08:00,6455.82
2018-08-16 14:08:00,6447.76
2018-08-16 15:08:00,6379.8
2018-08-16 16:08:00,6351.53
2018-08-16 17:08:00,6361.88
2018-08-16 18:08:00,6400.92
2018-08-16 19:08:00,6423.26
2018-08-16 20:08:00,6439.25
2018-08-16 21:08:00,6424.13
2018-08-16 22:08:00,6436.28
2018-08-16 23:08:00,6341.55
2018-08-16 24:08:00,6288.24
2018-08-17 01:08:00,6319.54
2018-08-17 02:08:00,6308.88
2018-08-17 03:08:00,6344.02
2018-08-17 04:08:00,6385.69
2018-08-17 05:08:00,6425.12
2018-08-17 06:08:00,6439.5
2018-08-17 07:08:00,6508.37
2018-08-17 08:08:00,6484.71
2018-08-17 09:08:00,6491.91
2018-08-17 10:08:00,6507.96
2018-08-17 11:08:00,6512.17
2018-08-17 12:08:00,6508.84
2018-08-17 13:08:00,6484.19
2018-08-17 14:08:00,6489.01
2018-08-17 15:08:00,6492.89
2018-08-17 16:08:00,6508.68
2018-08-17 17:08:00,6483.24
2018-08-17 18:08:00,6508.17
2018-08-17 19:08:00,6519.01
2018-08-17 20:08:00,6551.8
2018-08-17 21:08:00,6524.13
2018-08-17 22:08:00,6522.98
2018-08-17 23:08:00,6495.17
2018-08-17 24:08:00,6534.84
2018-08-18 01:08:00,6566.33
2018-08-18 02:08:00,6579.22
2018-08-18 03:08:00,6616.53
2018-08-18 04:08:00,6596.84
2018-08-18 05:08:00,6593.3
2018-08-18 06:08:00,6519.29
2018-08-18 07:08:00,6568.4
2018-08-18 08:08:00,6548.28
2018-08-18 09:08:00,6521.41
2018-08-18 10:08:00,6504.72
2018-08-18 11:08:00,6529.29
2018-08-18 12:08:00,6531.25
2018-08-18 13:08:00,6542.36
2018-08-18 14:08:00,6546.97
2018-08-18 15:08:00,6530.86
2018-08-18 16:08:00,6393.71
2018-08-18 17:08:00,6395.49
2018-08-18 18:08:00,6370.23
2018-08-18 19:08:00,6357.56
2018-08-18 20:08:00,6362.01
2018-08-18 21:08:00,6381.81
2018-08-18 22:08:00,6391.34
2018-08-18 23:08:00,6368.28
2018-08-18 24:08:00,6413.25
2018-08-19 01:08:00,6425.76
2018-08-19 02:08:00,6434.03
2018-08-19 03:08:00,6389.16
2018-08-19 04:08:00,6388.27
2018-08-19 05:08:00,6394.59
2018-08-19 06:08:00,6359.31
2018-08-19 07:08:00,6379.67
2018-08-19 08:08:00,6410.74
2018-08-19 09:08:00,6407.13
2018-08-19 10:08:00,6383.4
2018-08-19 11:08:00,6402.02
2018-08-19 12:08:00,6418.61
2018-08-19 13:08:00,6400.75
2018-08-19 14:08:00,6449.38
2018-08-19 15:08:00,6444.57
2018-08-19 16:08:00,6466.17
2018-08-19 17:08:00,6494.21
2018-08-19 18:08:00,6421.96
2018-08-19 19:08:00,6405.54
2018-08-19 20:08:00,6383.95
2018-08-19 21:08:00,6392.4
2018-08-19 22:08:00,6390.17
2018-08-19 23:08:00,6481.06
2018-08-19 24:08:00,6536.4
2018-08-20 01:08:00,6522.42
2018-08-20 02:08:00,6517.85
2018-08-20 03:08:00,6521.24
2018-08-20 04:08:00,6528.18
2018-08-20 05:08:00,6534.25
2018-08-20 06:08:00,6509.68
2018-08-20 07:08:00,6494.24
2018-08-20 08:08:00,6498.24
2018-08-20 09:08:00,6488.8
2018-08-20 10:08:00,6476.89
2018-08-20 11:08:00,6485.72
2018-08-20 12:08:00,6437.12
2018-08-20 13:08:00,6471.58
2018-08-20 14:08:00,6491.92
2018-08-20 15:08:00,6474.65
2018-08-20 16:08:00,6456.69
2018-08-20 17:08:00,6480.35
2018-08-20 18:08:00,6481.6
2018-08-20 19:08:00,6500.06
2018-08-20 20:08:00,6482.16
2018-08-20 21:08:00,6510.65
2018-08-20 22:08:00,6504.51
2018-08-20 23:08:00,6499.21
2018-08-20 24:08:00,6453.94
2018-08-21 01:08:00,6335.04
2018-08-21 02:08:00,6288.71
2018-08-21 03:08:00,6317.24
2018-08-21 04:08:00,6322.25
2018-08-21 05:08:00,6345.23
2018-08-21 06:08:00,6340.2
2018-08-21 07:08:00,6334.75
2018-08-21 08:08:00,6352.25
2018-08-21 09:08:00,6392.73
2018-08-21 10:08:00,6431.74
2018-08-21 11:08:00,6479.71
2018-08-21 12:08:00,6491.97
2018-08-21 13:08:00,6460.1
2018-08-21 14:08:00,6479.61
2018-08-21 15:08:00,6474.13
2018-08-21 16:08:00,6432.55
2018-08-21 17:08:00,6424.24
2018-08-21 18:08:00,6448.49
2018-08-21 19:08:00,6420.49
2018-08-21 20:08:00,6450.21
2018-08-21 21:08:00,6454.87
2018-08-21 22:08:00,6485.97
2018-08-21 23:08:00,6456.73
2018-08-21 24:08:00,6503.71
2018-08-22 01:08:00,6495.89
2018-08-22 02:08:00,6500.76
2018-08-22 03:08:00,6494.23
2018-08-22 04:08:00,6767.51
2018-08-22 05:08:00,6771
2018-08-22 06:08:00,6744.98
2018-08-22 07:08:00,6767.12
2018-08-22 08:08:00,6714.39
2018-08-22 09:08:00,6719.03
2018-08-22 10:08:00,6694.29
2018-08-22 11:08:00,6690.6
2018-08-22 12:08:00,6725.01
2018-08-22 13:08:00,6708.26
2018-08-22 14:08:00,6684.09
2018-08-22 15:08:00,6714.71
2018-08-22 16:08:00,6699.63
2018-08-22 17:08:00,6699.15
2018-08-22 18:08:00,6595.46
2018-08-22 19:08:00,6438.57
2018-08-22 20:08:00,6471.8
2018-08-22 21:08:00,6460.12
2018-08-22 22:08:00,6459.51
2018-08-22 23:08:00,6351.82
2018-08-22 24:08:00,6357.13
2018-08-23 01:08:00,6357.38
2018-08-23 02:08:00,6387.94
2018-08-23 03:08:00,6428.51
2018-08-23 04:08:00,6440.08
2018-08-23 05:08:00,6447.64
2018-08-23 06:08:00,6423.5
2018-08-23 07:08:00,6436.3
2018-08-23 08:08:00,6438.86
2018-08-23 09:08:00,6453.18
2018-08-23 10:08:00,6462.18
2018-08-23 11:08:00,6469.58
2018-08-23 12:08:00,6443.35
2018-08-23 13:08:00,6437.62
2018-08-23 14:08:00,6448.28
2018-08-23 15:08:00,6445.32
2018-08-23 16:08:00,6465.52
2018-08-23 17:08:00,6469.7
2018-08-23 18:08:00,6465.64
2018-08-23 19:08:00,6485.51
2018-08-23 20:08:00,6481.11
2018-08-23 21:08:00,6478.38
2018-08-23 22:08:00,6429.05
2018-08-23 23:08:00,6437.3
2018-08-23 24:08:00,6487.3
2018-08-24 01:08:00,6545.45
2018-08-24 02:08:00,6547.51
2018-08-24 03:08:00,6526.43
2018-08-24 04:08:00,6528.26
2018-08-24 05:08:00,6541.58
2018-08-24 06:08:00,6527.98
2018-08-24 07:08:00,6508.67
2018-08-24 08:08:00,6530.57
2018-08-24 09:08:00,6539.99
2018-08-24 10:08:00,6557.31
2018-08-24 11:08:00,6541.77
2018-08-24 12:08:00,6555.76
2018-08-24 13:08:00,6579.6
2018-08-24 14:08:00,6595.2
2018-08-24 15:08:00,6550.01
2018-08-24 16:08:00,6573.86
2018-08-24 17:08:00,6519.03
2018-08-24 18:08:00,6535.66
2018-08-24 19:08:00,6553.41
2018-08-24 20:08:00,6605.7
2018-08-24 21:08:00,6631.61
2018-08-24 22:08:00,6651.36
2018-08-24 23:08:00,6641.46
2018-08-24 24:08:00,6694.43
2018-08-25 01:08:00,6723.57
2018-08-25 02:08:00,6717.58
2018-08-25 03:08:00,6738.32
2018-08-25 04:08:00,6734.81
2018-08-25 05:08:00,6788.04
2018-08-25 06:08:00,6769.62
2018-08-25 07:08:00,6827.4
2018-08-25 08:08:00,6760.61
2018-08-25 09:08:00,6787.16
2018-08-25 10:08:00,6713.35
2018-08-25 11:08:00,6746.53
2018-08-25 12:08:00,6745.86
2018-08-25 13:08:00,6783.51
2018-08-25 14:08:00,6743.34
2018-08-25 15:08:00,6739.13
2018-08-25 16:08:00,6739.82
2018-08-25 17:08:00,6741.11
2018-08-25 18:08:00,6771.93
2018-08-25 19:08:00,6748.62
2018-08-25 20:08:00,6757.55
2018-08-25 21:08:00,6755.38
2018-08-25 22:08:00,6757.44
2018-08-25 23:08:00,6766.22
2018-08-25 24:08:00,6732.93
2018-08-26 01:08:00,6770.89
2018-08-26 02:08:00,6772.23
2018-08-26 03:08:00,6772.7
2018-08-26 04:08:00,6753.95
2018-08-26 05:08:00,6690.18
2018-08-26 06:08:00,6641.35
2018-08-26 07:08:00,6681.38
2018-08-26 08:08:00,6635.73
2018-08-26 09:08:00,6621.9
2018-08-26 10:08:00,6652.54
2018-08-26 11:08:00,6672.71
2018-08-26 12:08:00,6675
2018-08-26 13:08:00,6699.54
2018-08-26 14:08:00,6725.75
2018-08-26 15:08:00,6709.27
2018-08-26 16:08:00,6732.6
2018-08-26 17:08:00,6741.92
2018-08-26 18:08:00,6711.89
2018-08-26 19:08:00,6700.98
2018-08-26 20:08:00,6671.28
2018-08-26 21:08:00,6691.99
2018-08-26 22:08:00,6711.35
2018-08-26 23:08:00,6706.85
2018-08-26 24:08:00,6723.53
2018-08-27 01:08:00,6711.52
2018-08-27 02:08:00,6719.98
2018-08-27 03:08:00,6716.22
2018-08-27 04:08:00,6716.02
2018-08-27 05:08:00,6718.66
2018-08-27 06:08:00,6702.63
2018-08-27 07:08:00,6730.62
2018-08-27 08:08:00,6742.85
2018-08-27 09:08:00,6754.05
2018-08-27 10:08:00,6761.22
2018-08-27 11:08:00,6737.85
2018-08-27 12:08:00,6721.83
2018-08-27 13:08:00,6730.41
2018-08-27 14:08:00,6731.12
2018-08-27 15:08:00,6727.5
2018-08-27 16:08:00,6711.36
2018-08-27 17:08:00,6740.37
2018-08-27 18:08:00,6754.74
2018-08-27 19:08:00,6760.44
2018-08-27 20:08:00,6776.63
2018-08-27 21:08:00,6754.39
2018-08-27 22:08:00,6766.79
2018-08-27 23:08:00,6759.17
2018-08-27 24:08:00,6750.2
2018-08-28 01:08:00,6762.04
2018-08-28 02:08:00,6870.2
2018-08-28 03:08:00,6904.7
2018-08-28 04:08:00,6939.02
2018-08-28 05:08:00,6916.56
2018-08-28 06:08:00,6910.46
2018-08-28 07:08:00,6910.23
2018-08-28 08:08:00,6933.6
2018-08-28 09:08:00,6949.41
2018-08-28 10:08:00,6956.12
2018-08-28 11:08:00,6967.04
2018-08-28 12:08:00,6974.78
2018-08-28 13:08:00,6968.24
2018-08-28 14:08:00,7025.27
2018-08-28 15:08:00,7044.1
2018-08-28 16:08:00,7092.01
2018-08-28 17:08:00,7087.63
2018-08-28 18:08:00,7069.02
2018-08-28 19:08:00,7059.07
2018-08-28 20:08:00,7054.44
2018-08-28 21:08:00,7095.52
2018-08-28 22:08:00,7114.41
2018-08-28 23:08:00,7137.28
2018-08-28 24:08:00,7118.15
2018-08-29 01:08:00,7094.86
2018-08-29 02:08:00,7118.88
2018-08-29 03:08:00,7103.66
2018-08-29 04:08:00,7088.72
2018-08-29 05:08:00,7072.91
2018-08-29 06:08:00,7068.77
2018-08-29 07:08:00,7079.12
2018-08-29 08:08:00,7073.67
2018-08-29 09:08:00,7111.38
2018-08-29 10:08:00,7091.47
2018-08-29 11:08:00,7087.31
2018-08-29 12:08:00,7113.29
2018-08-29 13:08:00,7128.88
2018-08-29 14:08:00,7121.93
2018-08-29 15:08:00,7129.94
2018-08-29 16:08:00,7132.07
2018-08-29 17:08:00,7116.58
2018-08-29 18:08:00,7006.89
2018-08-29 19:08:00,7008.49
2018-08-29 20:08:00,7046.86
2018-08-29 21:08:00,7040.82
2018-08-29 22:08:00,7051.05
2018-08-29 23:08:00,7053.39
2018-08-29 24:08:00,7082.43
2018-08-30 01:08:00,7083.33
2018-08-30 02:08:00,7056.8
2018-08-30 03:08:00,7075.96
2018-08-30 04:08:00,7087.76
2018-08-30 05:08:00,7024.94
2018-08-30 06:08:00,7033.49
2018-08-30 07:08:00,7042.54
2018-08-30 08:08:00,7025.62
2018-08-30 09:08:00,7003.64
2018-08-30 10:08:00,7015.96
2018-08-30 11:08:00,6990.79
2018-08-30 12:08:00,6948.28
2018-08-30 13:08:00,6947.11
2018-08-30 14:08:00,6917.2
2018-08-30 15:08:00,6884.72
2018-08-30 16:08:00,6871.9
2018-08-30 17:08:00,6900.38
2018-08-30 18:08:00,6911.31
2018-08-30 19:08:00,6880.76
2018-08-30 20:08:00,6901.77
2018-08-30 21:08:00,6848.66
2018-08-30 22:08:00,6852.46
2018-08-30 23:08:00,6913.84
2018-08-30 24:08:00,6971
2018-08-31 01:08:00,6970.07
2018-08-31 02:08:00,6996.77
2018-08-31 03:08:00,6998.72
2018-08-31 04:08:00,6984.75
2018-08-31 05:08:00,6989.08
2018-08-31 06:08:00,6977.23
2018-08-31 07:08:00,7004.09
2018-08-31 08:08:00,7039.88
2018-08-31 09:08:00,7013.84
2018-08-31 10:08:00,7021.23
2018-08-31 11:08:00,7020.14
2018-08-31 12:08:00,7000.35
2018-08-31 13:08:00,6996.42
2018-08-31 14:08:00,7006.45
2018-08-31 15:08:00,6946.5
2018-08-31 16:08:00,6960.29
2018-08-31 17:08:00,6963.1
2018-08-31 18:08:00,6988.77
2018-08-31 19:08:00,6994.89
2018-08-31 20:08:00,7049.63
2018-08-31 21:08:00,7083.87
2018-08-31 22:08:00,7068.37
2018-08-31 23:08:00,7058.91
2018-08-31 24:08:00,7048.4
2018-09-01 01:09:00,7054.51
2018-09-01 02:09:00,7027.33
2018-09-01 03:09:00,7064.94
2018-09-01 04:09:00,7068.63
2018-09-01 05:09:00,7079.84
2018-09-01 06:09:00,7086.55
2018-09-01 07:09:00,7105.02
2018-09-01 08:09:00,7070.62
2018-09-01 09:09:00,7089.94
2018-09-01 10:09:00,7100.63
2018-09-01 11:09:00,7124.84
2018-09-01 12:09:00,7111.12
2018-09-01 13:09:00,7117.28
2018-09-01 14:09:00,7143.96
2018-09-01 15:09:00,7066.19
2018-09-01 16:09:00,7097.94
2018-09-01 17:09:00,7105.86
2018-09-01 18:09:00,7199.76
2018-09-01 19:09:00,7229.02
2018-09-01 20:09:00,7219.22
2018-09-01 21:09:00,7217.44
2018-09-01 22:09:00,7266.54
2018-09-01 23:09:00,7230.88
2018-09-01 24:09:00,7209.81
2018-09-02 01:09:00,7221.81
2018-09-02 02:09:00,7202.56
2018-09-02 03:09:00,7183.07
2018-09-02 04:09:00,7169.97
2018-09-02 05:09:00,7182.49
2018-09-02 06:09:00,7205.83
2018-09-02 07:09:00,7229.4
2018-09-02 08:09:00,7244.97
2018-09-02 09:09:00,7232.4
2018-09-02 10:09:00,7253.46
2018-09-02 11:09:00,7308.71
2018-09-02 12:09:00,7320.98
2018-09-02 13:09:00,7308.99
2018-09-02 14:09:00,7278.87
2018-09-02 15:09:00,7291.57
2018-09-02 16:09:00,7229.92
2018-09-02 17:09:00,7246.74
2018-09-02 18:09:00,7255.75
2018-09-02 19:09:00,7276.24
2018-09-02 20:09:00,7334.66
2018-09-02 21:09:00,7314.93
2018-09-02 22:09:00,7323.34
2018-09-02 23:09:00,7306.36
2018-09-02 24:09:00,7307.36
2018-09-03 01:09:00,7302.79
2018-09-03 02:09:00,7310.8
2018-09-03 03:09:00,7323.64
2018-09-03 04:09:00,7269.6
2018-09-03 05:09:00,7291.56
2018-09-03 06:09:00,7271.06
2018-09-03 07:09:00,7255.51
2018-09-03 08:09:00,7239.02
2018-09-03 09:09:00,7265.48
2018-09-03 10:09:00,7264.19
2018-09-03 11:09:00,7278.66
2018-09-03 12:09:00,7249.72
2018-09-03 13:09:00,7258.38
2018-09-03 14:09:00,7265.23
2018-09-03 15:09:00,7287.09
2018-09-03 16:09:00,7315.94
2018-09-03 17:09:00,7309.76
2018-09-03 18:09:00,7296.3
2018-09-03 19:09:00,7295.61
2018-09-03 20:09:00,7296.29
2018-09-03 21:09:00,7308.81
2018-09-03 22:09:00,7315.1
2018-09-03 23:09:00,7311.18
2018-09-03 24:09:00,7317.44
2018-09-04 01:09:00,7318.87
2018-09-04 02:09:00,7275.6
2018-09-04 03:09:00,7267.18
2018-09-04 04:09:00,7301.7
2018-09-04 05:09:00,7313.7
2018-09-04 06:09:00,7289.14
2018-09-04 07:09:00,7272.36
2018-09-04 08:09:00,7285.42
2018-09-04 09:09:00,7313.13
2018-09-04 10:09:00,7329.76
2018-09-04 11:09:00,7349.97
2018-09-04 12:09:00,7333.5
2018-09-04 13:09:00,7367.1
2018-09-04 14:09:00,7355.19
2018-09-04 15:09:00,7392.09
2018-09-04 16:09:00,7381.35
2018-09-04 17:09:00,7401.69
2018-09-04 18:09:00,7384.96
2018-09-04 19:09:00,7386.89
2018-09-04 20:09:00,7393.7
2018-09-04 21:09:00,7390.33
2018-09-04 22:09:00,7366.1
2018-09-04 23:09:00,7360.72
2018-09-04 24:09:00,7415.35
2018-09-05 01:09:00,7400
2018-09-05 02:09:00,7389.89
2018-09-05 03:09:00,7382.06
2018-09-05 04:09:00,7404.27
2018-09-05 05:09:00,7394
2018-09-05 06:09:00,7384.05
2018-09-05 07:09:00,7368.02
2018-09-05 08:09:00,7385.97
2018-09-05 09:09:00,7392.02
2018-09-05 10:09:00,7407.93
2018-09-05 11:09:00,7406.71
2018-09-05 12:09:00,7251.34
2018-09-05 13:09:00,7092.08
2018-09-05 14:09:00,7008.85
2018-09-05 15:09:00,7028.24
2018-09-05 16:09:00,7033.23
2018-09-05 17:09:00,7045.03
2018-09-05 18:09:00,6996.76
2018-09-05 19:09:00,6941.4
2018-09-05 20:09:00,6935.37
2018-09-05 21:09:00,6942.9
2018-09-05 22:09:00,6943.63
2018-09-05 23:09:00,6958.99
2018-09-05 24:09:00,6981.91
2018-09-06 01:09:00,6911.08
2018-09-06 02:09:00,6780.78
2018-09-06 03:09:00,6451.26
2018-09-06 04:09:00,6450.27
2018-09-06 05:09:00,6483.82
2018-09-06 06:09:00,6442.52
2018-09-06 07:09:00,6476.27
2018-09-06 08:09:00,6422.04
2018-09-06 09:09:00,6444.64
2018-09-06 10:09:00,6459.86
2018-09-06 11:09:00,6462.24
2018-09-06 12:09:00,6389.71
2018-09-06 13:09:00,6431.63
2018-09-06 14:09:00,6432.56
2018-09-06 15:09:00,6426.43
2018-09-06 16:09:00,6485.49
2018-09-06 17:09:00,6500.66
2018-09-06 18:09:00,6448.66
2018-09-06 19:09:00,6470.96
2018-09-06 20:09:00,6450.48
2018-09-06 21:09:00,6428.02
2018-09-06 22:09:00,6469.95
2018-09-06 23:09:00,6458.51
2018-09-06 24:09:00,6466.05
2018-09-07 01:09:00,6464.22
2018-09-07 02:09:00,6511.74
2018-09-07 03:09:00,6508.39
2018-09-07 04:09:00,6535.07
2018-09-07 05:09:00,6537.23
2018-09-07 06:09:00,6529.71
2018-09-07 07:09:00,6518.68
2018-09-07 08:09:00,6559.54
2018-09-07 09:09:00,6524.66
2018-09-07 10:09:00,6534.63
2018-09-07 11:09:00,6480.47
2018-09-07 12:09:00,6490.07
2018-09-07 13:09:00,6385.23
2018-09-07 14:09:00,6405.31
2018-09-07 15:09:00,6445.04
2018-09-07 16:09:00,6464.43
2018-09-07 17:09:00,6469.67
2018-09-07 18:09:00,6434.57
2018-09-07 19:09:00,6456.77
2018-09-07 20:09:00,6442.18
2018-09-07 21:09:00,6452.51
2018-09-07 22:09:00,6449.37
2018-09-07 23:09:00,6474.28
2018-09-07 24:09:00,6671.79
2018-09-08 01:09:00,6596.27
2018-09-08 02:09:00,6622.87
2018-09-08 03:09:00,6687.16
2018-09-08 04:09:00,6723.17
2018-09-08 05:09:00,6609.64
2018-09-08 06:09:00,6680.13
2018-09-08 07:09:00,6755.45
2018-09-08 08:09:00,6704.73
2018-09-08 09:09:00,6575.95
2018-09-08 10:09:00,6744.69
2018-09-08 11:09:00,6664.99
2018-09-08 12:09:00,6756.25
2018-09-08 13:09:00,6847.42
2018-09-08 14:09:00,6729.89
2018-09-08 15:09:00,6487.17
2018-09-08 16:09:00,6589.89
2018-09-08 17:09:00,6520.63
2018-09-08 18:09:00,6458.54
2018-09-08 19:09:00,6425.22
2018-09-08 20:09:00,6292.17
2018-09-08 21:09:00,6190.16
2018-09-08 22:09:00,6215.08
2018-09-08 23:09:00,6179.45
2018-09-08 24:09:00,6204.55
2018-09-09 01:09:00,6206.15
2018-09-09 02:09:00,6218.41
2018-09-09 03:09:00,6200.21
2018-09-09 04:09:00,6224.56
2018-09-09 05:09:00,6214.15
2018-09-09 06:09:00,6185.22
2018-09-09 07:09:00,6196.38
2018-09-09 08:09:00,6220.49
2018-09-09 09:09:00,6247.6
2018-09-09 10:09:00,6221.07
2018-09-09 11:09:00,6223.43
2018-09-09 12:09:00,6365.36
2018-09-09 13:09:00,6416.97
2018-09-09 14:09:00,6400.17
2018-09-09 15:09:00,6419.43
2018-09-09 16:09:00,6427.7
2018-09-09 17:09:00,6427.58
2018-09-09 18:09:00,6396.79
2018-09-09 19:09:00,6399.39
2018-09-09 20:09:00,6449.02
2018-09-09 21:09:00,6418.74
2018-09-09 22:09:00,6414.92
2018-09-09 23:09:00,6418.16
2018-09-09 24:09:00,6396.58
2018-09-10 01:09:00,6284.19
2018-09-10 02:09:00,6272.78
2018-09-10 03:09:00,6278.45
2018-09-10 04:09:00,6332.01
2018-09-10 05:09:00,6350.52
2018-09-10 06:09:00,6328.12
2018-09-10 07:09:00,6317
2018-09-10 08:09:00,6317.89
2018-09-10 09:09:00,6334.91
2018-09-10 10:09:00,6357.7
2018-09-10 11:09:00,6329.82
2018-09-10 12:09:00,6295.42
2018-09-10 13:09:00,6327.19
2018-09-10 14:09:00,6333.31
2018-09-10 15:09:00,6348.65
2018-09-10 16:09:00,6314.88
2018-09-10 17:09:00,6334.74
2018-09-10 18:09:00,6312.92
2018-09-10 19:09:00,6288.37
2018-09-10 20:09:00,6290.75
2018-09-10 21:09:00,6300.87
2018-09-10 22:09:00,6316.34
2018-09-10 23:09:00,6326.6
2018-09-10 24:09:00,6345.36
2018-09-11 01:09:00,6323.47
2018-09-11 02:09:00,6337.87
2018-09-11 03:09:00,6344.24
2018-09-11 04:09:00,6359.71
2018-09-11 05:09:00,6389.66
2018-09-11 06:09:00,6385.51
2018-09-11 07:09:00,6368.84
2018-09-11 08:09:00,6363.38
2018-09-11 09:09:00,6391.16
2018-09-11 10:09:00,6336.04
2018-09-11 11:09:00,6360.69
2018-09-11 12:09:00,6372.48
2018-09-11 13:09:00,6369.24
2018-09-11 14:09:00,6299
2018-09-11 15:09:00,6307.94
2018-09-11 16:09:00,6326.85
2018-09-11 17:09:00,6247.85
2018-09-11 18:09:00,6257.29
2018-09-11 19:09:00,6282.64
2018-09-11 20:09:00,6273.15
2018-09-11 21:09:00,6252.64
2018-09-11 22:09:00,6267.57
2018-09-11 23:09:00,6283.73
2018-09-11 24:09:00,6295.57
2018-09-12 01:09:00,6321.94
2018-09-12 02:09:00,6322.61
2018-09-12 03:09:00,6316.12
2018-09-12 04:09:00,6286.99
2018-09-12 05:09:00,6272.46
2018-09-12 06:09:00,6269.14
2018-09-12 07:09:00,6311.35
2018-09-12 08:09:00,6300.64
2018-09-12 09:09:00,6281.41
2018-09-12 10:09:00,6279.36
2018-09-12 11:09:00,6241.53
2018-09-12 12:09:00,6289.82
2018-09-12 13:09:00,6288.62
2018-09-12 14:09:00,6267.64
2018-09-12 15:09:00,6293.2
2018-09-12 16:09:00,6292.09
2018-09-12 17:09:00,6298.2
2018-09-12 18:09:00,6293.03
2018-09-12 19:09:00,6296.82
2018-09-12 20:09:00,6309.22
2018-09-12 21:09:00,6324.82
2018-09-12 22:09:00,6332.02
2018-09-12 23:09:00,6320.39
2018-09-12 24:09:00,6335.7
2018-09-13 01:09:00,6328.85
2018-09-13 02:09:00,6343.64
2018-09-13 03:09:00,6409.65
2018-09-13 04:09:00,6415.18
2018-09-13 05:09:00,6402.44
2018-09-13 06:09:00,6396.9
2018-09-13 07:09:00,6419.48
2018-09-13 08:09:00,6425.07
2018-09-13 09:09:00,6398.42
2018-09-13 10:09:00,6419.93
2018-09-13 11:09:00,6425.16
2018-09-13 12:09:00,6470.6
2018-09-13 13:09:00,6489.84
2018-09-13 14:09:00,6459.42
2018-09-13 15:09:00,6470.92
2018-09-13 16:09:00,6496.48
2018-09-13 17:09:00,6535.21
2018-09-13 18:09:00,6517.9
2018-09-13 19:09:00,6527.36
2018-09-13 20:09:00,6508.74
2018-09-13 21:09:00,6511.76
2018-09-13 22:09:00,6476.31
2018-09-13 23:09:00,6460.22
2018-09-13 24:09:00,6478.43
2018-09-14 01:09:00,6505.17
2018-09-14 02:09:00,6523.85
2018-09-14 03:09:00,6492.9
2018-09-14 04:09:00,6501.64
2018-09-14 05:09:00,6543.33
2018-09-14 06:09:00,6582.7
2018-09-14 07:09:00,6565.79
2018-09-14 08:09:00,6566.94
2018-09-14 09:09:00,6577.35
2018-09-14 10:09:00,6582.46
2018-09-14 11:09:00,6501.36
2018-09-14 12:09:00,6475.31
2018-09-14 13:09:00,6486.23
2018-09-14 14:09:00,6497
2018-09-14 15:09:00,6466.99
2018-09-14 16:09:00,6462.14
2018-09-14 17:09:00,6456.11
2018-09-14 18:09:00,6477.67
2018-09-14 19:09:00,6513.69
2018-09-14 20:09:00,6485.31
2018-09-14 21:09:00,6480.66
2018-09-14 22:09:00,6521.88
2018-09-14 23:09:00,6538.42
2018-09-14 24:09:00,6540.71
2018-09-15 01:09:00,6536.73
2018-09-15 02:09:00,6510.88
2018-09-15 03:09:00,6505.09
2018-09-15 04:09:00,6516.69
2018-09-15 05:09:00,6521.92
2018-09-15 06:09:00,6499.15
2018-09-15 07:09:00,6518.96
2018-09-15 08:09:00,6509.6
2018-09-15 09:09:00,6491.42
2018-09-15 10:09:00,6499.8
2018-09-15 11:09:00,6523.27
2018-09-15 12:09:00,6529.62
2018-09-15 13:09:00,6539.62
2018-09-15 14:09:00,6524.19
2018-09-15 15:09:00,6527.1
2018-09-15 16:09:00,6559.33
2018-09-15 17:09:00,6557.74
2018-09-15 18:09:00,6537
2018-09-15 19:09:00,6567.3
2018-09-15 20:09:00,6557.7
2018-09-15 21:09:00,6553.9
2018-09-15 22:09:00,6540.92
2018-09-15 23:09:00,6539.05
2018-09-15 24:09:00,6522.67
2018-09-16 01:09:00,6529.74
2018-09-16 02:09:00,6531.29
2018-09-16 03:09:00,6522.27
2018-09-16 04:09:00,6513.85
2018-09-16 05:09:00,6504.81
2018-09-16 06:09:00,6493.01
2018-09-16 07:09:00,6428.74
2018-09-16 08:09:00,6472.49
2018-09-16 09:09:00,6481.01
2018-09-16 10:09:00,6472.6
2018-09-16 11:09:00,6492.75
2018-09-16 12:09:00,6507.94
2018-09-16 13:09:00,6511.38
2018-09-16 14:09:00,6510.6
2018-09-16 15:09:00,6520.47
2018-09-16 16:09:00,6511.44
2018-09-16 17:09:00,6489.17
2018-09-16 18:09:00,6485.57
2018-09-16 19:09:00,6505.65
2018-09-16 20:09:00,6476.1
2018-09-16 21:09:00,6499.2
2018-09-16 22:09:00,6509.95
2018-09-16 23:09:00,6525.67
2018-09-16 24:09:00,6522.19
2018-09-17 01:09:00,6507.13
2018-09-17 02:09:00,6518.81
2018-09-17 03:09:00,6533.75
2018-09-17 04:09:00,6535.2
2018-09-17 05:09:00,6529.6
2018-09-17 06:09:00,6532.74
2018-09-17 07:09:00,6506.74
2018-09-17 08:09:00,6498.72
2018-09-17 09:09:00,6500.16
2018-09-17 10:09:00,6489.24
2018-09-17 11:09:00,6499.68
2018-09-17 12:09:00,6483
2018-09-17 13:09:00,6511.21
2018-09-17 14:09:00,6496.11
2018-09-17 15:09:00,6460.42
2018-09-17 16:09:00,6429.03
2018-09-17 17:09:00,6367.25
2018-09-17 18:09:00,6273.53
2018-09-17 19:09:00,6294.08
2018-09-17 20:09:00,6293.77
2018-09-17 21:09:00,6321.65
2018-09-17 22:09:00,6301.06
2018-09-17 23:09:00,6247.98
2018-09-17 24:09:00,6272.06
2018-09-18 01:09:00,6268.27
2018-09-18 02:09:00,6292.05
2018-09-18 03:09:00,6273.24
2018-09-18 04:09:00,6284.24
2018-09-18 05:09:00,6267.41
2018-09-18 06:09:00,6277.64
2018-09-18 07:09:00,6276.01
2018-09-18 08:09:00,6306.07
2018-09-18 09:09:00,6307.42
2018-09-18 10:09:00,6306.92
2018-09-18 11:09:00,6295.1
2018-09-18 12:09:00,6284.35
2018-09-18 13:09:00,6293.47
2018-09-18 14:09:00,6287.45
2018-09-18 15:09:00,6325.7
2018-09-18 16:09:00,6372.31
2018-09-18 17:09:00,6384.74
2018-09-18 18:09:00,6369.5
2018-09-18 19:09:00,6377.27
2018-09-18 20:09:00,6344.99
2018-09-18 21:09:00,6347.7
2018-09-18 22:09:00,6325.05
2018-09-18 23:09:00,6334.94
2018-09-18 24:09:00,6347.9
2018-09-19 01:09:00,6365.12
2018-09-19 02:09:00,6359.53
2018-09-19 03:09:00,6343.46
2018-09-19 04:09:00,6357.06
2018-09-19 05:09:00,6364.07
2018-09-19 06:09:00,6367.73
2018-09-19 07:09:00,6362.22
2018-09-19 08:09:00,6392.01
2018-09-19 09:09:00,6371.98
2018-09-19 10:09:00,6361.33
2018-09-19 11:09:00,6381.49
2018-09-19 12:09:00,6332.23
2018-09-19 13:09:00,6369.12
2018-09-19 14:09:00,6315.74
2018-09-19 15:09:00,6300.81
2018-09-19 16:09:00,6313.65
2018-09-19 17:09:00,6335.4
2018-09-19 18:09:00,6363.34
2018-09-19 19:09:00,6361.94
2018-09-19 20:09:00,6347.73
2018-09-19 21:09:00,6222.99
2018-09-19 22:09:00,6366.7
2018-09-19 23:09:00,6438.6
2018-09-19 24:09:00,6431.73
2018-09-20 01:09:00,6425.26
2018-09-20 02:09:00,6411.87
2018-09-20 03:09:00,6441.71
2018-09-20 04:09:00,6448.34
2018-09-20 05:09:00,6421.22
2018-09-20 06:09:00,6420.08
2018-09-20 07:09:00,6423.21
2018-09-20 08:09:00,6420.25
2018-09-20 09:09:00,6393.15
2018-09-20 10:09:00,6427.87
2018-09-20 11:09:00,6415.18
2018-09-20 12:09:00,6423.45
2018-09-20 13:09:00,6414.53
2018-09-20 14:09:00,6445.83
2018-09-20 15:09:00,6454.33
2018-09-20 16:09:00,6443.02
2018-09-20 17:09:00,6443.2
2018-09-20 18:09:00,6439.72
2018-09-20 19:09:00,6451.57
2018-09-20 20:09:00,6425.65
2018-09-20 21:09:00,6425.43
2018-09-20 22:09:00,6439.98
2018-09-20 23:09:00,6395.19
2018-09-20 24:09:00,6444.26
2018-09-21 01:09:00,6504.27
2018-09-21 02:09:00,6524.3
2018-09-21 03:09:00,6523.21
2018-09-21 04:09:00,6520.9
2018-09-21 05:09:00,6560.53
2018-09-21 06:09:00,6567.47
2018-09-21 07:09:00,6557.07
2018-09-21 08:09:00,6552.74
2018-09-21 09:09:00,6566.58
2018-09-21 10:09:00,6618.63
2018-09-21 11:09:00,6716.8
2018-09-21 12:09:00,6715.98
2018-09-21 13:09:00,6717.6
2018-09-21 14:09:00,6739.67
2018-09-21 15:09:00,6738.68
2018-09-21 16:09:00,6756.74
2018-09-21 17:09:00,6735.07
2018-09-21 18:09:00,6701.04
2018-09-21 19:09:00,6720.82
2018-09-21 20:09:00,6720.04
2018-09-21 21:09:00,6721.87
2018-09-21 22:09:00,6768.29
2018-09-21 23:09:00,6760.05
2018-09-21 24:09:00,6731.4
2018-09-22 01:09:00,6728.18
2018-09-22 02:09:00,6755.41
2018-09-22 03:09:00,6808.95
2018-09-22 04:09:00,6773.36
2018-09-22 05:09:00,6754.76
2018-09-22 06:09:00,6728.36
2018-09-22 07:09:00,6748.12
2018-09-22 08:09:00,6750.89
2018-09-22 09:09:00,6734.32
2018-09-22 10:09:00,6731.31
2018-09-22 11:09:00,6670.26
2018-09-22 12:09:00,6682.15
2018-09-22 13:09:00,6717.03
2018-09-22 14:09:00,6687.37
2018-09-22 15:09:00,6693.53
2018-09-22 16:09:00,6694.27
2018-09-22 17:09:00,6686.8
2018-09-22 18:09:00,6678.08
2018-09-22 19:09:00,6690.91
2018-09-22 20:09:00,6690.04
2018-09-22 21:09:00,6698.39
2018-09-22 22:09:00,6741.85
2018-09-22 23:09:00,6738.94
2018-09-22 24:09:00,6718.33
2018-09-23 01:09:00,6714.64
2018-09-23 02:09:00,6718.83
2018-09-23 03:09:00,6726.26
2018-09-23 04:09:00,6709.28
2018-09-23 05:09:00,6715.07
2018-09-23 06:09:00,6722.37
2018-09-23 07:09:00,6737.01
2018-09-23 08:09:00,6739.83
2018-09-23 09:09:00,6720.01
2018-09-23 10:09:00,6731.99
2018-09-23 11:09:00,6729.43
2018-09-23 12:09:00,6761.15
2018-09-23 13:09:00,6766.05
2018-09-23 14:09:00,6772.26
2018-09-23 15:09:00,6744.27
2018-09-23 16:09:00,6739.82
2018-09-23 17:09:00,6711.89
2018-09-23 18:09:00,6692.54
2018-09-23 19:09:00,6697.64
2018-09-23 20:09:00,6704.93
2018-09-23 21:09:00,6704.05
2018-09-23 22:09:00,6704.27
2018-09-23 23:09:00,6696.24
2018-09-23 24:09:00,6698.33
2018-09-24 01:09:00,6705.96
2018-09-24 02:09:00,6720.62
2018-09-24 03:09:00,6713.45
2018-09-24 04:09:00,6726.25
2018-09-24 05:09:00,6725.83
2018-09-24 06:09:00,6728.11
2018-09-24 07:09:00,6709.62
2018-09-24 08:09:00,6695.4
2018-09-24 09:09:00,6652.45
2018-09-24 10:09:00,6676.62
2018-09-24 11:09:00,6659.67
2018-09-24 12:09:00,6608.54
2018-09-24 13:09:00,6615.72
2018-09-24 14:09:00,6604.81
2018-09-24 15:09:00,6618.39
2018-09-24 16:09:00,6615.77
2018-09-24 17:09:00,6618.84
2018-09-24 18:09:00,6621.46
2018-09-24 19:09:00,6616.53
2018-09-24 20:09:00,6637.87
2018-09-24 21:09:00,6657.87
2018-09-24 22:09:00,6648.77
2018-09-24 23:09:00,6636.51
2018-09-24 24:09:00,6643.82
2018-09-25 01:09:00,6614.65
2018-09-25 02:09:00,6583.11
2018-09-25 03:09:00,6536.03
2018-09-25 04:09:00,6461.71
2018-09-25 05:09:00,6428.57
2018-09-25 06:09:00,6460.76
2018-09-25 07:09:00,6483.6
2018-09-25 08:09:00,6476.9
2018-09-25 09:09:00,6415.33
2018-09-25 10:09:00,6413.26
2018-09-25 11:09:00,6409.19
2018-09-25 12:09:00,6418.2
2018-09-25 13:09:00,6414.59
2018-09-25 14:09:00,6400.09
2018-09-25 15:09:00,6422.26
2018-09-25 16:09:00,6434.76
2018-09-25 17:09:00,6428.17
2018-09-25 18:09:00,6402.82
2018-09-25 19:09:00,6422.14
2018-09-25 20:09:00,6399.24
2018-09-25 21:09:00,6366.94
2018-09-25 22:09:00,6373.91
2018-09-25 23:09:00,6397.67
2018-09-25 24:09:00,6395.18
2018-09-26 01:09:00,6407.24
2018-09-26 02:09:00,6422.97
2018-09-26 03:09:00,6430.63
2018-09-26 04:09:00,6410.62
2018-09-26 05:09:00,6412.87
2018-09-26 06:09:00,6408.1
2018-09-26 07:09:00,6411.8
2018-09-26 08:09:00,6447.61
2018-09-26 09:09:00,6453.54
2018-09-26 10:09:00,6463.02
2018-09-26 11:09:00,6459.7
2018-09-26 12:09:00,6463.22
2018-09-26 13:09:00,6479.5
2018-09-26 14:09:00,6511.6
2018-09-26 15:09:00,6527.36
2018-09-26 16:09:00,6506.8
2018-09-26 17:09:00,6518.19
2018-09-26 18:09:00,6534.08
2018-09-26 19:09:00,6544.42
2018-09-26 20:09:00,6539.79
2018-09-26 21:09:00,6534.88
2018-09-26 22:09:00,6509.93
2018-09-26 23:09:00,6506.91
2018-09-26 24:09:00,6494.48
2018-09-27 01:09:00,6461.59
2018-09-27 02:09:00,6485.51
2018-09-27 03:09:00,6503.06
2018-09-27 04:09:00,6511.78
2018-09-27 05:09:00,6504.27
2018-09-27 06:09:00,6507.25
2018-09-27 07:09:00,6498.35
2018-09-27 08:09:00,6489.03
2018-09-27 09:09:00,6471.85
2018-09-27 10:09:00,6479.54
2018-09-27 11:09:00,6463.61
2018-09-27 12:09:00,6477.8
2018-09-27 13:09:00,6492.59
2018-09-27 14:09:00,6511.9
2018-09-27 15:09:00,6515.48
2018-09-27 16:09:00,6525.83
2018-09-27 17:09:00,6522.57
2018-09-27 18:09:00,6515.39
2018-09-27 19:09:00,6531.68
2018-09-27 20:09:00,6523.69
2018-09-27 21:09:00,6548.84
2018-09-27 22:09:00,6599.53
2018-09-27 23:09:00,6704.75
2018-09-27 24:09:00,6714.54
2018-09-28 01:09:00,6703.75
2018-09-28 02:09:00,6694.64
2018-09-28 03:09:00,6719.08
2018-09-28 04:09:00,6718.59
2018-09-28 05:09:00,6728.93
2018-09-28 06:09:00,6704.44
2018-09-28 07:09:00,6713.49
2018-09-28 08:09:00,6718.35
2018-09-28 09:09:00,6754.9
2018-09-28 10:09:00,6790.96
2018-09-28 11:09:00,6765.74
2018-09-28 12:09:00,6657.89
2018-09-28 13:09:00,6669.18
2018-09-28 14:09:00,6675.51
2018-09-28 15:09:00,6630.21
2018-09-28 16:09:00,6641.53
2018-09-28 17:09:00,6676.58
2018-09-28 18:09:00,6673.23
2018-09-28 19:09:00,6663.28
2018-09-28 20:09:00,6676.36
2018-09-28 21:09:00,6668.87
2018-09-28 22:09:00,6619.83
2018-09-28 23:09:00,6669.38
2018-09-28 24:09:00,6650.19
2018-09-29 01:09:00,6664.27
2018-09-29 02:09:00,6663.23
2018-09-29 03:09:00,6625.06
2018-09-29 04:09:00,6537.58
2018-09-29 05:09:00,6518.33
2018-09-29 06:09:00,6511.22
2018-09-29 07:09:00,6517.21
2018-09-29 08:09:00,6525.3
2018-09-29 09:09:00,6517.83
2018-09-29 10:09:00,6563.66
2018-09-29 11:09:00,6554.25
2018-09-29 12:09:00,6579.77
2018-09-29 13:09:00,6589.85
2018-09-29 14:09:00,6603.55
2018-09-29 15:09:00,6595.23
2018-09-29 16:09:00,6596.76
2018-09-29 17:09:00,6568.1
2018-09-29 18:09:00,6606.41
2018-09-29 19:09:00,6590.72
2018-09-29 20:09:00,6593.87
2018-09-29 21:09:00,6615.03
2018-09-29 22:09:00,6582.11
2018-09-29 23:09:00,6614.27
2018-09-29 24:09:00,6641.95
2018-09-30 01:09:00,6643
2018-09-30 02:09:00,6624.35
2018-09-30 03:09:00,6587.22
2018-09-30 04:09:00,6605.48
2018-09-30 05:09:00,6614.43
2018-09-30 06:09:00,6622.06
2018-09-30 07:09:00,6600.25
2018-09-30 08:09:00,6594.25
2018-09-30 09:09:00,6619.1
2018-09-30 10:09:00,6609.45
2018-09-30 11:09:00,6620.33
2018-09-30 12:09:00,6601.13
2018-09-30 13:09:00,6640.21
2018-09-30 14:09:00,6649.2
2018-09-30 15:09:00,6639.86
2018-09-30 16:09:00,6649.14
2018-09-30 17:09:00,6651.08
2018-09-30 18:09:00,6621.53
2018-09-30 19:09:00,6633.52
2018-09-30 20:09:00,6640.72
2018-09-30 21:09:00,6638.44
2018-09-30 22:09:00,6635.88
2018-09-30 23:09:00,6570.44
2018-09-30 24:09:00,6598.51
2018-10-01 01:10:00,6629.2
2018-10-01 02:10:00,6642.58
2018-10-01 03:10:00,6655.79
2018-10-01 04:10:00,6659.02
2018-10-01 05:10:00,6659.04
2018-10-01 06:10:00,6672.46
2018-10-01 07:10:00,6651.95
2018-10-01 08:10:00,6649.76
2018-10-01 09:10:00,6634.15
2018-10-01 10:10:00,6632.25
2018-10-01 11:10:00,6617.56
2018-10-01 12:10:00,6629.83
2018-10-01 13:10:00,6617.44
2018-10-01 14:10:00,6569.14
2018-10-01 15:10:00,6607.89
2018-10-01 16:10:00,6598.07
2018-10-01 17:10:00,6543.99
2018-10-01 18:10:00,6560.27
2018-10-01 19:10:00,6580.35
2018-10-01 20:10:00,6590.59
2018-10-01 21:10:00,6593.19
2018-10-01 22:10:00,6596.48
2018-10-01 23:10:00,6583.31
2018-10-01 24:10:00,6604.06
2018-10-02 01:10:00,6603.84
2018-10-02 02:10:00,6605.3
2018-10-02 03:10:00,6609.12
2018-10-02 04:10:00,6617.02
2018-10-02 05:10:00,6616.28
2018-10-02 06:10:00,6622.41
2018-10-02 07:10:00,6631.02
2018-10-02 08:10:00,6622.65
2018-10-02 09:10:00,6619.19
2018-10-02 10:10:00,6604.1
2018-10-02 11:10:00,6609.38
2018-10-02 12:10:00,6603.59
2018-10-02 13:10:00,6594.51
2018-10-02 14:10:00,6604.36
2018-10-02 15:10:00,6590.55
2018-10-02 16:10:00,6580.85
2018-10-02 17:10:00,6555.11
2018-10-02 18:10:00,6551.22
2018-10-02 19:10:00,6537.53
2018-10-02 20:10:00,6510.81
2018-10-02 21:10:00,6564.2
2018-10-02 22:10:00,6582.66
2018-10-02 23:10:00,6576.54
2018-10-02 24:10:00,6557.82
2018-10-03 01:10:00,6580.8
2018-10-03 02:10:00,6544.6
2018-10-03 03:10:00,6512.19
2018-10-03 04:10:00,6512.95
2018-10-03 05:10:00,6503.83
2018-10-03 06:10:00,6456.28
2018-10-03 07:10:00,6461.39
2018-10-03 08:10:00,6479.37
2018-10-03 09:10:00,6471.86
2018-10-03 10:10:00,6488.65
2018-10-03 11:10:00,6475.05
2018-10-03 12:10:00,6482.75
2018-10-03 13:10:00,6499.57
2018-10-03 14:10:00,6504.03
2018-10-03 15:10:00,6501.71
2018-10-03 16:10:00,6492.59
2018-10-03 17:10:00,6517.04
2018-10-03 18:10:00,6519.48
2018-10-03 19:10:00,6504.39
2018-10-03 20:10:00,6506.25
2018-10-03 21:10:00,6495.88
2018-10-03 22:10:00,6475.97
2018-10-03 23:10:00,6483.49
2018-10-03 24:10:00,6486.92
2018-10-04 01:10:00,6477.38
2018-10-04 02:10:00,6502.74
2018-10-04 03:10:00,6515.82
2018-10-04 04:10:00,6595.5
2018-10-04 05:10:00,6608.83
2018-10-04 06:10:00,6603.38
2018-10-04 07:10:00,6603.15
2018-10-04 08:10:00,6601.12
2018-10-04 09:10:00,6598.15
2018-10-04 10:10:00,6590.14
2018-10-04 11:10:00,6597.06
2018-10-04 12:10:00,6621.14
2018-10-04 13:10:00,6579.65
2018-10-04 14:10:00,6571.63
2018-10-04 15:10:00,6563.49
2018-10-04 16:10:00,6577.04
2018-10-04 17:10:00,6577
2018-10-04 18:10:00,6579.07
2018-10-04 19:10:00,6585.99
2018-10-04 20:10:00,6583.52
2018-10-04 21:10:00,6584.21
2018-10-04 22:10:00,6610.82
2018-10-04 23:10:00,6590.03
2018-10-04 24:10:00,6561.39
2018-10-05 01:10:00,6589.45
2018-10-05 02:10:00,6575.8
2018-10-05 03:10:00,6602.45
2018-10-05 04:10:00,6596.42
2018-10-05 05:10:00,6557.22
2018-10-05 06:10:00,6572.13
2018-10-05 07:10:00,6581.45
2018-10-05 08:10:00,6595.24
2018-10-05 09:10:00,6608.52
2018-10-05 10:10:00,6609.92
2018-10-05 11:10:00,6614.18
2018-10-05 12:10:00,6602.42
2018-10-05 13:10:00,6616.16
2018-10-05 14:10:00,6604.76
2018-10-05 15:10:00,6581.16
2018-10-05 16:10:00,6598.39
2018-10-05 17:10:00,6599.63
2018-10-05 18:10:00,6603.75
2018-10-05 19:10:00,6599.81
2018-10-05 20:10:00,6581.76
2018-10-05 21:10:00,6602.9
2018-10-05 22:10:00,6600.75
2018-10-05 23:10:00,6586.61
2018-10-05 24:10:00,6614.3
2018-10-06 01:10:00,6648.11
2018-10-06 02:10:00,6633.42
2018-10-06 03:10:00,6626.17
2018-10-06 04:10:00,6642.59
2018-10-06 05:10:00,6598.55
2018-10-06 06:10:00,6612.97
2018-10-06 07:10:00,5869.79
2018-10-06 08:10:00,6110.33
2018-10-06 09:10:00,6609.69
2018-10-06 10:10:00,6610.69
2018-10-06 11:10:00,6606.82
2018-10-06 12:10:00,6610.89
2018-10-06 13:10:00,6610.78
2018-10-06 14:10:00,6585.05
2018-10-06 15:10:00,6584.4
2018-10-06 16:10:00,6578.23
2018-10-06 17:10:00,6578.28
2018-10-06 18:10:00,6595.05
2018-10-06 19:10:00,6605.9
2018-10-06 20:10:00,6597.68
2018-10-06 21:10:00,6589.07
2018-10-06 22:10:00,6573.03
2018-10-06 23:10:00,6589.41
2018-10-06 24:10:00,6597.64
2018-10-07 01:10:00,6587.97
2018-10-07 02:10:00,6589.75
2018-10-07 03:10:00,6605.33
2018-10-07 04:10:00,6602.94
2018-10-07 05:10:00,6598.91
2018-10-07 06:10:00,6592.64
2018-10-07 07:10:00,6586.47
2018-10-07 08:10:00,6586.58
2018-10-07 09:10:00,6588.09
2018-10-07 10:10:00,6576.83
2018-10-07 11:10:00,6543.01
2018-10-07 12:10:00,6560.86
2018-10-07 13:10:00,6561.29
2018-10-07 14:10:00,6559.73
2018-10-07 15:10:00,6559.4
2018-10-07 16:10:00,6562.09
2018-10-07 17:10:00,6561.97
2018-10-07 18:10:00,6569.66
2018-10-07 19:10:00,6572.33
2018-10-07 20:10:00,6575.37
2018-10-07 21:10:00,6576.25
2018-10-07 22:10:00,6582.42
2018-10-07 23:10:00,6572.49
2018-10-07 24:10:00,6574.49
2018-10-08 01:10:00,6578.79
2018-10-08 02:10:00,6599.89
2018-10-08 03:10:00,6612.01
2018-10-08 04:10:00,6607.77
2018-10-08 05:10:00,6594.21
2018-10-08 06:10:00,6588.19
2018-10-08 07:10:00,6587.95
2018-10-08 08:10:00,6587.2
2018-10-08 09:10:00,6604.44
2018-10-08 10:10:00,6602.51
2018-10-08 11:10:00,6609.6
2018-10-08 12:10:00,6604.44
2018-10-08 13:10:00,6614.65
2018-10-08 14:10:00,6646.7
2018-10-08 15:10:00,6676.57
2018-10-08 16:10:00,6651.8
2018-10-08 17:10:00,6648.06
2018-10-08 18:10:00,6661.51
2018-10-08 19:10:00,6650.42
2018-10-08 20:10:00,6665.14
2018-10-08 21:10:00,6671
2018-10-08 22:10:00,6678.22
2018-10-08 23:10:00,6657.56
2018-10-08 24:10:00,6661.42
2018-10-09 01:10:00,6647.75
2018-10-09 02:10:00,6645.66
2018-10-09 03:10:00,6652.69
2018-10-09 04:10:00,6644.54
2018-10-09 05:10:00,6639.95
2018-10-09 06:10:00,6651.67
2018-10-09 07:10:00,6669.84
2018-10-09 08:10:00,6665.79
2018-10-09 09:10:00,6667.72
2018-10-09 10:10:00,6666.72
2018-10-09 11:10:00,6658.96
2018-10-09 12:10:00,6664.81
2018-10-09 13:10:00,6676.44
2018-10-09 14:10:00,6662.16
2018-10-09 15:10:00,6640.41
2018-10-09 16:10:00,6613.72
2018-10-09 17:10:00,6611.14
2018-10-09 18:10:00,6624.5
2018-10-09 19:10:00,6604.59
2018-10-09 20:10:00,6625.36
2018-10-09 21:10:00,6631.06
2018-10-09 22:10:00,6664.63
2018-10-09 23:10:00,6626.73
2018-10-09 24:10:00,6644.22
2018-10-10 01:10:00,6651.46
2018-10-10 02:10:00,6654.61
2018-10-10 03:10:00,6642.68
2018-10-10 04:10:00,6613.05
2018-10-10 05:10:00,6628.17
2018-10-10 06:10:00,6585.65
2018-10-10 07:10:00,6599.05
2018-10-10 08:10:00,6513.83
2018-10-10 09:10:00,6542.01
2018-10-10 10:10:00,6567.5
2018-10-10 11:10:00,6575.57
2018-10-10 12:10:00,6586.28
2018-10-10 13:10:00,6575.47
2018-10-10 14:10:00,6573.28
2018-10-10 15:10:00,6585.84
2018-10-10 16:10:00,6592.19
2018-10-10 17:10:00,6556.77
2018-10-10 18:10:00,6545.68
2018-10-10 19:10:00,6545.53
2018-10-10 20:10:00,6563.2
2018-10-10 21:10:00,6582.56
2018-10-10 22:10:00,6594.36
2018-10-10 23:10:00,6594.56
2018-10-10 24:10:00,6576.47
2018-10-11 01:10:00,6574.12
2018-10-11 02:10:00,6588.67
2018-10-11 03:10:00,6550.14
2018-10-11 04:10:00,6278.7
2018-10-11 05:10:00,6259.14
2018-10-11 06:10:00,6298.42
2018-10-11 07:10:00,6317.96
2018-10-11 08:10:00,6293.04
2018-10-11 09:10:00,6266.8
2018-10-11 10:10:00,6259.43
2018-10-11 11:10:00,6281.75
2018-10-11 12:10:00,6281.94
2018-10-11 13:10:00,6303.82
2018-10-11 14:10:00,6278.07
2018-10-11 15:10:00,6293.82
2018-10-11 16:10:00,6249.42
2018-10-11 17:10:00,6289.57
2018-10-11 18:10:00,6251.15
2018-10-11 19:10:00,6273.46
2018-10-11 20:10:00,6283.13
2018-10-11 21:10:00,6272.23
2018-10-11 22:10:00,6266.74
2018-10-11 23:10:00,6238.37
2018-10-11 24:10:00,6323.66
2018-10-12 01:10:00,6259.54
2018-10-12 02:10:00,6208.81
2018-10-12 03:10:00,6207.9
2018-10-12 04:10:00,6238.16
2018-10-12 05:10:00,6247.11
2018-10-12 06:10:00,6253.67
2018-10-12 07:10:00,6263.54
2018-10-12 08:10:00,6274.7
2018-10-12 09:10:00,6278.93
2018-10-12 10:10:00,6290.11
2018-10-12 11:10:00,6306.57
2018-10-12 12:10:00,6285.45
2018-10-12 13:10:00,6305.81
2018-10-12 14:10:00,6266.5
2018-10-12 15:10:00,6307.13
2018-10-12 16:10:00,6289.42
2018-10-12 17:10:00,6302.12
2018-10-12 18:10:00,6313.52
2018-10-12 19:10:00,6289.85
2018-10-12 20:10:00,6262.67
2018-10-12 21:10:00,6271.41
2018-10-12 22:10:00,6262.68
2018-10-12 23:10:00,6243.38
2018-10-12 24:10:00,6278.58
2018-10-13 01:10:00,6257.24
2018-10-13 02:10:00,6256.76
2018-10-13 03:10:00,6265.09
2018-10-13 04:10:00,6274.4
2018-10-13 05:10:00,6259.45
2018-10-13 06:10:00,6259.01
2018-10-13 07:10:00,6269.14
2018-10-13 08:10:00,6280.32
2018-10-13 09:10:00,6279.36
2018-10-13 10:10:00,6289.79
2018-10-13 11:10:00,6294.93
2018-10-13 12:10:00,6291.68
2018-10-13 13:10:00,6321.07
2018-10-13 14:10:00,6286.91
2018-10-13 15:10:00,6275.76
2018-10-13 16:10:00,6288.35
2018-10-13 17:10:00,6328.41
2018-10-13 18:10:00,6307.47
2018-10-13 19:10:00,6304.83
2018-10-13 20:10:00,6293.55
2018-10-13 21:10:00,6275
2018-10-13 22:10:00,6270.2
2018-10-13 23:10:00,6293.26
2018-10-13 24:10:00,6294.82
2018-10-14 01:10:00,6286.73
2018-10-14 02:10:00,6297.87
2018-10-14 03:10:00,6309.13
2018-10-14 04:10:00,6291.31
2018-10-14 05:10:00,6279.52
2018-10-14 06:10:00,6302.56
2018-10-14 07:10:00,6324.58
2018-10-14 08:10:00,6357.84
2018-10-14 09:10:00,6315.45
2018-10-14 10:10:00,6315.59
2018-10-14 11:10:00,6319.36
2018-10-14 12:10:00,6310.5
2018-10-14 13:10:00,6310.08
2018-10-14 14:10:00,6309.03
2018-10-14 15:10:00,6307.18
2018-10-14 16:10:00,6308.55
2018-10-14 17:10:00,6303.31
2018-10-14 18:10:00,6314.16
2018-10-14 19:10:00,6342.01
2018-10-14 20:10:00,6328.61
2018-10-14 21:10:00,6338.94
2018-10-14 22:10:00,6323.79
2018-10-14 23:10:00,6310.27
2018-10-14 24:10:00,6293
2018-10-15 01:10:00,6323.01
2018-10-15 02:10:00,6252.61
2018-10-15 03:10:00,6257.06
2018-10-15 04:10:00,6289.36
2018-10-15 05:10:00,6272.46
2018-10-15 06:10:00,6268.33
2018-10-15 07:10:00,6298.3
2018-10-15 08:10:00,6461.09
2018-10-15 09:10:00,6898.02
2018-10-15 10:10:00,6865.71
2018-10-15 11:10:00,6692.53
2018-10-15 12:10:00,6642.13
2018-10-15 13:10:00,6710.86
2018-10-15 14:10:00,6808.06
2018-10-15 15:10:00,6758.98
2018-10-15 16:10:00,6667.96
2018-10-15 17:10:00,6679.56
2018-10-15 18:10:00,6657.23
2018-10-15 19:10:00,6607.46
2018-10-15 20:10:00,6682.51
2018-10-15 21:10:00,6693.81
2018-10-15 22:10:00,6633.99
2018-10-15 23:10:00,6586.94
2018-10-15 24:10:00,6577.95
2018-10-16 01:10:00,6574.83
2018-10-16 02:10:00,6585.46
2018-10-16 03:10:00,6610.29
2018-10-16 04:10:00,6575.1
2018-10-16 05:10:00,6564.16
2018-10-16 06:10:00,6547.28
2018-10-16 07:10:00,6618.2
2018-10-16 08:10:00,6669.93
2018-10-16 09:10:00,6715.68
2018-10-16 10:10:00,6604.4
2018-10-16 11:10:00,6557.04
2018-10-16 12:10:00,6631.48
2018-10-16 13:10:00,6590.13
2018-10-16 14:10:00,6624.04
2018-10-16 15:10:00,6632.47
2018-10-16 16:10:00,6589.89
2018-10-16 17:10:00,6623.55
2018-10-16 18:10:00,6585.15
2018-10-16 19:10:00,6536.81
2018-10-16 20:10:00,6550.15
2018-10-16 21:10:00,6603.39
2018-10-16 22:10:00,6532.68
2018-10-16 23:10:00,6483.12
2018-10-16 24:10:00,6576.9
2018-10-17 01:10:00,6574.77
2018-10-17 02:10:00,6585.33
2018-10-17 03:10:00,6571.22
2018-10-17 04:10:00,6609.22
2018-10-17 05:10:00,6564.74
2018-10-17 06:10:00,6583.87
2018-10-17 07:10:00,6610.97
2018-10-17 08:10:00,6576.4
2018-10-17 09:10:00,6544.52
2018-10-17 10:10:00,6548.22
2018-10-17 11:10:00,6556.82
2018-10-17 12:10:00,6578.83
2018-10-17 13:10:00,6552.87
2018-10-17 14:10:00,6560.3
2018-10-17 15:10:00,6558.77
2018-10-17 16:10:00,6502.12
2018-10-17 17:10:00,6614.03
2018-10-17 18:10:00,6579.8
2018-10-17 19:10:00,6585.46
2018-10-17 20:10:00,6590.04
2018-10-17 21:10:00,6610.47
2018-10-17 22:10:00,6631.85
2018-10-17 23:10:00,6540.82
2018-10-17 24:10:00,6588.82
2018-10-18 01:10:00,6587.48
2018-10-18 02:10:00,6569.32
2018-10-18 03:10:00,6604.41
2018-10-18 04:10:00,6616.27
2018-10-18 05:10:00,6600.66
2018-10-18 06:10:00,6605.43
2018-10-18 07:10:00,6597.55
2018-10-18 08:10:00,6581.86
2018-10-18 09:10:00,6576.47
2018-10-18 10:10:00,6554.29
2018-10-18 11:10:00,6514.74
2018-10-18 12:10:00,6535.35
2018-10-18 13:10:00,6569.28
2018-10-18 14:10:00,6536.81
2018-10-18 15:10:00,6551.57
2018-10-18 16:10:00,6508.68
2018-10-18 17:10:00,6541.06
2018-10-18 18:10:00,6570.87
2018-10-18 19:10:00,6574.27
2018-10-18 20:10:00,6506.53
2018-10-18 21:10:00,6499.36
2018-10-18 22:10:00,6486.45
2018-10-18 23:10:00,6498.99
2018-10-18 24:10:00,6522.81
2018-10-19 01:10:00,6476.59
2018-10-19 02:10:00,6528.23
2018-10-19 03:10:00,6518.25
2018-10-19 04:10:00,6505.52
2018-10-19 05:10:00,6504.85
2018-10-19 06:10:00,6522.21
2018-10-19 07:10:00,6528.78
2018-10-19 08:10:00,6521.74
2018-10-19 09:10:00,6496.12
2018-10-19 10:10:00,6502.15
2018-10-19 11:10:00,6464.03
2018-10-19 12:10:00,6485.55
2018-10-19 13:10:00,6496.38
2018-10-19 14:10:00,6536.32
2018-10-19 15:10:00,6487.25
2018-10-19 16:10:00,6500.22
2018-10-19 17:10:00,6510.25
2018-10-19 18:10:00,6524.06
2018-10-19 19:10:00,6488.59
2018-10-19 20:10:00,6483.94
2018-10-19 21:10:00,6480.7
2018-10-19 22:10:00,6471.14
2018-10-19 23:10:00,6493.12
2018-10-19 24:10:00,6467.36
2018-10-20 01:10:00,6488.39
2018-10-20 02:10:00,6507.89
2018-10-20 03:10:00,6467.56
2018-10-20 04:10:00,6481.95
2018-10-20 05:10:00,6495.88
2018-10-20 06:10:00,6519.07
2018-10-20 07:10:00,6529.04
2018-10-20 08:10:00,6515.32
2018-10-20 09:10:00,6494.97
2018-10-20 10:10:00,6513.96
2018-10-20 11:10:00,6460.71
2018-10-20 12:10:00,6483.33
2018-10-20 13:10:00,6478.12
2018-10-20 14:10:00,6480
2018-10-20 15:10:00,6547.44
2018-10-20 16:10:00,6547.58
2018-10-20 17:10:00,6535.08
2018-10-20 18:10:00,6506.43
2018-10-20 19:10:00,6521.82
2018-10-20 20:10:00,6532.91
2018-10-20 21:10:00,6541.33
2018-10-20 22:10:00,6559.52
2018-10-20 23:10:00,6533.35
2018-10-20 24:10:00,6565.94
2018-10-21 01:10:00,6546.01
2018-10-21 02:10:00,6555.66
2018-10-21 03:10:00,6514.48
2018-10-21 04:10:00,6546.82
2018-10-21 05:10:00,6569.25
2018-10-21 06:10:00,6594.27
2018-10-21 07:10:00,6574.84
2018-10-21 08:10:00,6594.35
2018-10-21 09:10:00,6590.8
2018-10-21 10:10:00,6602.18
2018-10-21 11:10:00,6569.84
2018-10-21 12:10:00,6597.89
2018-10-21 13:10:00,6607.42
2018-10-21 14:10:00,6601.15
2018-10-21 15:10:00,6602.85
2018-10-21 16:10:00,6551.27
2018-10-21 17:10:00,6596.53
2018-10-21 18:10:00,6563.6
2018-10-21 19:10:00,6571.11
2018-10-21 20:10:00,6585.36
2018-10-21 21:10:00,6572.33
2018-10-21 22:10:00,6570.5
2018-10-21 23:10:00,6590.46
2018-10-21 24:10:00,6595.07
2018-10-22 01:10:00,6541.33
2018-10-22 02:10:00,6533.33
2018-10-22 03:10:00,6507.1
2018-10-22 04:10:00,6555.57
2018-10-22 05:10:00,6520.91
2018-10-22 06:10:00,6545.42
2018-10-22 07:10:00,6500.39
2018-10-22 08:10:00,6466.88
2018-10-22 09:10:00,6479.63
2018-10-22 10:10:00,6463.6
2018-10-22 11:10:00,6475.29
2018-10-22 12:10:00,6460.34
2018-10-22 13:10:00,6447.46
2018-10-22 14:10:00,6493.77
2018-10-22 15:10:00,6567.76
2018-10-22 16:10:00,6513.25
2018-10-22 17:10:00,6532.46
2018-10-22 18:10:00,6502.15
2018-10-22 19:10:00,6469.7
2018-10-22 20:10:00,6487.73
2018-10-22 21:10:00,6477.95
2018-10-22 22:10:00,6469.35
2018-10-22 23:10:00,6477.5
2018-10-22 24:10:00,6493.08
2018-10-23 01:10:00,6483.72
2018-10-23 02:10:00,6496.78
2018-10-23 03:10:00,6490.23
2018-10-23 04:10:00,6493.2
2018-10-23 05:10:00,6480.3
2018-10-23 06:10:00,6469.44
2018-10-23 07:10:00,6471.28
2018-10-23 08:10:00,6490.24
2018-10-23 09:10:00,6466.72
2018-10-23 10:10:00,6474.25
2018-10-23 11:10:00,6486.49
2018-10-23 12:10:00,6482.41
2018-10-23 13:10:00,6462.32
2018-10-23 14:10:00,6451.16
2018-10-23 15:10:00,6488.26
2018-10-23 16:10:00,6499.26
2018-10-23 17:10:00,6494.64
2018-10-23 18:10:00,6515.32
2018-10-23 19:10:00,6505.19
2018-10-23 20:10:00,6494.46
2018-10-23 21:10:00,6468.78
2018-10-23 22:10:00,6493.79
2018-10-23 23:10:00,6482.01
2018-10-23 24:10:00,6501.51
2018-10-24 01:10:00,6508.73
2018-10-24 02:10:00,6502.87
2018-10-24 03:10:00,6517.98
2018-10-24 04:10:00,6482.27
2018-10-24 05:10:00,6501.55
2018-10-24 06:10:00,6483.5
2018-10-24 07:10:00,6496.98
2018-10-24 08:10:00,6537.87
2018-10-24 09:10:00,6494.73
2018-10-24 10:10:00,6493.95
2018-10-24 11:10:00,6517.32
2018-10-24 12:10:00,6528.46
2018-10-24 13:10:00,6536.76
2018-10-24 14:10:00,6510.88
2018-10-24 15:10:00,6503.34
2018-10-24 16:10:00,6514.02
2018-10-24 17:10:00,6521.27
2018-10-24 18:10:00,6501.69
2018-10-24 19:10:00,6522.61
2018-10-24 20:10:00,6507.4
2018-10-24 21:10:00,6507.08
2018-10-24 22:10:00,6514.05
2018-10-24 23:10:00,6487.37
2018-10-24 24:10:00,6535.89
2018-10-25 01:10:00,6519.11
2018-10-25 02:10:00,6508.17
2018-10-25 03:10:00,6510.9
2018-10-25 04:10:00,6476.7
2018-10-25 05:10:00,6461.01
2018-10-25 06:10:00,6477
2018-10-25 07:10:00,6469.64
2018-10-25 08:10:00,6457.53
2018-10-25 09:10:00,6461.95
2018-10-25 10:10:00,6496.88
2018-10-25 11:10:00,6480.28
2018-10-25 12:10:00,6473.98
2018-10-25 13:10:00,6460.49
2018-10-25 14:10:00,6478.54
2018-10-25 15:10:00,6477.37
2018-10-25 16:10:00,6484.54
2018-10-25 17:10:00,6476.32
2018-10-25 18:10:00,6457.37
2018-10-25 19:10:00,6472.38
2018-10-25 20:10:00,6467.49
2018-10-25 21:10:00,6466.83
2018-10-25 22:10:00,6478.5
2018-10-25 23:10:00,6473.03
2018-10-25 24:10:00,6495.46
2018-10-26 01:10:00,6492.81
2018-10-26 02:10:00,6488.84
2018-10-26 03:10:00,6489.11
2018-10-26 04:10:00,6483.57
2018-10-26 05:10:00,6460.26
2018-10-26 06:10:00,6480.1
2018-10-26 07:10:00,6450.06
2018-10-26 08:10:00,6442.99
2018-10-26 09:10:00,6437.1
2018-10-26 10:10:00,6450.89
2018-10-26 11:10:00,6483.99
2018-10-26 12:10:00,6500.78
2018-10-26 13:10:00,6495.19
2018-10-26 14:10:00,6478.86
2018-10-26 15:10:00,6484.52
2018-10-26 16:10:00,6454.38
2018-10-26 17:10:00,6448.11
2018-10-26 18:10:00,6444.1
2018-10-26 19:10:00,6469.33
2018-10-26 20:10:00,6506.15
2018-10-26 21:10:00,6486.82
2018-10-26 22:10:00,6504.94
2018-10-26 23:10:00,6466.28
2018-10-26 24:10:00,6506.12
2018-10-27 01:10:00,6499.05
2018-10-27 02:10:00,6489.08
2018-10-27 03:10:00,6520.02
2018-10-27 04:10:00,6502.78
2018-10-27 05:10:00,6519.51
2018-10-27 06:10:00,6521.93
2018-10-27 07:10:00,6512.59
2018-10-27 08:10:00,6544.36
2018-10-27 09:10:00,6535.08
2018-10-27 10:10:00,6550.14
2018-10-27 11:10:00,6517.29
2018-10-27 12:10:00,6542.1
2018-10-27 13:10:00,6514.01
2018-10-27 14:10:00,6509.58
2018-10-27 15:10:00,6533.18
2018-10-27 16:10:00,6488.1
2018-10-27 17:10:00,6468.61
2018-10-27 18:10:00,6470.41
2018-10-27 19:10:00,6482.2
2018-10-27 20:10:00,6481.5
2018-10-27 21:10:00,6495.09
2018-10-27 22:10:00,6502.64
2018-10-27 23:10:00,6482.58
2018-10-27 24:10:00,6487.83
2018-10-28 02:10:00,6513.02
2018-10-28 03:10:00,6498.83
2018-10-28 03:10:00,6514.34
2018-10-28 04:10:00,6504.26
2018-10-28 05:10:00,6489.61
2018-10-28 06:10:00,6507.84
2018-10-28 07:10:00,6519.66
2018-10-28 08:10:00,6494.59
2018-10-28 09:10:00,6495.45
2018-10-28 10:10:00,6493.55
2018-10-28 11:10:00,6522.54
2018-10-28 12:10:00,6492.15
2018-10-28 13:10:00,6514.94
2018-10-28 14:10:00,6503.28
2018-10-28 15:10:00,6499.56
2018-10-28 16:10:00,6494.4
2018-10-28 17:10:00,6490.77
2018-10-28 18:10:00,6481.64
2018-10-28 19:10:00,6513.5
2018-10-28 20:10:00,6496.32
2018-10-28 21:10:00,6475.77
2018-10-28 22:10:00,6460.33
2018-10-28 23:10:00,6478.11
2018-10-28 24:10:00,6488.04
2018-10-29 01:10:00,6476.42
2018-10-29 02:10:00,6477.28
2018-10-29 03:10:00,6485.35
2018-10-29 04:10:00,6482.69
2018-10-29 05:10:00,6489.63
2018-10-29 06:10:00,6481.39
2018-10-29 07:10:00,6487.21
2018-10-29 08:10:00,6489.18
2018-10-29 09:10:00,6450.5
2018-10-29 10:10:00,6456.28
2018-10-29 11:10:00,6438.95
2018-10-29 12:10:00,6445.83
2018-10-29 13:10:00,6382.75
2018-10-29 14:10:00,6322.54
2018-10-29 15:10:00,6315.89
2018-10-29 16:10:00,6337.74
2018-10-29 17:10:00,6354.22
2018-10-29 18:10:00,6351.99
2018-10-29 19:10:00,6326.62
2018-10-29 20:10:00,6326.05
2018-10-29 21:10:00,6287.79
2018-10-29 22:10:00,6298.27
2018-10-29 23:10:00,6321.71
2018-10-29 24:10:00,6337.36
2018-10-30 01:10:00,6336.51
2018-10-30 02:10:00,6344.75
2018-10-30 03:10:00,6339.44
2018-10-30 04:10:00,6337.23
2018-10-30 05:10:00,6344.15
2018-10-30 06:10:00,6334.42
2018-10-30 07:10:00,6322.18
2018-10-30 08:10:00,6334
2018-10-30 09:10:00,6321.58
2018-10-30 10:10:00,6304.49
2018-10-30 11:10:00,6296.12
2018-10-30 12:10:00,6297.96
2018-10-30 13:10:00,6303.14
2018-10-30 14:10:00,6327.35
2018-10-30 15:10:00,6306.2
2018-10-30 16:10:00,6292.26
2018-10-30 17:10:00,6331.79
2018-10-30 18:10:00,6317.54
2018-10-30 19:10:00,6315.01
2018-10-30 20:10:00,6296.27
2018-10-30 21:10:00,6304.98
2018-10-30 22:10:00,6296.64
2018-10-30 23:10:00,6311.35
2018-10-30 24:10:00,6307.19
2018-10-31 01:10:00,6320.8
2018-10-31 02:10:00,6316.77
2018-10-31 03:10:00,6302.16
2018-10-31 04:10:00,6307.6
2018-10-31 05:10:00,6302.91
2018-10-31 06:10:00,6307.19
2018-10-31 07:10:00,6296.03
2018-10-31 08:10:00,6316.11
2018-10-31 09:10:00,6289.69
2018-10-31 10:10:00,6310.81
2018-10-31 11:10:00,6316.38
2018-10-31 12:10:00,6304.52
2018-10-31 13:10:00,6319.95
2018-10-31 14:10:00,6325.48
2018-10-31 15:10:00,6330.03
2018-10-31 16:10:00,6275.04
2018-10-31 17:10:00,6309.09
2018-10-31 18:10:00,6362.18
2018-10-31 19:10:00,6360.62
2018-10-31 20:10:00,6351.22
2018-10-31 21:10:00,6347.89
2018-10-31 22:10:00,6338.43
2018-10-31 23:10:00,6390.35
2018-10-31 24:10:00,6371.28
2018-11-01 01:11:00,6382.94
2018-11-01 02:11:00,6362.17
2018-11-01 03:11:00,6378.78
2018-11-01 04:11:00,6349.66
2018-11-01 05:11:00,6352.39
2018-11-01 06:11:00,6362.35
2018-11-01 07:11:00,6347.02
2018-11-01 08:11:00,6355.79
2018-11-01 09:11:00,6367.34
2018-11-01 10:11:00,6351.77
2018-11-01 11:11:00,6351.26
2018-11-01 12:11:00,6355
2018-11-01 13:11:00,6365.55
2018-11-01 14:11:00,6348.56
2018-11-01 15:11:00,6343.57
2018-11-01 16:11:00,6348.17
2018-11-01 17:11:00,6361.48
2018-11-01 18:11:00,6368.08
2018-11-01 19:11:00,6375.88
2018-11-01 20:11:00,6373.87
2018-11-01 21:11:00,6376.1
2018-11-01 22:11:00,6381.19
2018-11-01 23:11:00,6403.88
2018-11-01 24:11:00,6396.69
2018-11-02 01:11:00,6392.87
2018-11-02 02:11:00,6412.06
2018-11-02 03:11:00,6438.67
2018-11-02 04:11:00,6409.67
2018-11-02 05:11:00,6415.41
2018-11-02 06:11:00,6400.85
2018-11-02 07:11:00,6392.57
2018-11-02 08:11:00,6414.69
2018-11-02 09:11:00,6403.24
2018-11-02 10:11:00,6394.94
2018-11-02 11:11:00,6372.92
2018-11-02 12:11:00,6390.68
2018-11-02 13:11:00,6401.96
2018-11-02 14:11:00,6410.56
2018-11-02 15:11:00,6407.8
2018-11-02 16:11:00,6431.22
2018-11-02 17:11:00,6405.1
2018-11-02 18:11:00,6417.52
2018-11-02 19:11:00,6417.07
2018-11-02 20:11:00,6419.49
2018-11-02 21:11:00,6423.7
2018-11-02 22:11:00,6408.94
2018-11-02 23:11:00,6419.86
2018-11-02 24:11:00,6397.09
2018-11-03 01:11:00,6442.72
2018-11-03 02:11:00,6434.93
2018-11-03 03:11:00,6438.8
2018-11-03 04:11:00,6423.06
2018-11-03 05:11:00,6419.84
2018-11-03 06:11:00,6388.86
2018-11-03 07:11:00,6370.03
2018-11-03 08:11:00,6380.52
2018-11-03 09:11:00,6401.48
2018-11-03 10:11:00,6402.03
2018-11-03 11:11:00,6356.38
2018-11-03 12:11:00,6366.68
2018-11-03 13:11:00,6372.58
2018-11-03 14:11:00,6371.05
2018-11-03 15:11:00,6344.71
2018-11-03 16:11:00,6370.34
2018-11-03 17:11:00,6361.87
2018-11-03 18:11:00,6376.04
2018-11-03 19:11:00,6371.93
2018-11-03 20:11:00,6373.42
2018-11-03 21:11:00,6373.32
2018-11-03 22:11:00,6378.06
2018-11-03 23:11:00,6397.74
2018-11-03 24:11:00,6381.97
2018-11-04 01:11:00,6380.89
2018-11-04 02:11:00,6368.44
2018-11-04 03:11:00,6374.99
2018-11-04 04:11:00,6382.9
2018-11-04 05:11:00,6370.91
2018-11-04 06:11:00,6376
2018-11-04 07:11:00,6396.73
2018-11-04 08:11:00,6392.02
2018-11-04 09:11:00,6416.83
2018-11-04 10:11:00,6411.36
2018-11-04 11:11:00,6414.64
2018-11-04 12:11:00,6414.58
2018-11-04 13:11:00,6431.57
2018-11-04 14:11:00,6425.42
2018-11-04 15:11:00,6401.73
2018-11-04 16:11:00,6420.79
2018-11-04 17:11:00,6433.88
2018-11-04 18:11:00,6451.69
2018-11-04 19:11:00,6471.48
2018-11-04 20:11:00,6479.82
2018-11-04 21:11:00,6485.56
2018-11-04 22:11:00,6478.43
2018-11-04 23:11:00,6485.38
2018-11-04 24:11:00,6470.02
2018-11-05 01:11:00,6486.32
2018-11-05 02:11:00,6482.79
2018-11-05 03:11:00,6468.53
2018-11-05 04:11:00,6456.1
2018-11-05 05:11:00,6462.36
2018-11-05 06:11:00,6464.6
2018-11-05 07:11:00,6470.43
2018-11-05 08:11:00,6477.97
2018-11-05 09:11:00,6466.92
2018-11-05 10:11:00,6440.84
2018-11-05 11:11:00,6450.48
2018-11-05 12:11:00,6444.95
2018-11-05 13:11:00,6451.4
2018-11-05 14:11:00,6439.2
2018-11-05 15:11:00,6449.67
2018-11-05 16:11:00,6445.24
2018-11-05 17:11:00,6448.91
2018-11-05 18:11:00,6456.44
2018-11-05 19:11:00,6439.84
2018-11-05 20:11:00,6423.29
2018-11-05 21:11:00,6449.09
2018-11-05 22:11:00,6445.21
2018-11-05 23:11:00,6448.06
2018-11-05 24:11:00,6453.21
2018-11-06 01:11:00,6454.78
2018-11-06 02:11:00,6458.09
2018-11-06 03:11:00,6472.86
2018-11-06 04:11:00,6453.14
2018-11-06 05:11:00,6431.01
2018-11-06 06:11:00,6433.77
2018-11-06 07:11:00,6438.9
2018-11-06 08:11:00,6436.14
2018-11-06 09:11:00,6430.9
2018-11-06 10:11:00,6442.27
2018-11-06 11:11:00,6451.11
2018-11-06 12:11:00,6464.45
2018-11-06 13:11:00,6437.05
2018-11-06 14:11:00,6441.86
2018-11-06 15:11:00,6444.15
2018-11-06 16:11:00,6437.33
2018-11-06 17:11:00,6464.25
2018-11-06 18:11:00,6464.74
2018-11-06 19:11:00,6457.83
2018-11-06 20:11:00,6465.16
2018-11-06 21:11:00,6448.11
2018-11-06 22:11:00,6470.9
2018-11-06 23:11:00,6449.33
2018-11-06 24:11:00,6461.72
2018-11-07 01:11:00,6480.73
2018-11-07 02:11:00,6530.7
2018-11-07 03:11:00,6549.25
2018-11-07 04:11:00,6563.28
2018-11-07 05:11:00,6545.65
2018-11-07 06:11:00,6541.66
2018-11-07 07:11:00,6535.97
2018-11-07 08:11:00,6529.37
2018-11-07 09:11:00,6537.21
2018-11-07 10:11:00,6548.43
2018-11-07 11:11:00,6534.76
2018-11-07 12:11:00,6524.74
2018-11-07 13:11:00,6538.75
2018-11-07 14:11:00,6522.73
2018-11-07 15:11:00,6523.87
2018-11-07 16:11:00,6531.42
2018-11-07 17:11:00,6528.1
2018-11-07 18:11:00,6526.39
2018-11-07 19:11:00,6532.44
2018-11-07 20:11:00,6529.41
2018-11-07 21:11:00,6531.39
2018-11-07 22:11:00,6534.01
2018-11-07 23:11:00,6530.08
2018-11-07 24:11:00,6529.68
2018-11-08 01:11:00,6531.69
2018-11-08 02:11:00,6539.2
2018-11-08 03:11:00,6527.71
2018-11-08 04:11:00,6507.69
2018-11-08 05:11:00,6482.25
2018-11-08 06:11:00,6506.21
2018-11-08 07:11:00,6503.06
2018-11-08 08:11:00,6513.99
2018-11-08 09:11:00,6488.09
2018-11-08 10:11:00,6511.5
2018-11-08 11:11:00,6483.3
2018-11-08 12:11:00,6480.02
2018-11-08 13:11:00,6519.96
2018-11-08 14:11:00,6516.73
2018-11-08 15:11:00,6536.79
2018-11-08 16:11:00,6515.83
2018-11-08 17:11:00,6523.54
2018-11-08 18:11:00,6455.97
2018-11-08 19:11:00,6474.05
2018-11-08 20:11:00,6476.25
2018-11-08 21:11:00,6481.93
2018-11-08 22:11:00,6482.85
2018-11-08 23:11:00,6486.02
2018-11-08 24:11:00,6480.25
2018-11-09 01:11:00,6463.68
2018-11-09 02:11:00,6465.72
2018-11-09 03:11:00,6458.74
2018-11-09 04:11:00,6458.46
2018-11-09 05:11:00,6459.67
2018-11-09 06:11:00,6458.94
2018-11-09 07:11:00,6461.44
2018-11-09 08:11:00,6469.86
2018-11-09 09:11:00,6449.29
2018-11-09 10:11:00,6453.99
2018-11-09 11:11:00,6407.92
2018-11-09 12:11:00,6381.92
2018-11-09 13:11:00,6397.73
2018-11-09 14:11:00,6405.2
2018-11-09 15:11:00,6392.25
2018-11-09 16:11:00,6373.69
2018-11-09 17:11:00,6385.12
2018-11-09 18:11:00,6397.93
2018-11-09 19:11:00,6404.54
2018-11-09 20:11:00,6401.35
2018-11-09 21:11:00,6395.54
2018-11-09 22:11:00,6412.02
2018-11-09 23:11:00,6381.76
2018-11-09 24:11:00,6391.99
2018-11-10 01:11:00,6399.93
2018-11-10 02:11:00,6418.72
2018-11-10 03:11:00,6431.84
2018-11-10 04:11:00,6424.12
2018-11-10 05:11:00,6418.99
2018-11-10 06:11:00,6415.12
2018-11-10 07:11:00,6433.36
2018-11-10 08:11:00,6434.25
2018-11-10 09:11:00,6442.68
2018-11-10 10:11:00,6450.04
2018-11-10 11:11:00,6450.61
2018-11-10 12:11:00,6421.66
2018-11-10 13:11:00,6431.84
2018-11-10 14:11:00,6432.98
2018-11-10 15:11:00,6443.11
2018-11-10 16:11:00,6426.12
2018-11-10 17:11:00,6443.79
2018-11-10 18:11:00,6443.53
2018-11-10 19:11:00,6438.37
2018-11-10 20:11:00,6440.31
2018-11-10 21:11:00,6428.69
2018-11-10 22:11:00,6451.74
2018-11-10 23:11:00,6456.24
2018-11-10 24:11:00,6445.19
2018-11-11 01:11:00,6424.7
2018-11-11 02:11:00,6428.14
2018-11-11 03:11:00,6443.36
2018-11-11 04:11:00,6437.57
2018-11-11 05:11:00,6435.36
2018-11-11 06:11:00,6437.02
2018-11-11 07:11:00,6425.31
2018-11-11 08:11:00,6434.31
2018-11-11 09:11:00,6458.28
2018-11-11 10:11:00,6441.43
2018-11-11 11:11:00,6438.37
2018-11-11 12:11:00,6419.07
2018-11-11 13:11:00,6419.05
2018-11-11 14:11:00,6419.45
2018-11-11 15:11:00,6405.23
2018-11-11 16:11:00,6412.48
2018-11-11 17:11:00,6339.41
2018-11-11 18:11:00,6372.79
2018-11-11 19:11:00,6384.44
2018-11-11 20:11:00,6384.61
2018-11-11 21:11:00,6408.19
2018-11-11 22:11:00,6408.1
2018-11-11 23:11:00,6402.8
2018-11-11 24:11:00,6398.04
2018-11-12 01:11:00,6407.72
2018-11-12 02:11:00,6434.02
2018-11-12 03:11:00,6419.12
2018-11-12 04:11:00,6454.26
2018-11-12 05:11:00,6404.24
2018-11-12 06:11:00,6445.87
2018-11-12 07:11:00,6450.98
2018-11-12 08:11:00,6431.88
2018-11-12 09:11:00,6428.4
2018-11-12 10:11:00,6411.77
2018-11-12 11:11:00,6412.03
2018-11-12 12:11:00,6387.3
2018-11-12 13:11:00,6398.93
2018-11-12 14:11:00,6421.47
2018-11-12 15:11:00,6425.75
2018-11-12 16:11:00,6413.22
2018-11-12 17:11:00,6401.57
2018-11-12 18:11:00,6410.72
2018-11-12 19:11:00,6386.13
2018-11-12 20:11:00,6363.4
2018-11-12 21:11:00,6368.29
2018-11-12 22:11:00,6401.89
2018-11-12 23:11:00,6405.38
2018-11-12 24:11:00,6369.15
2018-11-13 01:11:00,6393.68
2018-11-13 02:11:00,6387.17
2018-11-13 03:11:00,6367.15
2018-11-13 04:11:00,6356.73
2018-11-13 05:11:00,6409.67
2018-11-13 06:11:00,6395.06
2018-11-13 07:11:00,6392.01
2018-11-13 08:11:00,6395.91
2018-11-13 09:11:00,6348.05
2018-11-13 10:11:00,6337.47
2018-11-13 11:11:00,6376.23
2018-11-13 12:11:00,6366.13
2018-11-13 13:11:00,6381.86
2018-11-13 14:11:00,6345.66
2018-11-13 15:11:00,6370.06
2018-11-13 16:11:00,6356.05
2018-11-13 17:11:00,6376.35
2018-11-13 18:11:00,6391.88
2018-11-13 19:11:00,6411.57
2018-11-13 20:11:00,6372.2
2018-11-13 21:11:00,6340.64
2018-11-13 22:11:00,6361.52
2018-11-13 23:11:00,6339.3
2018-11-13 24:11:00,6384.55
2018-11-14 01:11:00,6326.24
2018-11-14 02:11:00,6327.24
2018-11-14 03:11:00,6327.37
2018-11-14 04:11:00,6373.55
2018-11-14 05:11:00,6407.13
2018-11-14 06:11:00,6360
2018-11-14 07:11:00,6386.56
2018-11-14 08:11:00,6390.75
2018-11-14 09:11:00,6375.11
2018-11-14 10:11:00,6325.95
2018-11-14 11:11:00,6355.66
2018-11-14 12:11:00,6291.86
2018-11-14 13:11:00,6288.81
2018-11-14 14:11:00,6298.26
2018-11-14 15:11:00,6273.68
2018-11-14 16:11:00,6255.64
2018-11-14 17:11:00,6175.1
2018-11-14 18:11:00,5879.14
2018-11-14 19:11:00,5771.04
2018-11-14 20:11:00,5770.65
2018-11-14 21:11:00,5622.13
2018-11-14 22:11:00,5558.49
2018-11-14 23:11:00,5634.57
2018-11-14 24:11:00,5666.21
2018-11-15 01:11:00,5689.22
2018-11-15 02:11:00,5733.32
2018-11-15 03:11:00,5697.18
2018-11-15 04:11:00,5648.94
2018-11-15 05:11:00,5639.49
2018-11-15 06:11:00,5610.4
2018-11-15 07:11:00,5612.64
2018-11-15 08:11:00,5626.61
2018-11-15 09:11:00,5654.28
2018-11-15 10:11:00,5647.95
2018-11-15 11:11:00,5629.61
2018-11-15 12:11:00,5503.28
2018-11-15 13:11:00,5490.03
2018-11-15 14:11:00,5475.79
2018-11-15 15:11:00,5494.27
2018-11-15 16:11:00,5394.95
2018-11-15 17:11:00,5473.82
2018-11-15 18:11:00,5526.26
2018-11-15 19:11:00,5600.62
2018-11-15 20:11:00,5554.98
2018-11-15 21:11:00,5558.85
2018-11-15 22:11:00,5542.44
2018-11-15 23:11:00,5494.33
2018-11-15 24:11:00,5539.47
2018-11-16 01:11:00,5579.69
2018-11-16 02:11:00,5610.16
2018-11-16 03:11:00,5577.76
2018-11-16 04:11:00,5599.44
2018-11-16 05:11:00,5630.65
2018-11-16 06:11:00,5599.2
2018-11-16 07:11:00,5610.18
2018-11-16 08:11:00,5581.84
2018-11-16 09:11:00,5599.8
2018-11-16 10:11:00,5590.96
2018-11-16 11:11:00,5560.77
2018-11-16 12:11:00,5598.08
2018-11-16 13:11:00,5622.12
2018-11-16 14:11:00,5604.62
2018-11-16 15:11:00,5616.97
2018-11-16 16:11:00,5627.65
2018-11-16 17:11:00,5612.25
2018-11-16 18:11:00,5596.49
2018-11-16 19:11:00,5625.02
2018-11-16 20:11:00,5606.36
2018-11-16 21:11:00,5584.02
2018-11-16 22:11:00,5561.48
2018-11-16 23:11:00,5530.17
2018-11-16 24:11:00,5520.25
2018-11-17 01:11:00,5546.19
2018-11-17 02:11:00,5562.16
2018-11-17 03:11:00,5557.55
2018-11-17 04:11:00,5533.6
2018-11-17 05:11:00,5521.4
2018-11-17 06:11:00,5517.81
2018-11-17 07:11:00,5532.98
2018-11-17 08:11:00,5561.48
2018-11-17 09:11:00,5566.54
2018-11-17 10:11:00,5576.29
2018-11-17 11:11:00,5574.5
2018-11-17 12:11:00,5559.9
2018-11-17 13:11:00,5580.16
2018-11-17 14:11:00,5567.14
2018-11-17 15:11:00,5588.47
2018-11-17 16:11:00,5582.27
2018-11-17 17:11:00,5564.24
2018-11-17 18:11:00,5563.77
2018-11-17 19:11:00,5578.53
2018-11-17 20:11:00,5560.49
2018-11-17 21:11:00,5583.02
2018-11-17 22:11:00,5580.38
2018-11-17 23:11:00,5596.02
2018-11-17 24:11:00,5580.02
2018-11-18 01:11:00,5585.03
2018-11-18 02:11:00,5616.4
2018-11-18 03:11:00,5613.86
2018-11-18 04:11:00,5607.94
2018-11-18 05:11:00,5619.79
2018-11-18 06:11:00,5586.13
2018-11-18 07:11:00,5584.45
2018-11-18 08:11:00,5595.25
2018-11-18 09:11:00,5598.57
2018-11-18 10:11:00,5587.51
2018-11-18 11:11:00,5583.71
2018-11-18 12:11:00,5599.28
2018-11-18 13:11:00,5577.57
2018-11-18 14:11:00,5575.69
2018-11-18 15:11:00,5578.36
2018-11-18 16:11:00,5580.16
2018-11-18 17:11:00,5571.38
2018-11-18 18:11:00,5579.93
2018-11-18 19:11:00,5585.86
2018-11-18 20:11:00,5588.14
2018-11-18 21:11:00,5646.73
2018-11-18 22:11:00,5595.7
2018-11-18 23:11:00,5590.45
2018-11-18 24:11:00,5591.52
2018-11-19 01:11:00,5604.09
2018-11-19 02:11:00,5597.75
2018-11-19 03:11:00,5554.58
2018-11-19 04:11:00,5555.65
2018-11-19 05:11:00,5566.76
2018-11-19 06:11:00,5559.63
2018-11-19 07:11:00,5448.95
2018-11-19 08:11:00,5441.49
2018-11-19 09:11:00,5429.65
2018-11-19 10:11:00,5300.06
2018-11-19 11:11:00,5276.78
2018-11-19 12:11:00,5332.47
2018-11-19 13:11:00,5327.44
2018-11-19 14:11:00,5297.79
2018-11-19 15:11:00,5188.08
2018-11-19 16:11:00,5137.36
2018-11-19 17:11:00,5147.36
2018-11-19 18:11:00,5100.09
2018-11-19 19:11:00,5086.19
2018-11-19 20:11:00,5026.25
2018-11-19 21:11:00,4950.68
2018-11-19 22:11:00,5009.76
2018-11-19 23:11:00,4861.48
2018-11-19 24:11:00,4852.53
2018-11-20 01:11:00,4860.11
2018-11-20 02:11:00,4864.97
2018-11-20 03:11:00,4853.14
2018-11-20 04:11:00,4905.97
2018-11-20 05:11:00,4858.16
2018-11-20 06:11:00,4770.69
2018-11-20 07:11:00,4673.82
2018-11-20 08:11:00,4611.98
2018-11-20 09:11:00,4678.95
2018-11-20 10:11:00,4452.68
2018-11-20 11:11:00,4495.83
2018-11-20 12:11:00,4513.21
2018-11-20 13:11:00,4443.95
2018-11-20 14:11:00,4452.47
2018-11-20 15:11:00,4453.96
2018-11-20 16:11:00,4675.63
2018-11-20 17:11:00,4742.17
2018-11-20 18:11:00,4786.9
2018-11-20 19:11:00,4629.27
2018-11-20 20:11:00,4580.5
2018-11-20 21:11:00,4581.52
2018-11-20 22:11:00,4301.79
2018-11-20 23:11:00,4401.02
2018-11-20 24:11:00,4394.21
2018-11-21 01:11:00,4380.19
2018-11-21 02:11:00,4406.06
2018-11-21 03:11:00,4352.32
2018-11-21 04:11:00,4447.53
2018-11-21 05:11:00,4506.43
2018-11-21 06:11:00,4483.66
2018-11-21 07:11:00,4459.89
2018-11-21 08:11:00,4436.87
2018-11-21 09:11:00,4490.58
2018-11-21 10:11:00,4612.38
2018-11-21 11:11:00,4644.43
2018-11-21 12:11:00,4570.3
2018-11-21 13:11:00,4587.29
2018-11-21 14:11:00,4588.61
2018-11-21 15:11:00,4548.16
2018-11-21 16:11:00,4465.36
2018-11-21 17:11:00,4529.8
2018-11-21 18:11:00,4554.19
2018-11-21 19:11:00,4464.05
2018-11-21 20:11:00,4482.81
2018-11-21 21:11:00,4457.48
2018-11-21 22:11:00,4480.99
2018-11-21 23:11:00,4470.22
2018-11-21 24:11:00,4544.78
2018-11-22 01:11:00,4576.82
2018-11-22 02:11:00,4570.24
2018-11-22 03:11:00,4593.9
2018-11-22 04:11:00,4595.19
2018-11-22 05:11:00,4567.65
2018-11-22 06:11:00,4583
2018-11-22 07:11:00,4566.85
2018-11-22 08:11:00,4562.93
2018-11-22 09:11:00,4575.52
2018-11-22 10:11:00,4552.85
2018-11-22 11:11:00,4496.01
2018-11-22 12:11:00,4515.46
2018-11-22 13:11:00,4506.64
2018-11-22 14:11:00,4491.25
2018-11-22 15:11:00,4486.38
2018-11-22 16:11:00,4510.51
2018-11-22 17:11:00,4508.22
2018-11-22 18:11:00,4502.09
2018-11-22 19:11:00,4525.45
2018-11-22 20:11:00,4503.46
2018-11-22 21:11:00,4468.88
2018-11-22 22:11:00,4486.17
2018-11-22 23:11:00,4525.25
2018-11-22 24:11:00,4477.82
2018-11-23 01:11:00,4354.72
2018-11-23 02:11:00,4378.79
2018-11-23 03:11:00,4240.17
2018-11-23 04:11:00,4227.21
2018-11-23 05:11:00,4281.56
2018-11-23 06:11:00,4243.11
2018-11-23 07:11:00,4209.6
2018-11-23 08:11:00,4267.47
2018-11-23 09:11:00,4321.5
2018-11-23 10:11:00,4307.5
2018-11-23 11:11:00,4371.67
2018-11-23 12:11:00,4338.75
2018-11-23 13:11:00,4318.88
2018-11-23 14:11:00,4304.95
2018-11-23 15:11:00,4293.47
2018-11-23 16:11:00,4316.72
2018-11-23 17:11:00,4316.04
2018-11-23 18:11:00,4278.43
2018-11-23 19:11:00,4282.45
2018-11-23 20:11:00,4264.8
2018-11-23 21:11:00,4285.44
2018-11-23 22:11:00,4268.37
2018-11-23 23:11:00,4288.02
2018-11-23 24:11:00,4368.67
2018-11-24 01:11:00,4348.17
2018-11-24 02:11:00,4404.48
2018-11-24 03:11:00,4425.44
2018-11-24 04:11:00,4387.07
2018-11-24 05:11:00,4355.35
2018-11-24 06:11:00,4356.37
2018-11-24 07:11:00,4351.92
2018-11-24 08:11:00,4357.33
2018-11-24 09:11:00,4337.75
2018-11-24 10:11:00,4348.3
2018-11-24 11:11:00,4392.67
2018-11-24 12:11:00,4362.47
2018-11-24 13:11:00,4326.57
2018-11-24 14:11:00,4288.87
2018-11-24 15:11:00,4293.62
2018-11-24 16:11:00,4340.23
2018-11-24 17:11:00,4289
2018-11-24 18:11:00,4267.76
2018-11-24 19:11:00,4290.79
2018-11-24 20:11:00,4290.98
2018-11-24 21:11:00,4213.82
2018-11-24 22:11:00,4205.65
2018-11-24 23:11:00,3964.18
2018-11-24 24:11:00,3818.94
2018-11-25 01:11:00,3879.35
2018-11-25 02:11:00,3834.07
2018-11-25 03:11:00,3835.89
2018-11-25 04:11:00,3792.77
2018-11-25 05:11:00,3713.64
2018-11-25 06:11:00,3711.36
2018-11-25 07:11:00,3712.38
2018-11-25 08:11:00,3722.1
2018-11-25 09:11:00,3743
2018-11-25 10:11:00,3798.48
2018-11-25 11:11:00,3714.47
2018-11-25 12:11:00,3626.67
2018-11-25 13:11:00,3875.43
2018-11-25 14:11:00,3845.56
2018-11-25 15:11:00,3888.62
2018-11-25 16:11:00,3868.12
2018-11-25 17:11:00,3815.38
2018-11-25 18:11:00,3812.19
2018-11-25 19:11:00,3740.31
2018-11-25 20:11:00,3761.93
2018-11-25 21:11:00,3876.46
2018-11-25 22:11:00,3991.79
2018-11-25 23:11:00,4054.66
2018-11-25 24:11:00,4098.32
2018-11-26 01:11:00,4009.11
2018-11-26 02:11:00,4058.94
2018-11-26 03:11:00,4025.03
2018-11-26 04:11:00,3992.12
2018-11-26 05:11:00,4047.14
2018-11-26 06:11:00,4012.92
2018-11-26 07:11:00,4012.39
2018-11-26 08:11:00,4076.61
2018-11-26 09:11:00,4062.47
2018-11-26 10:11:00,3977.68
2018-11-26 11:11:00,3954.68
2018-11-26 12:11:00,3989.76
2018-11-26 13:11:00,3992.7
2018-11-26 14:11:00,3955.15
2018-11-26 15:11:00,3932.18
2018-11-26 16:11:00,3817.45
2018-11-26 17:11:00,3779.09
2018-11-26 18:11:00,3710.58
2018-11-26 19:11:00,3826.19
2018-11-26 20:11:00,3828.43
2018-11-26 21:11:00,3852.81
2018-11-26 22:11:00,3719.04
2018-11-26 23:11:00,3676.27
2018-11-26 24:11:00,3724.7
2018-11-27 01:11:00,3744.56
2018-11-27 02:11:00,3761.21
2018-11-27 03:11:00,3735.89
2018-11-27 04:11:00,3743.93
2018-11-27 05:11:00,3755.51
2018-11-27 06:11:00,3734.83
2018-11-27 07:11:00,3790.69
2018-11-27 08:11:00,3795.85
2018-11-27 09:11:00,3820.46
2018-11-27 10:11:00,3731.69
2018-11-27 11:11:00,3704.45
2018-11-27 12:11:00,3706.52
2018-11-27 13:11:00,3715.86
2018-11-27 14:11:00,3704.93
2018-11-27 15:11:00,3752.6
2018-11-27 16:11:00,3754.69
2018-11-27 17:11:00,3705.31
2018-11-27 18:11:00,3726.67
2018-11-27 19:11:00,3736.38
2018-11-27 20:11:00,3757.14
2018-11-27 21:11:00,3773.36
2018-11-27 22:11:00,3737.51
2018-11-27 23:11:00,3771.12
2018-11-27 24:11:00,3840.69
2018-11-28 01:11:00,3824.86
2018-11-28 02:11:00,3843.71
2018-11-28 03:11:00,3843
2018-11-28 04:11:00,3856.79
2018-11-28 05:11:00,3874.28
2018-11-28 06:11:00,3994.3
2018-11-28 07:11:00,4061.54
2018-11-28 08:11:00,4045.6
2018-11-28 09:11:00,4052.4
2018-11-28 10:11:00,4042.22
2018-11-28 11:11:00,4027.68
2018-11-28 12:11:00,4055.96
2018-11-28 13:11:00,4080.83
2018-11-28 14:11:00,4111.83
2018-11-28 15:11:00,4182.67
2018-11-28 16:11:00,4231.32
2018-11-28 17:11:00,4217.45
2018-11-28 18:11:00,4204.26
2018-11-28 19:11:00,4236.51
2018-11-28 20:11:00,4259.16
2018-11-28 21:11:00,4330.81
2018-11-28 22:11:00,4357.91
2018-11-28 23:11:00,4319
2018-11-28 24:11:00,4241.76
2018-11-29 01:11:00,4253.36
2018-11-29 02:11:00,4262.59
2018-11-29 03:11:00,4182.75
2018-11-29 04:11:00,4172.93
2018-11-29 05:11:00,4186.28
2018-11-29 06:11:00,4179.44
2018-11-29 07:11:00,4220.87
2018-11-29 08:11:00,4230.9
2018-11-29 09:11:00,4203.64
2018-11-29 10:11:00,4247.04
2018-11-29 11:11:00,4346.27
2018-11-29 12:11:00,4346.54
2018-11-29 13:11:00,4404.47
2018-11-29 14:11:00,4341.32
2018-11-29 15:11:00,4274.07
2018-11-29 16:11:00,4315.44
2018-11-29 17:11:00,4287
2018-11-29 18:11:00,4327.54
2018-11-29 19:11:00,4353.17
2018-11-29 20:11:00,4293.61
2018-11-29 21:11:00,4217.13
2018-11-29 22:11:00,4240.97
2018-11-29 23:11:00,4190.49
2018-11-29 24:11:00,4250.68
2018-11-30 01:11:00,4297.37
2018-11-30 02:11:00,4263.59
2018-11-30 03:11:00,4235.61
2018-11-30 04:11:00,4280.09
2018-11-30 05:11:00,4296.71
2018-11-30 06:11:00,4288.37
2018-11-30 07:11:00,4316.55
2018-11-30 08:11:00,4302.72
2018-11-30 09:11:00,4223.78
2018-11-30 10:11:00,4232.49
2018-11-30 11:11:00,4209.36
2018-11-30 12:11:00,4112.54
2018-11-30 13:11:00,4003.38
2018-11-30 14:11:00,3958.89
2018-11-30 15:11:00,4019.12
2018-11-30 16:11:00,4001.77
2018-11-30 17:11:00,3987.81
2018-11-30 18:11:00,4016.62
2018-11-30 19:11:00,4035.45
2018-11-30 20:11:00,4020.96
2018-11-30 21:11:00,4014.43
2018-11-30 22:11:00,4011.24
2018-11-30 23:11:00,3960.27
2018-11-30 24:11:00,3944.05
2018-12-01 01:12:00,4007.02
2018-12-01 02:12:00,3999.15
2018-12-01 03:12:00,4012.76
2018-12-01 04:12:00,3991.93
2018-12-01 05:12:00,3998.27
2018-12-01 06:12:00,3986
2018-12-01 07:12:00,3975.97
2018-12-01 08:12:00,3977.96
2018-12-01 09:12:00,3978.23
2018-12-01 10:12:00,4025.7
2018-12-01 11:12:00,4026.82
2018-12-01 12:12:00,4118.05
2018-12-01 13:12:00,4185.93
2018-12-01 14:12:00,4206.82
2018-12-01 15:12:00,4207.74
2018-12-01 16:12:00,4201.19
2018-12-01 17:12:00,4211.53
2018-12-01 18:12:00,4273.85
2018-12-01 19:12:00,4274.19
2018-12-01 20:12:00,4273.91
2018-12-01 21:12:00,4267.55
2018-12-01 22:12:00,4222.79
2018-12-01 23:12:00,4194.73
2018-12-01 24:12:00,4230
2018-12-02 01:12:00,4195.68
2018-12-02 02:12:00,4235.26
2018-12-02 03:12:00,4267.92
2018-12-02 04:12:00,4277.53
2018-12-02 05:12:00,4203.41
2018-12-02 06:12:00,4192.63
2018-12-02 07:12:00,4127.98
2018-12-02 08:12:00,4130.38
2018-12-02 09:12:00,4165.99
2018-12-02 10:12:00,4180.8
2018-12-02 11:12:00,4209.07
2018-12-02 12:12:00,4136.01
2018-12-02 13:12:00,4119.71
2018-12-02 14:12:00,4147.8
2018-12-02 15:12:00,4135.58
2018-12-02 16:12:00,4189.31
2018-12-02 17:12:00,4176.18
2018-12-02 18:12:00,4162.9
2018-12-02 19:12:00,4154.05
2018-12-02 20:12:00,4160.96
2018-12-02 21:12:00,4154.57
2018-12-02 22:12:00,4198.59
2018-12-02 23:12:00,4222.78
2018-12-02 24:12:00,4172.06
2018-12-03 01:12:00,4141.2
2018-12-03 02:12:00,4121
2018-12-03 03:12:00,4126.73
2018-12-03 04:12:00,4007.75
2018-12-03 05:12:00,4001.81
2018-12-03 06:12:00,3986.97
2018-12-03 07:12:00,3997.49
2018-12-03 08:12:00,3986.41
2018-12-03 09:12:00,3990.94
2018-12-03 10:12:00,3995.56
2018-12-03 11:12:00,4022.44
2018-12-03 12:12:00,4033.35
2018-12-03 13:12:00,4001.18
2018-12-03 14:12:00,4015.41
2018-12-03 15:12:00,4009.27
2018-12-03 16:12:00,3995.85
2018-12-03 17:12:00,3878.85
2018-12-03 18:12:00,3838.71
2018-12-03 19:12:00,3874.62
2018-12-03 20:12:00,3879.15
2018-12-03 21:12:00,3856.29
2018-12-03 22:12:00,3862.08
2018-12-03 23:12:00,3873.64
2018-12-03 24:12:00,3894.27
2018-12-04 01:12:00,3879.04
2018-12-04 02:12:00,3873.08
2018-12-04 03:12:00,3892.88
2018-12-04 04:12:00,3879.4
2018-12-04 05:12:00,3848.2
2018-12-04 06:12:00,3863.02
2018-12-04 07:12:00,3834.96
2018-12-04 08:12:00,3906.02
2018-12-04 09:12:00,4002.45
2018-12-04 10:12:00,4004.69
2018-12-04 11:12:00,4018.94
2018-12-04 12:12:00,4008.04
2018-12-04 13:12:00,4006.96
2018-12-04 14:12:00,4008.67
2018-12-04 15:12:00,3993.05
2018-12-04 16:12:00,4038.8
2018-12-04 17:12:00,4057.21
2018-12-04 18:12:00,3989.43
2018-12-04 19:12:00,3950.19
2018-12-04 20:12:00,3956.49
2018-12-04 21:12:00,3964.27
2018-12-04 22:12:00,3937.03
2018-12-04 23:12:00,3910.64
2018-12-04 24:12:00,3939.8
2018-12-05 01:12:00,3938.6
2018-12-05 02:12:00,3962.41
2018-12-05 03:12:00,3932.95
2018-12-05 04:12:00,3891.25
2018-12-05 05:12:00,3875.09
2018-12-05 06:12:00,3870.05
2018-12-05 07:12:00,3895.86
2018-12-05 08:12:00,3897.07
2018-12-05 09:12:00,3851.41
2018-12-05 10:12:00,3849.24
2018-12-05 11:12:00,3856.71
2018-12-05 12:12:00,3876.16
2018-12-05 13:12:00,3890.45
2018-12-05 14:12:00,3900.42
2018-12-05 15:12:00,3902.9
2018-12-05 16:12:00,3855.2
2018-12-05 17:12:00,3889.62
2018-12-05 18:12:00,3775.56
2018-12-05 19:12:00,3746.66
2018-12-05 20:12:00,3766.79
2018-12-05 21:12:00,3767.95
2018-12-05 22:12:00,3768.59
2018-12-05 23:12:00,3779.52
2018-12-05 24:12:00,3747.73
2018-12-06 01:12:00,3746.01
2018-12-06 02:12:00,3755.15
2018-12-06 03:12:00,3786.36
2018-12-06 04:12:00,3759.87
2018-12-06 05:12:00,3765.98
2018-12-06 06:12:00,3739.02
2018-12-06 07:12:00,3796.82
2018-12-06 08:12:00,3842.95
2018-12-06 09:12:00,3836.78
2018-12-06 10:12:00,3848.11
2018-12-06 11:12:00,3852.69
2018-12-06 12:12:00,3826.32
2018-12-06 13:12:00,3818.59
2018-12-06 14:12:00,3795.22
2018-12-06 15:12:00,3739.14
2018-12-06 16:12:00,3693.57
2018-12-06 17:12:00,3667.95
2018-12-06 18:12:00,3633.59
2018-12-06 19:12:00,3622.63
2018-12-06 20:12:00,3617.89
2018-12-06 21:12:00,3646.25
2018-12-06 22:12:00,3650.61
2018-12-06 23:12:00,3660.64
2018-12-06 24:12:00,3637.04
2018-12-07 01:12:00,3552.43
2018-12-07 02:12:00,3444.23
2018-12-07 03:12:00,3392.15
2018-12-07 04:12:00,3374.61
2018-12-07 05:12:00,3370.41
2018-12-07 06:12:00,3392.18
2018-12-07 07:12:00,3413.85
2018-12-07 08:12:00,3406.2
2018-12-07 09:12:00,3418.17
2018-12-07 10:12:00,3404.21
2018-12-07 11:12:00,3393.7
2018-12-07 12:12:00,3404.99
2018-12-07 13:12:00,3421.16
2018-12-07 14:12:00,3407.46
2018-12-07 15:12:00,3419.72
2018-12-07 16:12:00,3427.57
2018-12-07 17:12:00,3388.5
2018-12-07 18:12:00,3292.91
2018-12-07 19:12:00,3269.85
2018-12-07 20:12:00,3278.6
2018-12-07 21:12:00,3461.65
2018-12-07 22:12:00,3433.57
2018-12-07 23:12:00,3386.64
2018-12-07 24:12:00,3421.55
2018-12-08 01:12:00,3409.42
2018-12-08 02:12:00,3462.7
2018-12-08 03:12:00,3478.6
2018-12-08 04:12:00,3458.39
2018-12-08 05:12:00,3479.61
2018-12-08 06:12:00,3495.08
2018-12-08 07:12:00,3482.57
2018-12-08 08:12:00,3459.07
2018-12-08 09:12:00,3458.04
2018-12-08 10:12:00,3425.51
2018-12-08 11:12:00,3426.53
2018-12-08 12:12:00,3427.18
2018-12-08 13:12:00,3440.17
2018-12-08 14:12:00,3400.21
2018-12-08 15:12:00,3382
2018-12-08 16:12:00,3372.75
2018-12-08 17:12:00,3397.94
2018-12-08 18:12:00,3404.58
2018-12-08 19:12:00,3393.2
2018-12-08 20:12:00,3400.41
2018-12-08 21:12:00,3406.86
2018-12-08 22:12:00,3378.4
2018-12-08 23:12:00,3331.73
2018-12-08 24:12:00,3465.59
2018-12-09 01:12:00,3515.09
2018-12-09 02:12:00,3465.58
2018-12-09 03:12:00,3466.64
2018-12-09 04:12:00,3472.27
2018-12-09 05:12:00,3460.92
2018-12-09 06:12:00,3451.26
2018-12-09 07:12:00,3457.08
2018-12-09 08:12:00,3467.9
2018-12-09 09:12:00,3485.47
2018-12-09 10:12:00,3452.39
2018-12-09 11:12:00,3460.59
2018-12-09 12:12:00,3448.5
2018-12-09 13:12:00,3460.32
2018-12-09 14:12:00,3471.88
2018-12-09 15:12:00,3507.46
2018-12-09 16:12:00,3558.55
2018-12-09 17:12:00,3596.21
2018-12-09 18:12:00,3611.43
2018-12-09 19:12:00,3655.42
2018-12-09 20:12:00,3618.98
2018-12-09 21:12:00,3608.46
2018-12-09 22:12:00,3613.85
2018-12-09 23:12:00,3600.33
2018-12-09 24:12:00,3577.97
2018-12-10 01:12:00,3579.64
2018-12-10 02:12:00,3606.6
2018-12-10 03:12:00,3616.53
2018-12-10 04:12:00,3592.57
2018-12-10 05:12:00,3576.67
2018-12-10 06:12:00,3573.02
2018-12-10 07:12:00,3576.26
2018-12-10 08:12:00,3541.4
2018-12-10 09:12:00,3528.91
2018-12-10 10:12:00,3500.36
2018-12-10 11:12:00,3510.51
2018-12-10 12:12:00,3526.88
2018-12-10 13:12:00,3551.76
2018-12-10 14:12:00,3530.86
2018-12-10 15:12:00,3547.25
2018-12-10 16:12:00,3528.61
2018-12-10 17:12:00,3460.15
2018-12-10 18:12:00,3499.35
2018-12-10 19:12:00,3478.08
2018-12-10 20:12:00,3466.08
2018-12-10 21:12:00,3431.87
2018-12-10 22:12:00,3444.83
2018-12-10 23:12:00,3476.95
2018-12-10 24:12:00,3469.24
2018-12-11 01:12:00,3461.49
2018-12-11 02:12:00,3452.88
2018-12-11 03:12:00,3436.49
2018-12-11 04:12:00,3442.63
2018-12-11 05:12:00,3441.66
2018-12-11 06:12:00,3456.4
2018-12-11 07:12:00,3471.61
2018-12-11 08:12:00,3470.91
2018-12-11 09:12:00,3449.23
2018-12-11 10:12:00,3453.58
2018-12-11 11:12:00,3467.23
2018-12-11 12:12:00,3423.27
2018-12-11 13:12:00,3397.68
2018-12-11 14:12:00,3409.65
2018-12-11 15:12:00,3414.34
2018-12-11 16:12:00,3389.98
2018-12-11 17:12:00,3392.55
2018-12-11 18:12:00,3372.72
2018-12-11 19:12:00,3403.15
2018-12-11 20:12:00,3386.59
2018-12-11 21:12:00,3394.33
2018-12-11 22:12:00,3379.99
2018-12-11 23:12:00,3419.19
2018-12-11 24:12:00,3410.58
2018-12-12 01:12:00,3390.99
2018-12-12 02:12:00,3379.85
2018-12-12 03:12:00,3383.47
2018-12-12 04:12:00,3399.85
2018-12-12 05:12:00,3387.73
2018-12-12 06:12:00,3366.42
2018-12-12 07:12:00,3387.7
2018-12-12 08:12:00,3414.64
2018-12-12 09:12:00,3429.38
2018-12-12 10:12:00,3408.52
2018-12-12 11:12:00,3424.12
2018-12-12 12:12:00,3465.95
2018-12-12 13:12:00,3474.82
2018-12-12 14:12:00,3479.44
2018-12-12 15:12:00,3452.76
2018-12-12 16:12:00,3452.5
2018-12-12 17:12:00,3488.68
2018-12-12 18:12:00,3521.1
2018-12-12 19:12:00,3480.87
2018-12-12 20:12:00,3486.32
2018-12-12 21:12:00,3474.88
2018-12-12 22:12:00,3464.56
2018-12-12 23:12:00,3479.25
2018-12-12 24:12:00,3471.28
2018-12-13 01:12:00,3454.72
2018-12-13 02:12:00,3453.09
2018-12-13 03:12:00,3435.6
2018-12-13 04:12:00,3429.98
2018-12-13 05:12:00,3408.57
2018-12-13 06:12:00,3410.81
2018-12-13 07:12:00,3396.8
2018-12-13 08:12:00,3417.09
2018-12-13 09:12:00,3428.29
2018-12-13 10:12:00,3414.82
2018-12-13 11:12:00,3437.41
2018-12-13 12:12:00,3450.92
2018-12-13 13:12:00,3428.97
2018-12-13 14:12:00,3442.92
2018-12-13 15:12:00,3450.61
2018-12-13 16:12:00,3455.36
2018-12-13 17:12:00,3440
2018-12-13 18:12:00,3436.07
2018-12-13 19:12:00,3403.45
2018-12-13 20:12:00,3435.96
2018-12-13 21:12:00,3376.33
2018-12-13 22:12:00,3304.89
2018-12-13 23:12:00,3291.19
2018-12-13 24:12:00,3304.95
2018-12-14 01:12:00,3308.64
2018-12-14 02:12:00,3286.24
2018-12-14 03:12:00,3320.61
2018-12-14 04:12:00,3300.95
2018-12-14 05:12:00,3293.7
2018-12-14 06:12:00,3311.33
2018-12-14 07:12:00,3318.62
2018-12-14 08:12:00,3326.49
2018-12-14 09:12:00,3339.72
2018-12-14 10:12:00,3323.34
2018-12-14 11:12:00,3307.24
2018-12-14 12:12:00,3328.67
2018-12-14 13:12:00,3310.59
2018-12-14 14:12:00,3304.99
2018-12-14 15:12:00,3311.27
2018-12-14 16:12:00,3294.96
2018-12-14 17:12:00,3272.49
2018-12-14 18:12:00,3231.14
2018-12-14 19:12:00,3225.43
2018-12-14 20:12:00,3223.19
2018-12-14 21:12:00,3219.78
2018-12-14 22:12:00,3209.67
2018-12-14 23:12:00,3184.49
2018-12-14 24:12:00,3251.88
2018-12-15 01:12:00,3236.04
2018-12-15 02:12:00,3255.77
2018-12-15 03:12:00,3257.43
2018-12-15 04:12:00,3244.48
2018-12-15 05:12:00,3279.25
2018-12-15 06:12:00,3269.19
2018-12-15 07:12:00,3272.14
2018-12-15 08:12:00,3271.58
2018-12-15 09:12:00,3253.28
2018-12-15 10:12:00,3267.34
2018-12-15 11:12:00,3199.78
2018-12-15 12:12:00,3204.22
2018-12-15 13:12:00,3237.53
2018-12-15 14:12:00,3200.33
2018-12-15 15:12:00,3186.83
2018-12-15 16:12:00,3191.8
2018-12-15 17:12:00,3179.05
2018-12-15 18:12:00,3197.06
2018-12-15 19:12:00,3210.04
2018-12-15 20:12:00,3203.42
2018-12-15 21:12:00,3220.32
2018-12-15 22:12:00,3229.82
2018-12-15 23:12:00,3255.37
2018-12-15 24:12:00,3232.79
2018-12-16 01:12:00,3227.25
2018-12-16 02:12:00,3224.91
2018-12-16 03:12:00,3227.74
2018-12-16 04:12:00,3289.01
2018-12-16 05:12:00,3308.8
2018-12-16 06:12:00,3303.86
2018-12-16 07:12:00,3297.48
2018-12-16 08:12:00,3307.08
2018-12-16 09:12:00,3293
2018-12-16 10:12:00,3294.17
2018-12-16 11:12:00,3292.08
2018-12-16 12:12:00,3287.48
2018-12-16 13:12:00,3316.8
2018-12-16 14:12:00,3303.11
2018-12-16 15:12:00,3288.11
2018-12-16 16:12:00,3268.27
2018-12-16 17:12:00,3280.54
2018-12-16 18:12:00,3305.84
2018-12-16 19:12:00,3266.2
2018-12-16 20:12:00,3249.95
2018-12-16 21:12:00,3284.02
2018-12-16 22:12:00,3261.64
2018-12-16 23:12:00,3267.58
2018-12-16 24:12:00,3254.63
2018-12-17 01:12:00,3246.92
2018-12-17 02:12:00,3255.34
2018-12-17 03:12:00,3236.71
2018-12-17 04:12:00,3258.87
2018-12-17 05:12:00,3265.36
2018-12-17 06:12:00,3239.86
2018-12-17 07:12:00,3235.44
2018-12-17 08:12:00,3274.94
2018-12-17 09:12:00,3290.26
2018-12-17 10:12:00,3292.1
2018-12-17 11:12:00,3286.38
2018-12-17 12:12:00,3299.1
2018-12-17 13:12:00,3275.94
2018-12-17 14:12:00,3407.74
2018-12-17 15:12:00,3437.4
2018-12-17 16:12:00,3428.02
2018-12-17 17:12:00,3418.08
2018-12-17 18:12:00,3461.19
2018-12-17 19:12:00,3483.63
2018-12-17 20:12:00,3520.23
2018-12-17 21:12:00,3585.69
2018-12-17 22:12:00,3606.8
2018-12-17 23:12:00,3549.79
2018-12-17 24:12:00,3538.57
2018-12-18 01:12:00,3551.93
2018-12-18 02:12:00,3557.78
2018-12-18 03:12:00,3531.61
2018-12-18 04:12:00,3557.56
2018-12-18 05:12:00,3582.08
2018-12-18 06:12:00,3557.96
2018-12-18 07:12:00,3573.57
2018-12-18 08:12:00,3553.86
2018-12-18 09:12:00,3581.47
2018-12-18 10:12:00,3501.9
2018-12-18 11:12:00,3493.4
2018-12-18 12:12:00,3503.23
2018-12-18 13:12:00,3507.85
2018-12-18 14:12:00,3525.61
2018-12-18 15:12:00,3562.81
2018-12-18 16:12:00,3584.56
2018-12-18 17:12:00,3563.2
2018-12-18 18:12:00,3572.02
2018-12-18 19:12:00,3554.52
2018-12-18 20:12:00,3542.7
2018-12-18 21:12:00,3559.32
2018-12-18 22:12:00,3566.03
2018-12-18 23:12:00,3580.2
2018-12-18 24:12:00,3599.71
2018-12-19 01:12:00,3688.47
2018-12-19 02:12:00,3708.71
2018-12-19 03:12:00,3769.58
2018-12-19 04:12:00,3756.03
2018-12-19 05:12:00,3796.53
2018-12-19 06:12:00,3778.91
2018-12-19 07:12:00,3770.13
2018-12-19 08:12:00,3773.97
2018-12-19 09:12:00,3747.74
2018-12-19 10:12:00,3777.63
2018-12-19 11:12:00,3802.84
2018-12-19 12:12:00,3800.43
2018-12-19 13:12:00,3843.82
2018-12-19 14:12:00,3862.84
2018-12-19 15:12:00,3928.54
2018-12-19 16:12:00,3872.05
2018-12-19 17:12:00,3835.46
2018-12-19 18:12:00,3822.41
2018-12-19 19:12:00,3851.72
2018-12-19 20:12:00,3829.5
2018-12-19 21:12:00,3854.43
2018-12-19 22:12:00,3778.96
2018-12-19 23:12:00,3738.79
2018-12-19 24:12:00,3749.52
2018-12-20 01:12:00,3751.01
2018-12-20 02:12:00,3757.62
2018-12-20 03:12:00,3797.67
2018-12-20 04:12:00,3803.14
2018-12-20 05:12:00,3780.24
2018-12-20 06:12:00,3798.87
2018-12-20 07:12:00,3786.34
2018-12-20 08:12:00,3770.08
2018-12-20 09:12:00,3753.88
2018-12-20 10:12:00,3987.39
2018-12-20 11:12:00,4084.09
2018-12-20 12:12:00,4104.69
2018-12-20 13:12:00,4104.95
2018-12-20 14:12:00,4103.88
2018-12-20 15:12:00,4080.97
2018-12-20 16:12:00,4065.94
2018-12-20 17:12:00,4072.38
2018-12-20 18:12:00,4135.59
2018-12-20 19:12:00,4161.88
2018-12-20 20:12:00,4096.07
2018-12-20 21:12:00,4091.59
2018-12-20 22:12:00,4001.58
2018-12-20 23:12:00,4009.77
2018-12-20 24:12:00,4107.89
2018-12-21 01:12:00,4115.92
2018-12-21 02:12:00,4088.72
2018-12-21 03:12:00,4161.52
2018-12-21 04:12:00,4106.55
2018-12-21 05:12:00,4066.63
2018-12-21 06:12:00,4079.99
2018-12-21 07:12:00,3995.92
2018-12-21 08:12:00,4042.08
2018-12-21 09:12:00,4038.05
2018-12-21 10:12:00,4093.35
2018-12-21 11:12:00,4059.45
2018-12-21 12:12:00,4052.44
2018-12-21 13:12:00,4058.47
2018-12-21 14:12:00,4090.98
2018-12-21 15:12:00,4085.92
2018-12-21 16:12:00,4079.53
2018-12-21 17:12:00,4040.41
2018-12-21 18:12:00,4025.32
2018-12-21 19:12:00,4015.64
2018-12-21 20:12:00,3982.17
2018-12-21 21:12:00,3914.69
2018-12-21 22:12:00,3847.75
2018-12-21 23:12:00,3899.92
2018-12-21 24:12:00,3873.25
2018-12-22 01:12:00,3880.98
2018-12-22 02:12:00,3903.75
2018-12-22 03:12:00,3881.33
2018-12-22 04:12:00,3884.44
2018-12-22 05:12:00,3889.31
2018-12-22 06:12:00,3856.51
2018-12-22 07:12:00,3865.91
2018-12-22 08:12:00,3894.19
2018-12-22 09:12:00,3868.15
2018-12-22 10:12:00,3883.96
2018-12-22 11:12:00,3977.23
2018-12-22 12:12:00,3965.18
2018-12-22 13:12:00,3983.95
2018-12-22 14:12:00,3915.79
2018-12-22 15:12:00,3906.4
2018-12-22 16:12:00,3881.75
2018-12-22 17:12:00,3888.8
2018-12-22 18:12:00,3895.96
2018-12-22 19:12:00,3880.09
2018-12-22 20:12:00,3914.03
2018-12-22 21:12:00,3924.65
2018-12-22 22:12:00,3941.08
2018-12-22 23:12:00,3958.55
2018-12-22 24:12:00,3905.97
2018-12-23 01:12:00,4019.04
2018-12-23 02:12:00,4064.4
2018-12-23 03:12:00,4053.49
2018-12-23 04:12:00,4044.31
2018-12-23 05:12:00,4089
2018-12-23 06:12:00,4090.13
2018-12-23 07:12:00,4055.65
2018-12-23 08:12:00,4054.28
2018-12-23 09:12:00,4056.33
2018-12-23 10:12:00,4065.08
2018-12-23 11:12:00,4060.35
2018-12-23 12:12:00,4106.72
2018-12-23 13:12:00,4093.03
2018-12-23 14:12:00,4078.81
2018-12-23 15:12:00,4102.47
2018-12-23 16:12:00,4077.95
2018-12-23 17:12:00,4011.34
2018-12-23 18:12:00,4013.25
2018-12-23 19:12:00,3991.33
2018-12-23 20:12:00,4031.89
2018-12-23 21:12:00,4011.71
2018-12-23 22:12:00,3984.19
2018-12-23 23:12:00,4005.31
2018-12-23 24:12:00,3978.02
2018-12-24 01:12:00,3988.34
2018-12-24 02:12:00,4156.23
2018-12-24 03:12:00,4242.36
2018-12-24 04:12:00,4244.31
2018-12-24 05:12:00,4241.3
2018-12-24 06:12:00,4237.37
2018-12-24 07:12:00,4268.41
2018-12-24 08:12:00,4232.27
2018-12-24 09:12:00,4236.55
2018-12-24 10:12:00,4232.77
2018-12-24 11:12:00,4237.59
2018-12-24 12:12:00,4196.13
2018-12-24 13:12:00,4176.69
2018-12-24 14:12:00,4160.07
2018-12-24 15:12:00,4194.82
2018-12-24 16:12:00,4218.62
2018-12-24 17:12:00,4208.52
2018-12-24 18:12:00,4125.91
2018-12-24 19:12:00,4106.57
2018-12-24 20:12:00,4102.03
2018-12-24 21:12:00,4057.32
2018-12-24 22:12:00,4081.45
2018-12-24 23:12:00,4095.12
2018-12-24 24:12:00,4105.02
2018-12-25 01:12:00,4090.2
2018-12-25 02:12:00,3920.95
2018-12-25 03:12:00,3878.27
2018-12-25 04:12:00,3865.41
2018-12-25 05:12:00,3831.31
2018-12-25 06:12:00,3818.92
2018-12-25 07:12:00,3834.7
2018-12-25 08:12:00,3820.09
2018-12-25 09:12:00,3832.6
2018-12-25 10:12:00,3799.16
2018-12-25 11:12:00,3809.28
2018-12-25 12:12:00,3802.87
2018-12-25 13:12:00,3801.61
2018-12-25 14:12:00,3836.01
2018-12-25 15:12:00,3800.51
2018-12-25 16:12:00,3811.76
2018-12-25 17:12:00,3773.09
2018-12-25 18:12:00,3801.27
2018-12-25 19:12:00,3776.88
2018-12-25 20:12:00,3791.03
2018-12-25 21:12:00,3783.27
2018-12-25 22:12:00,3854.4
2018-12-25 23:12:00,3822.87
2018-12-25 24:12:00,3870.35
2018-12-26 01:12:00,3814.78
2018-12-26 02:12:00,3811.87
2018-12-26 03:12:00,3889.23
2018-12-26 04:12:00,3914.64
2018-12-26 05:12:00,3888.06
2018-12-26 06:12:00,3873.58
2018-12-26 07:12:00,3873.82
2018-12-26 08:12:00,3856.27
2018-12-26 09:12:00,3813.04
2018-12-26 10:12:00,3799.84
2018-12-26 11:12:00,3823.44
2018-12-26 12:12:00,3767.01
2018-12-26 13:12:00,3804.92
2018-12-26 14:12:00,3815.32
2018-12-26 15:12:00,3811.82
2018-12-26 16:12:00,3767.67
2018-12-26 17:12:00,3768.75
2018-12-26 18:12:00,3790.54
2018-12-26 19:12:00,3793.45
2018-12-26 20:12:00,3811.74
2018-12-26 21:12:00,3845.87
2018-12-26 22:12:00,3829.94
2018-12-26 23:12:00,3792.65
2018-12-26 24:12:00,3837.8
2018-12-27 01:12:00,3831.7
2018-12-27 02:12:00,3876.04
2018-12-27 03:12:00,3837.16
2018-12-27 04:12:00,3798.24
2018-12-27 05:12:00,3796.48
2018-12-27 06:12:00,3805.37
2018-12-27 07:12:00,3762.9
2018-12-27 08:12:00,3790
2018-12-27 09:12:00,3800.57
2018-12-27 10:12:00,3777.49
2018-12-27 11:12:00,3765.41
2018-12-27 12:12:00,3774.63
2018-12-27 13:12:00,3770.16
2018-12-27 14:12:00,3779.38
2018-12-27 15:12:00,3805.27
2018-12-27 16:12:00,3797.8
2018-12-27 17:12:00,3783.5
2018-12-27 18:12:00,3805.13
2018-12-27 19:12:00,3798.03
2018-12-27 20:12:00,3789.06
2018-12-27 21:12:00,3696.39
2018-12-27 22:12:00,3634.89
2018-12-27 23:12:00,3626.36
2018-12-27 24:12:00,3651.09
2018-12-28 01:12:00,3652.01
2018-12-28 02:12:00,3664.99
2018-12-28 03:12:00,3649
2018-12-28 04:12:00,3671.56
2018-12-28 05:12:00,3647.9
2018-12-28 06:12:00,3658.42
2018-12-28 07:12:00,3643.43
2018-12-28 08:12:00,3624.8
2018-12-28 09:12:00,3677.95
2018-12-28 10:12:00,3658.37
2018-12-28 11:12:00,3656.98
2018-12-28 12:12:00,3672.15
2018-12-28 13:12:00,3666.97
2018-12-28 14:12:00,3678.07
2018-12-28 15:12:00,3646.7
2018-12-28 16:12:00,3656.96
2018-12-28 17:12:00,3832.05
2018-12-28 18:12:00,3921.61
2018-12-28 19:12:00,3912.3
2018-12-28 20:12:00,3907.87
2018-12-28 21:12:00,3962.47
2018-12-28 22:12:00,3940.28
2018-12-28 23:12:00,3940.82
2018-12-28 24:12:00,3946.38
2018-12-29 01:12:00,3929.5
2018-12-29 02:12:00,3958.53
2018-12-29 03:12:00,3967.98
2018-12-29 04:12:00,3937.58
2018-12-29 05:12:00,3950.28
2018-12-29 06:12:00,3950.01
2018-12-29 07:12:00,3919.17
2018-12-29 08:12:00,3942.92
2018-12-29 09:12:00,3963.59
2018-12-29 10:12:00,3963.06
2018-12-29 11:12:00,3990.29
2018-12-29 12:12:00,3926.83
2018-12-29 13:12:00,3928.55
2018-12-29 14:12:00,3932.61
2018-12-29 15:12:00,3937.99
2018-12-29 16:12:00,3919.19
2018-12-29 17:12:00,3913.07
2018-12-29 18:12:00,3878.76
2018-12-29 19:12:00,3880.48
2018-12-29 20:12:00,3890.38
2018-12-29 21:12:00,3881.29
2018-12-29 22:12:00,3901.75
2018-12-29 23:12:00,3973.65
2018-12-29 24:12:00,3992.48
2018-12-30 01:12:00,3883.35
2018-12-30 02:12:00,3791.09
2018-12-30 03:12:00,3788.88
2018-12-30 04:12:00,3797.44
2018-12-30 05:12:00,3844.6
2018-12-30 06:12:00,3813.08
2018-12-30 07:12:00,3837.92
2018-12-30 08:12:00,3858.92
2018-12-30 09:12:00,3839.91
2018-12-30 10:12:00,3824.78
2018-12-30 11:12:00,3892.5
2018-12-30 12:12:00,3891.9
2018-12-30 13:12:00,3891.09
2018-12-30 14:12:00,3867.95
2018-12-30 15:12:00,3856.6
2018-12-30 16:12:00,3879.13
2018-12-30 17:12:00,3861.51
2018-12-30 18:12:00,3861.22
2018-12-30 19:12:00,3863.28
2018-12-30 20:12:00,3845.43
2018-12-30 21:12:00,3859.38
2018-12-30 22:12:00,3863.09
2018-12-30 23:12:00,3861.51
2018-12-30 24:12:00,3861.28
2018-12-31 01:12:00,3912.06
2018-12-31 02:12:00,3908.58
2018-12-31 03:12:00,3890.9
2018-12-31 04:12:00,3848.54
2018-12-31 05:12:00,3852.93
2018-12-31 06:12:00,3841.93
2018-12-31 07:12:00,3838.9
2018-12-31 08:12:00,3844.14
2018-12-31 09:12:00,3873.93
2018-12-31 10:12:00,3853.5
2018-12-31 11:12:00,3849.44
2018-12-31 12:12:00,3845.74
2018-12-31 13:12:00,3783.99
2018-12-31 14:12:00,3785.91
2018-12-31 15:12:00,3816.63
2018-12-31 16:12:00,3818.59
2018-12-31 17:12:00,3806.29
2018-12-31 18:12:00,3805.13
2018-12-31 19:12:00,3790.9
2018-12-31 20:12:00,3777.3
2018-12-31 21:12:00,3744.78
2018-12-31 22:12:00,3714.37
2018-12-31 23:12:00,3702.17
2018-12-31 24:12:00,3709.27
2019-01-01 01:01:00,3721.5
2019-01-01 02:01:00,3731.95
2019-01-01 03:01:00,3731.71
2019-01-01 04:01:00,3715.04
2019-01-01 05:01:00,3729.58
2019-01-01 06:01:00,3732.62
2019-01-01 07:01:00,3734.2
2019-01-01 08:01:00,3736.48
2019-01-01 09:01:00,3784.05
2019-01-01 10:01:00,3774.53
2019-01-01 11:01:00,3751.01
2019-01-01 12:01:00,3790.92
2019-01-01 13:01:00,3759.91
2019-01-01 14:01:00,3788.25
2019-01-01 15:01:00,3792.11
2019-01-01 16:01:00,3742.3
2019-01-01 17:01:00,3727.89
2019-01-01 18:01:00,3751.76
2019-01-01 19:01:00,3738.5
2019-01-01 20:01:00,3719.29
2019-01-01 21:01:00,3748.24
2019-01-01 22:01:00,3818.32
2019-01-01 23:01:00,3811.85
2019-01-01 24:01:00,3772.52
2019-01-02 01:01:00,3881.54
2019-01-02 02:01:00,3866.41
2019-01-02 03:01:00,3849.38
2019-01-02 04:01:00,3848.64
2019-01-02 05:01:00,3896.91
2019-01-02 06:01:00,3855.13
2019-01-02 07:01:00,3852.59
2019-01-02 08:01:00,3831.09
2019-01-02 09:01:00,3868.24
2019-01-02 10:01:00,3859.29
2019-01-02 11:01:00,3889.99
2019-01-02 12:01:00,3897.19
2019-01-02 13:01:00,3884.11
2019-01-02 14:01:00,3862.21
2019-01-02 15:01:00,3930.95
2019-01-02 16:01:00,3900.24
2019-01-02 17:01:00,3875.91
2019-01-02 18:01:00,3913.64
2019-01-02 19:01:00,3915.46
2019-01-02 20:01:00,3913.14
2019-01-02 21:01:00,3910.2
2019-01-02 22:01:00,3922.55
2019-01-02 23:01:00,3940.47
2019-01-02 24:01:00,3941.15
2019-01-03 01:01:00,3966.04
2019-01-03 02:01:00,3920.73
2019-01-03 03:01:00,3938.27
2019-01-03 04:01:00,3891.87
2019-01-03 05:01:00,3901.03
2019-01-03 06:01:00,3916.34
2019-01-03 07:01:00,3895.34
2019-01-03 08:01:00,3868.47
2019-01-03 09:01:00,3929.72
2019-01-03 10:01:00,3887.66
2019-01-03 11:01:00,3879.86
2019-01-03 12:01:00,3897.53
2019-01-03 13:01:00,3875.99
2019-01-03 14:01:00,3867.75
2019-01-03 15:01:00,3899.8
2019-01-03 16:01:00,3882.75
2019-01-03 17:01:00,3905.09
2019-01-03 18:01:00,3825.35
2019-01-03 19:01:00,3834.17
2019-01-03 20:01:00,3808.21
2019-01-03 21:01:00,3831.76
2019-01-03 22:01:00,3825.35
2019-01-03 23:01:00,3833.64
2019-01-03 24:01:00,3843.21
2019-01-04 01:01:00,3848.46
2019-01-04 02:01:00,3808.11
2019-01-04 03:01:00,3832.44
2019-01-04 04:01:00,3821.57
2019-01-04 05:01:00,3849.62
2019-01-04 06:01:00,3828.54
2019-01-04 07:01:00,3860.53
2019-01-04 08:01:00,3862.9
2019-01-04 09:01:00,3879.09
2019-01-04 10:01:00,3854.53
2019-01-04 11:01:00,3827.03
2019-01-04 12:01:00,3863.55
2019-01-04 13:01:00,3866.37
2019-01-04 14:01:00,3842.84
2019-01-04 15:01:00,3874.31
2019-01-04 16:01:00,3816.21
2019-01-04 17:01:00,3803.3
2019-01-04 18:01:00,3825.85
2019-01-04 19:01:00,3837.58
2019-01-04 20:01:00,3821.47
2019-01-04 21:01:00,3827.26
2019-01-04 22:01:00,3804.34
2019-01-04 23:01:00,3869.77
2019-01-04 24:01:00,3858.45
2019-01-05 01:01:00,3854.95
2019-01-05 02:01:00,3917.15
2019-01-05 03:01:00,3908.83
2019-01-05 04:01:00,3903.03
2019-01-05 05:01:00,3936.24
2019-01-05 06:01:00,3925.4
2019-01-05 07:01:00,3935.92
2019-01-05 08:01:00,3917.01
2019-01-05 09:01:00,3872.52
2019-01-05 10:01:00,3891.59
2019-01-05 11:01:00,3895.21
2019-01-05 12:01:00,3886
2019-01-05 13:01:00,3884.59
2019-01-05 14:01:00,3887.43
2019-01-05 15:01:00,3902.28
2019-01-05 16:01:00,3861.73
2019-01-05 17:01:00,3920.65
2019-01-05 18:01:00,3895.48
2019-01-05 19:01:00,3885.93
2019-01-05 20:01:00,3885.87
2019-01-05 21:01:00,3918.52
2019-01-05 22:01:00,3896.54
2019-01-05 23:01:00,3896.09
2019-01-05 24:01:00,3869.74
2019-01-06 01:01:00,3860.03
2019-01-06 02:01:00,3866.47
2019-01-06 03:01:00,3849.99
2019-01-06 04:01:00,3851.41
2019-01-06 05:01:00,3860.15
2019-01-06 06:01:00,3827
2019-01-06 07:01:00,3856.43
2019-01-06 08:01:00,3858.82
2019-01-06 09:01:00,3862.6
2019-01-06 10:01:00,3864.88
2019-01-06 11:01:00,3885.99
2019-01-06 12:01:00,3875.17
2019-01-06 13:01:00,3886.16
2019-01-06 14:01:00,3883.26
2019-01-06 15:01:00,3871.47
2019-01-06 16:01:00,3882.57
2019-01-06 17:01:00,3915.41
2019-01-06 18:01:00,3887.39
2019-01-06 19:01:00,4066.95
2019-01-06 20:01:00,4103.1
2019-01-06 21:01:00,4127.92
2019-01-06 22:01:00,4111.05
2019-01-06 23:01:00,4078.31
2019-01-06 24:01:00,4090.86
2019-01-07 01:01:00,4108.4
2019-01-07 02:01:00,4101.42
2019-01-07 03:01:00,4090.5
2019-01-07 04:01:00,4078.43
2019-01-07 05:01:00,4078.58
2019-01-07 06:01:00,4076.57
2019-01-07 07:01:00,4085.62
2019-01-07 08:01:00,4075.86
2019-01-07 09:01:00,4059.7
2019-01-07 10:01:00,4094.42
2019-01-07 11:01:00,4047.62
2019-01-07 12:01:00,4037.94
2019-01-07 13:01:00,4042.6
2019-01-07 14:01:00,4036.6
2019-01-07 15:01:00,4036.63
2019-01-07 16:01:00,4042.99
2019-01-07 17:01:00,4033.39
2019-01-07 18:01:00,4027.78
2019-01-07 19:01:00,4024.31
2019-01-07 20:01:00,4087.33
2019-01-07 21:01:00,4076.46
2019-01-07 22:01:00,4053.39
2019-01-07 23:01:00,4063
2019-01-07 24:01:00,4058.05
2019-01-08 01:01:00,4044.85
2019-01-08 02:01:00,4048.06
2019-01-08 03:01:00,4041.28
2019-01-08 04:01:00,4022.28
2019-01-08 05:01:00,4030.48
2019-01-08 06:01:00,4011.17
2019-01-08 07:01:00,4045.9
2019-01-08 08:01:00,4024.59
2019-01-08 09:01:00,4048.98
2019-01-08 10:01:00,4068.11
2019-01-08 11:01:00,4068.51
2019-01-08 12:01:00,4068
2019-01-08 13:01:00,4069.75
2019-01-08 14:01:00,4088.5
2019-01-08 15:01:00,4095.04
2019-01-08 16:01:00,4094.84
2019-01-08 17:01:00,4100.46
2019-01-08 18:01:00,4050.9
2019-01-08 19:01:00,4054.36
2019-01-08 20:01:00,4028.38
2019-01-08 21:01:00,4055.93
2019-01-08 22:01:00,4073.92
2019-01-08 23:01:00,4052.2
2019-01-08 24:01:00,4038.41
2019-01-09 01:01:00,4039.61
2019-01-09 02:01:00,4028.99
2019-01-09 03:01:00,4070.3
2019-01-09 04:01:00,4083.46
2019-01-09 05:01:00,4054.29
2019-01-09 06:01:00,4061.1
2019-01-09 07:01:00,4055.92
2019-01-09 08:01:00,4043.76
2019-01-09 09:01:00,4107.84
2019-01-09 10:01:00,4092.21
2019-01-09 11:01:00,4060.76
2019-01-09 12:01:00,4061.25
2019-01-09 13:01:00,4089.64
2019-01-09 14:01:00,4068.29
2019-01-09 15:01:00,4051.57
2019-01-09 16:01:00,4042.24
2019-01-09 17:01:00,4037.42
2019-01-09 18:01:00,4049.94
2019-01-09 19:01:00,4035.3
2019-01-09 20:01:00,4041.51
2019-01-09 21:01:00,4041.42
2019-01-09 22:01:00,4057.68
2019-01-09 23:01:00,4039.56
2019-01-09 24:01:00,4044.54
2019-01-10 01:01:00,4036.12
2019-01-10 02:01:00,4051.53
2019-01-10 03:01:00,4064.69
2019-01-10 04:01:00,4057.59
2019-01-10 05:01:00,4050.14
2019-01-10 06:01:00,4053.9
2019-01-10 07:01:00,4070.17
2019-01-10 08:01:00,3917.38
2019-01-10 09:01:00,3850.8
2019-01-10 10:01:00,3850.16
2019-01-10 11:01:00,3825.81
2019-01-10 12:01:00,3816.03
2019-01-10 13:01:00,3827.56
2019-01-10 14:01:00,3823.67
2019-01-10 15:01:00,3812.67
2019-01-10 16:01:00,3805.08
2019-01-10 17:01:00,3828.98
2019-01-10 18:01:00,3676.33
2019-01-10 19:01:00,3656.73
2019-01-10 20:01:00,3652.92
2019-01-10 21:01:00,3656.35
2019-01-10 22:01:00,3666.54
2019-01-10 23:01:00,3657.97
2019-01-10 24:01:00,3666.52
2019-01-11 01:01:00,3679.98
2019-01-11 02:01:00,3669.83
2019-01-11 03:01:00,3671.72
2019-01-11 04:01:00,3648.16
2019-01-11 05:01:00,3654.28
2019-01-11 06:01:00,3631.15
2019-01-11 07:01:00,3650.56
2019-01-11 08:01:00,3664.79
2019-01-11 09:01:00,3665.83
2019-01-11 10:01:00,3689.28
2019-01-11 11:01:00,3679.28
2019-01-11 12:01:00,3664.9
2019-01-11 13:01:00,3690.14
2019-01-11 14:01:00,3674.56
2019-01-11 15:01:00,3677.29
2019-01-11 16:01:00,3681.37
2019-01-11 17:01:00,3685.62
2019-01-11 18:01:00,3676.14
2019-01-11 19:01:00,3690.09
2019-01-11 20:01:00,3687.59
2019-01-11 21:01:00,3689.21
2019-01-11 22:01:00,3684.72
2019-01-11 23:01:00,3683.87
2019-01-11 24:01:00,3654.21
2019-01-12 01:01:00,3654.86
2019-01-12 02:01:00,3681.77
2019-01-12 03:01:00,3683.05
2019-01-12 04:01:00,3676.62
2019-01-12 05:01:00,3673.79
2019-01-12 06:01:00,3673.29
2019-01-12 07:01:00,3670.11
2019-01-12 08:01:00,3667.53
2019-01-12 09:01:00,3660.9
2019-01-12 10:01:00,3680.72
2019-01-12 11:01:00,3658.05
2019-01-12 12:01:00,3678.63
2019-01-12 13:01:00,3672.3
2019-01-12 14:01:00,3646.35
2019-01-12 15:01:00,3659.41
2019-01-12 16:01:00,3668.25
2019-01-12 17:01:00,3658.75
2019-01-12 18:01:00,3677.05
2019-01-12 19:01:00,3673.08
2019-01-12 20:01:00,3662.66
2019-01-12 21:01:00,3652.18
2019-01-12 22:01:00,3673.66
2019-01-12 23:01:00,3668.51
2019-01-12 24:01:00,3679.83
2019-01-13 01:01:00,3647.07
2019-01-13 02:01:00,3650.58
2019-01-13 03:01:00,3641.8
2019-01-13 04:01:00,3663.12
2019-01-13 05:01:00,3668.71
2019-01-13 06:01:00,3671.1
2019-01-13 07:01:00,3639.16
2019-01-13 08:01:00,3646.41
2019-01-13 09:01:00,3617.07
2019-01-13 10:01:00,3678.73
2019-01-13 11:01:00,3670.55
2019-01-13 12:01:00,3638.28
2019-01-13 13:01:00,3654.29
2019-01-13 14:01:00,3657.32
2019-01-13 15:01:00,3646.38
2019-01-13 16:01:00,3653.18
2019-01-13 17:01:00,3653.85
2019-01-13 18:01:00,3566.53
2019-01-13 19:01:00,3554.25
2019-01-13 20:01:00,3556.21
2019-01-13 21:01:00,3550.85
2019-01-13 22:01:00,3542.22
2019-01-13 23:01:00,3551.61
2019-01-13 24:01:00,3550.23
2019-01-14 01:01:00,3536.44
2019-01-14 02:01:00,3557.37
2019-01-14 03:01:00,3556.25
2019-01-14 04:01:00,3563.59
2019-01-14 05:01:00,3560.53
2019-01-14 06:01:00,3562.67
2019-01-14 07:01:00,3583.31
2019-01-14 08:01:00,3565.19
2019-01-14 09:01:00,3583.84
2019-01-14 10:01:00,3574.21
2019-01-14 11:01:00,3595.03
2019-01-14 12:01:00,3600.97
2019-01-14 13:01:00,3568.35
2019-01-14 14:01:00,3562.23
2019-01-14 15:01:00,3585.86
2019-01-14 16:01:00,3560.31
2019-01-14 17:01:00,3672.21
2019-01-14 18:01:00,3704.69
2019-01-14 19:01:00,3706.81
2019-01-14 20:01:00,3716.72
2019-01-14 21:01:00,3719.78
2019-01-14 22:01:00,3729.07
2019-01-14 23:01:00,3691.67
2019-01-14 24:01:00,3699.12
2019-01-15 01:01:00,3695.41
2019-01-15 02:01:00,3696.73
2019-01-15 03:01:00,3726.66
2019-01-15 04:01:00,3704.73
2019-01-15 05:01:00,3693.12
2019-01-15 06:01:00,3713.91
2019-01-15 07:01:00,3703.74
2019-01-15 08:01:00,3684.73
2019-01-15 09:01:00,3690.25
2019-01-15 10:01:00,3713.49
2019-01-15 11:01:00,3665.1
2019-01-15 12:01:00,3681.7
2019-01-15 13:01:00,3725.93
2019-01-15 14:01:00,3686.09
2019-01-15 15:01:00,3683.09
2019-01-15 16:01:00,3700.77
2019-01-15 17:01:00,3672.28
2019-01-15 18:01:00,3669.63
2019-01-15 19:01:00,3678.16
2019-01-15 20:01:00,3682.35
2019-01-15 21:01:00,3662.31
2019-01-15 22:01:00,3621.66
2019-01-15 23:01:00,3606.45
2019-01-15 24:01:00,3618.61
2019-01-16 01:01:00,3626.76
2019-01-16 02:01:00,3626.62
2019-01-16 03:01:00,3645.52
2019-01-16 04:01:00,3614.83
2019-01-16 05:01:00,3627.21
2019-01-16 06:01:00,3645.12
2019-01-16 07:01:00,3625.32
2019-01-16 08:01:00,3636.72
2019-01-16 09:01:00,3639.93
2019-01-16 10:01:00,3635.82
2019-01-16 11:01:00,3651.53
2019-01-16 12:01:00,3645.15
2019-01-16 13:01:00,3660.74
2019-01-16 14:01:00,3679.57
2019-01-16 15:01:00,3649.92
2019-01-16 16:01:00,3654.7
2019-01-16 17:01:00,3658.87
2019-01-16 18:01:00,3638.04
2019-01-16 19:01:00,3650.77
2019-01-16 20:01:00,3646.13
2019-01-16 21:01:00,3629.76
2019-01-16 22:01:00,3629.95
2019-01-16 23:01:00,3636.85
2019-01-16 24:01:00,3637.4
2019-01-17 01:01:00,3634.68
2019-01-17 02:01:00,3638.29
2019-01-17 03:01:00,3636.12
2019-01-17 04:01:00,3621.68
2019-01-17 05:01:00,3632.02
2019-01-17 06:01:00,3627.16
2019-01-17 07:01:00,3614.8
2019-01-17 08:01:00,3637.22
2019-01-17 09:01:00,3636.57
2019-01-17 10:01:00,3639.13
2019-01-17 11:01:00,3637.27
2019-01-17 12:01:00,3609.32
2019-01-17 13:01:00,3641.09
2019-01-17 14:01:00,3621.16
2019-01-17 15:01:00,3622.88
2019-01-17 16:01:00,3617.46
2019-01-17 17:01:00,3641.95
2019-01-17 18:01:00,3654.21
2019-01-17 19:01:00,3644.45
2019-01-17 20:01:00,3676.06
2019-01-17 21:01:00,3660.55
2019-01-17 22:01:00,3667.46
2019-01-17 23:01:00,3664.51
2019-01-17 24:01:00,3666.93
2019-01-18 01:01:00,3689.82
2019-01-18 02:01:00,3676.2
2019-01-18 03:01:00,3664.78
2019-01-18 04:01:00,3670.19
2019-01-18 05:01:00,3671.58
2019-01-18 06:01:00,3659.51
2019-01-18 07:01:00,3641.31
2019-01-18 08:01:00,3672.55
2019-01-18 09:01:00,3671.56
2019-01-18 10:01:00,3651.05
2019-01-18 11:01:00,3658.81
2019-01-18 12:01:00,3660.16
2019-01-18 13:01:00,3646.29
2019-01-18 14:01:00,3643.25
2019-01-18 15:01:00,3640.63
2019-01-18 16:01:00,3634.8
2019-01-18 17:01:00,3669.03
2019-01-18 18:01:00,3637.58
2019-01-18 19:01:00,3638.56
2019-01-18 20:01:00,3631.76
2019-01-18 21:01:00,3624.06
2019-01-18 22:01:00,3651.29
2019-01-18 23:01:00,3630.4
2019-01-18 24:01:00,3636.51
2019-01-19 01:01:00,3647.46
2019-01-19 02:01:00,3651.37
2019-01-19 03:01:00,3645.31
2019-01-19 04:01:00,3683.48
2019-01-19 05:01:00,3653.75
2019-01-19 06:01:00,3660.34
2019-01-19 07:01:00,3650.83
2019-01-19 08:01:00,3643.48
2019-01-19 09:01:00,3639.18
2019-01-19 10:01:00,3645.12
2019-01-19 11:01:00,3655.32
2019-01-19 12:01:00,3770.63
2019-01-19 13:01:00,3778.79
2019-01-19 14:01:00,3760.2
2019-01-19 15:01:00,3771.52
2019-01-19 16:01:00,3753.3
2019-01-19 17:01:00,3758.77
2019-01-19 18:01:00,3758.73
2019-01-19 19:01:00,3747.15
2019-01-19 20:01:00,3734.8
2019-01-19 21:01:00,3751.85
2019-01-19 22:01:00,3762.79
2019-01-19 23:01:00,3742.82
2019-01-19 24:01:00,3739.08
2019-01-20 01:01:00,3715.06
2019-01-20 02:01:00,3732.5
2019-01-20 03:01:00,3770.61
2019-01-20 04:01:00,3747.94
2019-01-20 05:01:00,3753.3
2019-01-20 06:01:00,3729.78
2019-01-20 07:01:00,3728.23
2019-01-20 08:01:00,3732.4
2019-01-20 09:01:00,3723.47
2019-01-20 10:01:00,3745.22
2019-01-20 11:01:00,3749.85
2019-01-20 12:01:00,3744.74
2019-01-20 13:01:00,3656.19
2019-01-20 14:01:00,3564.62
2019-01-20 15:01:00,3563.98
2019-01-20 16:01:00,3560.55
2019-01-20 17:01:00,3558.88
2019-01-20 18:01:00,3563.76
2019-01-20 19:01:00,3558.4
2019-01-20 20:01:00,3556.04
2019-01-20 21:01:00,3554.31
2019-01-20 22:01:00,3545.54
2019-01-20 23:01:00,3581.12
2019-01-20 24:01:00,3597.19
2019-01-21 01:01:00,3551.09
2019-01-21 02:01:00,3563.55
2019-01-21 03:01:00,3567.47
2019-01-21 04:01:00,3579.04
2019-01-21 05:01:00,3566.42
2019-01-21 06:01:00,3565.12
2019-01-21 07:01:00,3579.45
2019-01-21 08:01:00,3573.25
2019-01-21 09:01:00,3569.76
2019-01-21 10:01:00,3578.46
2019-01-21 11:01:00,3572.64
2019-01-21 12:01:00,3579.99
2019-01-21 13:01:00,3600.03
2019-01-21 14:01:00,3583.52
2019-01-21 15:01:00,3582.2
2019-01-21 16:01:00,3572.53
2019-01-21 17:01:00,3570.64
2019-01-21 18:01:00,3586.93
2019-01-21 19:01:00,3596.01
2019-01-21 20:01:00,3573.97
2019-01-21 21:01:00,3596.59
2019-01-21 22:01:00,3571.45
2019-01-21 23:01:00,3553.8
2019-01-21 24:01:00,3546.23
2019-01-22 01:01:00,3563.33
2019-01-22 02:01:00,3565.85
2019-01-22 03:01:00,3574.71
2019-01-22 04:01:00,3568.65
2019-01-22 05:01:00,3561.14
2019-01-22 06:01:00,3558.13
2019-01-22 07:01:00,3546.92
2019-01-22 08:01:00,3565.75
2019-01-22 09:01:00,3554.24
2019-01-22 10:01:00,3548.61
2019-01-22 11:01:00,3535.23
2019-01-22 12:01:00,3556.48
2019-01-22 13:01:00,3505.82
2019-01-22 14:01:00,3581.38
2019-01-22 15:01:00,3582.22
2019-01-22 16:01:00,3608.05
2019-01-22 17:01:00,3606.53
2019-01-22 18:01:00,3622.44
2019-01-22 19:01:00,3601.12
2019-01-22 20:01:00,3597.61
2019-01-22 21:01:00,3607.22
2019-01-22 22:01:00,3603.17
2019-01-22 23:01:00,3613.72
2019-01-22 24:01:00,3602.42
2019-01-23 01:01:00,3589.6
2019-01-23 02:01:00,3598.72
2019-01-23 03:01:00,3597.7
2019-01-23 04:01:00,3621.25
2019-01-23 05:01:00,3609.48
2019-01-23 06:01:00,3591.46
2019-01-23 07:01:00,3588.1
2019-01-23 08:01:00,3603.12
2019-01-23 09:01:00,3585.73
2019-01-23 10:01:00,3588.24
2019-01-23 11:01:00,3582.1
2019-01-23 12:01:00,3572.71
2019-01-23 13:01:00,3592.92
2019-01-23 14:01:00,3590.44
2019-01-23 15:01:00,3608.38
2019-01-23 16:01:00,3592.21
2019-01-23 17:01:00,3578.75
2019-01-23 18:01:00,3580.32
2019-01-23 19:01:00,3584.76
2019-01-23 20:01:00,3581.18
2019-01-23 21:01:00,3567.44
2019-01-23 22:01:00,3552.79
2019-01-23 23:01:00,3558.6
2019-01-23 24:01:00,3576.67
2019-01-24 01:01:00,3560.17
2019-01-24 02:01:00,3568.35
2019-01-24 03:01:00,3554.96
2019-01-24 04:01:00,3569.68
2019-01-24 05:01:00,3570.01
2019-01-24 06:01:00,3560.05
2019-01-24 07:01:00,3546.57
2019-01-24 08:01:00,3555.81
2019-01-24 09:01:00,3557.86
2019-01-24 10:01:00,3572.49
2019-01-24 11:01:00,3559.23
2019-01-24 12:01:00,3551.69
2019-01-24 13:01:00,3597.99
2019-01-24 14:01:00,3584.78
2019-01-24 15:01:00,3577.79
2019-01-24 16:01:00,3582.78
2019-01-24 17:01:00,3572.95
2019-01-24 18:01:00,3565.71
2019-01-24 19:01:00,3570.44
2019-01-24 20:01:00,3575.76
2019-01-24 21:01:00,3605.47
2019-01-24 22:01:00,3596.65
2019-01-24 23:01:00,3583.48
2019-01-24 24:01:00,3594.08
2019-01-25 01:01:00,3583.81
2019-01-25 02:01:00,3589.9
2019-01-25 03:01:00,3588.67
2019-01-25 04:01:00,3595.13
2019-01-25 05:01:00,3588.3
2019-01-25 06:01:00,3597.44
2019-01-25 07:01:00,3585.35
2019-01-25 08:01:00,3591.75
2019-01-25 09:01:00,3587.59
2019-01-25 10:01:00,3567.5
2019-01-25 11:01:00,3577.71
2019-01-25 12:01:00,3555.78
2019-01-25 13:01:00,3558.03
2019-01-25 14:01:00,3554.92
2019-01-25 15:01:00,3562.56
2019-01-25 16:01:00,3563.57
2019-01-25 17:01:00,3577.76
2019-01-25 18:01:00,3568.27
2019-01-25 19:01:00,3571
2019-01-25 20:01:00,3562.39
2019-01-25 21:01:00,3554.88
2019-01-25 22:01:00,3541.11
2019-01-25 23:01:00,3574.29
2019-01-25 24:01:00,3581.95
2019-01-26 01:01:00,3582.69
2019-01-26 02:01:00,3583.72
2019-01-26 03:01:00,3590.59
2019-01-26 04:01:00,3588.44
2019-01-26 05:01:00,3598.36
2019-01-26 06:01:00,3590.37
2019-01-26 07:01:00,3602.53
2019-01-26 08:01:00,3617.72
2019-01-26 09:01:00,3662.42
2019-01-26 10:01:00,3672.92
2019-01-26 11:01:00,3643.46
2019-01-26 12:01:00,3632.66
2019-01-26 13:01:00,3635.07
2019-01-26 14:01:00,3619.82
2019-01-26 15:01:00,3612.84
2019-01-26 16:01:00,3634.3
2019-01-26 17:01:00,3591.29
2019-01-26 18:01:00,3610.32
2019-01-26 19:01:00,3597.58
2019-01-26 20:01:00,3576.65
2019-01-26 21:01:00,3600.2
2019-01-26 22:01:00,3588.98
2019-01-26 23:01:00,3578.91
2019-01-26 24:01:00,3586.72
2019-01-27 01:01:00,3601.06
2019-01-27 02:01:00,3575.61
2019-01-27 03:01:00,3571.83
2019-01-27 04:01:00,3605.3
2019-01-27 05:01:00,3599.17
2019-01-27 06:01:00,3599.55
2019-01-27 07:01:00,3581.25
2019-01-27 08:01:00,3579.65
2019-01-27 09:01:00,3590.12
2019-01-27 10:01:00,3578.11
2019-01-27 11:01:00,3585.57
2019-01-27 12:01:00,3574.82
2019-01-27 13:01:00,3551.96
2019-01-27 14:01:00,3563.31
2019-01-27 15:01:00,3580.6
2019-01-27 16:01:00,3542.01
2019-01-27 17:01:00,3568.07
2019-01-27 18:01:00,3565.13
2019-01-27 19:01:00,3565.76
2019-01-27 20:01:00,3575.16
2019-01-27 21:01:00,3581.7
2019-01-27 22:01:00,3582.87
2019-01-27 23:01:00,3591.78
2019-01-27 24:01:00,3566.63
2019-01-28 01:01:00,3554.7
2019-01-28 02:01:00,3540.78
2019-01-28 03:01:00,3527.81
2019-01-28 04:01:00,3522.43
2019-01-28 05:01:00,3505.03
2019-01-28 06:01:00,3496.13
2019-01-28 07:01:00,3472.24
2019-01-28 08:01:00,3431.89
2019-01-28 09:01:00,3476.14
2019-01-28 10:01:00,3440.35
2019-01-28 11:01:00,3464.14
2019-01-28 12:01:00,3447.8
2019-01-28 13:01:00,3438
2019-01-28 14:01:00,3433.74
2019-01-28 15:01:00,3450.12
2019-01-28 16:01:00,3434.68
2019-01-28 17:01:00,3423.35
2019-01-28 18:01:00,3447.91
2019-01-28 19:01:00,3440.07
2019-01-28 20:01:00,3433.49
2019-01-28 21:01:00,3424.22
2019-01-28 22:01:00,3433.96
2019-01-28 23:01:00,3430.64
2019-01-28 24:01:00,3436.53
2019-01-29 01:01:00,3450.13
2019-01-29 02:01:00,3457.97
2019-01-29 03:01:00,3438.28
2019-01-29 04:01:00,3430.3
2019-01-29 05:01:00,3426.7
2019-01-29 06:01:00,3414.17
2019-01-29 07:01:00,3408.47
2019-01-29 08:01:00,3410.68
2019-01-29 09:01:00,3386.82
2019-01-29 10:01:00,3386.02
2019-01-29 11:01:00,3413.15
2019-01-29 12:01:00,3407.75
2019-01-29 13:01:00,3392.5
2019-01-29 14:01:00,3406.87
2019-01-29 15:01:00,3417.83
2019-01-29 16:01:00,3413.91
2019-01-29 17:01:00,3411.28
2019-01-29 18:01:00,3427.16
2019-01-29 19:01:00,3434.05
2019-01-29 20:01:00,3410.17
2019-01-29 21:01:00,3420.89
2019-01-29 22:01:00,3437.4
2019-01-29 23:01:00,3416.09
2019-01-29 24:01:00,3418.72
2019-01-30 01:01:00,3412.24
2019-01-30 02:01:00,3432.58
2019-01-30 03:01:00,3410.23
2019-01-30 04:01:00,3440.55
2019-01-30 05:01:00,3442.03
2019-01-30 06:01:00,3446.14
2019-01-30 07:01:00,3449.6
2019-01-30 08:01:00,3445.15
2019-01-30 09:01:00,3443.94
2019-01-30 10:01:00,3442.63
2019-01-30 11:01:00,3437.75
2019-01-30 12:01:00,3444.35
2019-01-30 13:01:00,3444.72
2019-01-30 14:01:00,3475.27
2019-01-30 15:01:00,3469.49
2019-01-30 16:01:00,3465.53
2019-01-30 17:01:00,3454.53
2019-01-30 18:01:00,3456.39
2019-01-30 19:01:00,3456.89
2019-01-30 20:01:00,3466.77
2019-01-30 21:01:00,3469.1
2019-01-30 22:01:00,3457.46
2019-01-30 23:01:00,3444.41
2019-01-30 24:01:00,3452.47
2019-01-31 01:01:00,3476.95
2019-01-31 02:01:00,3487.04
2019-01-31 03:01:00,3479.29
2019-01-31 04:01:00,3480.94
2019-01-31 05:01:00,3476.65
2019-01-31 06:01:00,3464.68
2019-01-31 07:01:00,3477
2019-01-31 08:01:00,3475
2019-01-31 09:01:00,3487.54
2019-01-31 10:01:00,3461.65
2019-01-31 11:01:00,3445.71
2019-01-31 12:01:00,3425.2
2019-01-31 13:01:00,3435.14
2019-01-31 14:01:00,3438.03
2019-01-31 15:01:00,3432.62
2019-01-31 16:01:00,3430.88
2019-01-31 17:01:00,3427.8
2019-01-31 18:01:00,3422.36
2019-01-31 19:01:00,3431.46
2019-01-31 20:01:00,3412.23
2019-01-31 21:01:00,3431.38
2019-01-31 22:01:00,3442.54
2019-01-31 23:01:00,3429.25
2019-01-31 24:01:00,3432.38
2019-02-01 01:02:00,3424.87
2019-02-01 02:02:00,3454.36
2019-02-01 03:02:00,3416.37
2019-02-01 04:02:00,3406.41
2019-02-01 05:02:00,3400.75
2019-02-01 06:02:00,3407.52
2019-02-01 07:02:00,3421.21
2019-02-01 08:02:00,3412.2
2019-02-01 09:02:00,3409.4
2019-02-01 10:02:00,3419.72
2019-02-01 11:02:00,3426.91
2019-02-01 12:02:00,3414.71
2019-02-01 13:02:00,3450.39
2019-02-01 14:02:00,3459.59
2019-02-01 15:02:00,3442.85
2019-02-01 16:02:00,3450.91
2019-02-01 17:02:00,3448.81
2019-02-01 18:02:00,3447.84
2019-02-01 19:02:00,3445.45
2019-02-01 20:02:00,3454.81
2019-02-01 21:02:00,3478.92
2019-02-01 22:02:00,3466.4
2019-02-01 23:02:00,3462.15
2019-02-01 24:02:00,3463.66
2019-02-02 01:02:00,3463.21
2019-02-02 02:02:00,3464
2019-02-02 03:02:00,3442.37
2019-02-02 04:02:00,3451.27
2019-02-02 05:02:00,3461.1
2019-02-02 06:02:00,3454.18
2019-02-02 07:02:00,3462.27
2019-02-02 08:02:00,3484.28
2019-02-02 09:02:00,3459.06
2019-02-02 10:02:00,3435.98
2019-02-02 11:02:00,3443.34
2019-02-02 12:02:00,3456.94
2019-02-02 13:02:00,3466.53
2019-02-02 14:02:00,3473.21
2019-02-02 15:02:00,3448.59
2019-02-02 16:02:00,3487.73
2019-02-02 17:02:00,3455.85
2019-02-02 18:02:00,3454.48
2019-02-02 19:02:00,3461.44
2019-02-02 20:02:00,3451.31
2019-02-02 21:02:00,3502.4
2019-02-02 22:02:00,3462.99
2019-02-02 23:02:00,3451.59
2019-02-02 24:02:00,3493.5
2019-02-03 01:02:00,3500.17
2019-02-03 02:02:00,3499.93
2019-02-03 03:02:00,3465.58
2019-02-03 04:02:00,3476.58
2019-02-03 05:02:00,3456
2019-02-03 06:02:00,3463.46
2019-02-03 07:02:00,3452.81
2019-02-03 08:02:00,3464.73
2019-02-03 09:02:00,3443.24
2019-02-03 10:02:00,3466.52
2019-02-03 11:02:00,3448.69
2019-02-03 12:02:00,3458.8
2019-02-03 13:02:00,3438.87
2019-02-03 14:02:00,3455.94
2019-02-03 15:02:00,3472.19
2019-02-03 16:02:00,3454.21
2019-02-03 17:02:00,3459.52
2019-02-03 18:02:00,3457.64
2019-02-03 19:02:00,3449.86
2019-02-03 20:02:00,3432.76
2019-02-03 21:02:00,3433.34
2019-02-03 22:02:00,3425.1
2019-02-03 23:02:00,3429.71
2019-02-03 24:02:00,3419.11
2019-02-04 01:02:00,3460.48
2019-02-04 02:02:00,3434.75
2019-02-04 03:02:00,3459.83
2019-02-04 04:02:00,3469.95
2019-02-04 05:02:00,3454.18
2019-02-04 06:02:00,3433.04
2019-02-04 07:02:00,3426.06
2019-02-04 08:02:00,3437.06
2019-02-04 09:02:00,3445.17
2019-02-04 10:02:00,3460.18
2019-02-04 11:02:00,3435.34
2019-02-04 12:02:00,3426.49
2019-02-04 13:02:00,3435.1
2019-02-04 14:02:00,3414.23
2019-02-04 15:02:00,3417.92
2019-02-04 16:02:00,3432.12
2019-02-04 17:02:00,3419.07
2019-02-04 18:02:00,3429.08
2019-02-04 19:02:00,3423.72
2019-02-04 20:02:00,3425.85
2019-02-04 21:02:00,3428.76
2019-02-04 22:02:00,3429.61
2019-02-04 23:02:00,3425.85
2019-02-04 24:02:00,3425.37
2019-02-05 01:02:00,3420.32
2019-02-05 02:02:00,3420.89
2019-02-05 03:02:00,3422.28
2019-02-05 04:02:00,3432.98
2019-02-05 05:02:00,3422.82
2019-02-05 06:02:00,3425.75
2019-02-05 07:02:00,3428.04
2019-02-05 08:02:00,3430.93
2019-02-05 09:02:00,3439.29
2019-02-05 10:02:00,3426.56
2019-02-05 11:02:00,3440.24
2019-02-05 12:02:00,3441.3
2019-02-05 13:02:00,3433.45
2019-02-05 14:02:00,3442.01
2019-02-05 15:02:00,3434.3
2019-02-05 16:02:00,3439.94
2019-02-05 17:02:00,3441.91
2019-02-05 18:02:00,3428.23
2019-02-05 19:02:00,3431.12
2019-02-05 20:02:00,3439.94
2019-02-05 21:02:00,3435.87
2019-02-05 22:02:00,3457.61
2019-02-05 23:02:00,3435.8
2019-02-05 24:02:00,3430
2019-02-06 01:02:00,3448.89
2019-02-06 02:02:00,3444.44
2019-02-06 03:02:00,3411.13
2019-02-06 04:02:00,3390.79
2019-02-06 05:02:00,3392.16
2019-02-06 06:02:00,3388.03
2019-02-06 07:02:00,3403.33
2019-02-06 08:02:00,3390.8
2019-02-06 09:02:00,3391.87
2019-02-06 10:02:00,3385.58
2019-02-06 11:02:00,3377.79
2019-02-06 12:02:00,3402.18
2019-02-06 13:02:00,3380.36
2019-02-06 14:02:00,3381.15
2019-02-06 15:02:00,3372.29
2019-02-06 16:02:00,3372.39
2019-02-06 17:02:00,3374.6
2019-02-06 18:02:00,3409.52
2019-02-06 19:02:00,3406.86
2019-02-06 20:02:00,3393.45
2019-02-06 21:02:00,3384.03
2019-02-06 22:02:00,3373.48
2019-02-06 23:02:00,3374.47
2019-02-06 24:02:00,3388.37
2019-02-07 01:02:00,3380.71
2019-02-07 02:02:00,3371.65
2019-02-07 03:02:00,3374.21
2019-02-07 04:02:00,3383.76
2019-02-07 05:02:00,3382.26
2019-02-07 06:02:00,3378.43
2019-02-07 07:02:00,3372.46
2019-02-07 08:02:00,3397.78
2019-02-07 09:02:00,3382.23
2019-02-07 10:02:00,3382.4
2019-02-07 11:02:00,3381.87
2019-02-07 12:02:00,3401.88
2019-02-07 13:02:00,3386.3
2019-02-07 14:02:00,3382.27
2019-02-07 15:02:00,3378.49
2019-02-07 16:02:00,3369.35
2019-02-07 17:02:00,3375.25
2019-02-07 18:02:00,3378.78
2019-02-07 19:02:00,3393.65
2019-02-07 20:02:00,3369.98
2019-02-07 21:02:00,3371.45
2019-02-07 22:02:00,3364.07
2019-02-07 23:02:00,3381.93
2019-02-07 24:02:00,3371.04
2019-02-08 01:02:00,3371.76
2019-02-08 02:02:00,3377.78
2019-02-08 03:02:00,3377.8
2019-02-08 04:02:00,3378.25
2019-02-08 05:02:00,3374.51
2019-02-08 06:02:00,3375.79
2019-02-08 07:02:00,3416.86
2019-02-08 08:02:00,3401.03
2019-02-08 09:02:00,3369.66
2019-02-08 10:02:00,3406.96
2019-02-08 11:02:00,3442.35
2019-02-08 12:02:00,3449.64
2019-02-08 13:02:00,3411.62
2019-02-08 14:02:00,3420.7
2019-02-08 15:02:00,3410.03
2019-02-08 16:02:00,3426.42
2019-02-08 17:02:00,3513.02
2019-02-08 18:02:00,3611.42
2019-02-08 19:02:00,3657.38
2019-02-08 20:02:00,3652.73
2019-02-08 21:02:00,3645.9
2019-02-08 22:02:00,3658.5
2019-02-08 23:02:00,3635.67
2019-02-08 24:02:00,3627.24
2019-02-09 01:02:00,3641.54
2019-02-09 02:02:00,3634.62
2019-02-09 03:02:00,3637.8
2019-02-09 04:02:00,3617.53
2019-02-09 05:02:00,3614.86
2019-02-09 06:02:00,3628.61
2019-02-09 07:02:00,3614.22
2019-02-09 08:02:00,3614.47
2019-02-09 09:02:00,3634.25
2019-02-09 10:02:00,3638.81
2019-02-09 11:02:00,3627.13
2019-02-09 12:02:00,3637.51
2019-02-09 13:02:00,3664.97
2019-02-09 14:02:00,3649.47
2019-02-09 15:02:00,3657.91
2019-02-09 16:02:00,3648.3
2019-02-09 17:02:00,3660.25
2019-02-09 18:02:00,3650.23
2019-02-09 19:02:00,3641.28
2019-02-09 20:02:00,3612.21
2019-02-09 21:02:00,3621.3
2019-02-09 22:02:00,3625.34
2019-02-09 23:02:00,3636.76
2019-02-09 24:02:00,3661.29
2019-02-10 01:02:00,3636.24
2019-02-10 02:02:00,3663.21
2019-02-10 03:02:00,3631.55
2019-02-10 04:02:00,3638.92
2019-02-10 05:02:00,3637.75
2019-02-10 06:02:00,3631.36
2019-02-10 07:02:00,3645.68
2019-02-10 08:02:00,3635.78
2019-02-10 09:02:00,3622.16
2019-02-10 10:02:00,3622.39
2019-02-10 11:02:00,3608.25
2019-02-10 12:02:00,3614.39
2019-02-10 13:02:00,3638.04
2019-02-10 14:02:00,3615.88
2019-02-10 15:02:00,3611.11
2019-02-10 16:02:00,3637.41
2019-02-10 17:02:00,3652.88
2019-02-10 18:02:00,3627.71
2019-02-10 19:02:00,3645.68
2019-02-10 20:02:00,3616.65
2019-02-10 21:02:00,3623.26
2019-02-10 22:02:00,3631.67
2019-02-10 23:02:00,3624.7
2019-02-10 24:02:00,3677.29
2019-02-11 01:02:00,3667.8
2019-02-11 02:02:00,3637.38
2019-02-11 03:02:00,3621.23
2019-02-11 04:02:00,3625.04
2019-02-11 05:02:00,3618.94
2019-02-11 06:02:00,3613.94
2019-02-11 07:02:00,3632.86
2019-02-11 08:02:00,3608.63
2019-02-11 09:02:00,3607.71
2019-02-11 10:02:00,3611.55
2019-02-11 11:02:00,3600.85
2019-02-11 12:02:00,3603.64
2019-02-11 13:02:00,3613.09
2019-02-11 14:02:00,3608.28
2019-02-11 15:02:00,3616.39
2019-02-11 16:02:00,3611.11
2019-02-11 17:02:00,3610.16
2019-02-11 18:02:00,3609.73
2019-02-11 19:02:00,3617.27
2019-02-11 20:02:00,3605.35
2019-02-11 21:02:00,3626.98
2019-02-11 22:02:00,3614.16
2019-02-11 23:02:00,3620.04
2019-02-11 24:02:00,3607.13
2019-02-12 01:02:00,3608.79
2019-02-12 02:02:00,3596.82
2019-02-12 03:02:00,3584.44
2019-02-12 04:02:00,3584.3
2019-02-12 05:02:00,3593.13
2019-02-12 06:02:00,3582.37
2019-02-12 07:02:00,3593.59
2019-02-12 08:02:00,3592.07
2019-02-12 09:02:00,3591.05
2019-02-12 10:02:00,3589.06
2019-02-12 11:02:00,3592
2019-02-12 12:02:00,3615.15
2019-02-12 13:02:00,3599.07
2019-02-12 14:02:00,3601.09
2019-02-12 15:02:00,3609.56
2019-02-12 16:02:00,3603.91
2019-02-12 17:02:00,3611.06
2019-02-12 18:02:00,3608.89
2019-02-12 19:02:00,3609.46
2019-02-12 20:02:00,3643.88
2019-02-12 21:02:00,3616.47
2019-02-12 22:02:00,3622.06
2019-02-12 23:02:00,3603.2
2019-02-12 24:02:00,3593.06
2019-02-13 01:02:00,3610.05
2019-02-13 02:02:00,3604.33
2019-02-13 03:02:00,3621.04
2019-02-13 04:02:00,3612.75
2019-02-13 05:02:00,3625.63
2019-02-13 06:02:00,3616.02
2019-02-13 07:02:00,3618.89
2019-02-13 08:02:00,3645.59
2019-02-13 09:02:00,3615.41
2019-02-13 10:02:00,3601.48
2019-02-13 11:02:00,3601.51
2019-02-13 12:02:00,3607.38
2019-02-13 13:02:00,3635.25
2019-02-13 14:02:00,3612.4
2019-02-13 15:02:00,3602.6
2019-02-13 16:02:00,3595.99
2019-02-13 17:02:00,3584.66
2019-02-13 18:02:00,3590.55
2019-02-13 19:02:00,3606.89
2019-02-13 20:02:00,3595.6
2019-02-13 21:02:00,3599.3
2019-02-13 22:02:00,3587.85
2019-02-13 23:02:00,3584.96
2019-02-13 24:02:00,3592.18
2019-02-14 01:02:00,3597.26
2019-02-14 02:02:00,3601.67
2019-02-14 03:02:00,3606.44
2019-02-14 04:02:00,3597.27
2019-02-14 05:02:00,3606.05
2019-02-14 06:02:00,3610.85
2019-02-14 07:02:00,3605.71
2019-02-14 08:02:00,3588.36
2019-02-14 09:02:00,3592.83
2019-02-14 10:02:00,3589.08
2019-02-14 11:02:00,3594.63
2019-02-14 12:02:00,3580.17
2019-02-14 13:02:00,3576.23
2019-02-14 14:02:00,3580.89
2019-02-14 15:02:00,3589.38
2019-02-14 16:02:00,3579.98
2019-02-14 17:02:00,3588.38
2019-02-14 18:02:00,3594.36
2019-02-14 19:02:00,3598.19
2019-02-14 20:02:00,3611.48
2019-02-14 21:02:00,3595.25
2019-02-14 22:02:00,3579.66
2019-02-14 23:02:00,3609.67
2019-02-14 24:02:00,3594.67
2019-02-15 01:02:00,3580.26
2019-02-15 02:02:00,3580.17
2019-02-15 03:02:00,3586.23
2019-02-15 04:02:00,3581.44
2019-02-15 05:02:00,3593.62
2019-02-15 06:02:00,3620.4
2019-02-15 07:02:00,3606.69
2019-02-15 08:02:00,3601.22
2019-02-15 09:02:00,3597.45
2019-02-15 10:02:00,3597.51
2019-02-15 11:02:00,3627.61
2019-02-15 12:02:00,3588.37
2019-02-15 13:02:00,3600.11
2019-02-15 14:02:00,3591.01
2019-02-15 15:02:00,3609.56
2019-02-15 16:02:00,3608.33
2019-02-15 17:02:00,3577.31
2019-02-15 18:02:00,3583.64
2019-02-15 19:02:00,3575.88
2019-02-15 20:02:00,3579.46
2019-02-15 21:02:00,3586.08
2019-02-15 22:02:00,3598.69
2019-02-15 23:02:00,3590.23
2019-02-15 24:02:00,3582.5
2019-02-16 01:02:00,3581.83
2019-02-16 02:02:00,3651.48
2019-02-16 03:02:00,3601.07
2019-02-16 04:02:00,3598.46
2019-02-16 05:02:00,3602.66
2019-02-16 06:02:00,3603.96
2019-02-16 07:02:00,3613.67
2019-02-16 08:02:00,3621.85
2019-02-16 09:02:00,3606.85
2019-02-16 10:02:00,3622.13
2019-02-16 11:02:00,3621.7
2019-02-16 12:02:00,3614.46
2019-02-16 13:02:00,3606.46
2019-02-16 14:02:00,3609.76
2019-02-16 15:02:00,3629.51
2019-02-16 16:02:00,3635.59
2019-02-16 17:02:00,3624.54
2019-02-16 18:02:00,3639.45
2019-02-16 19:02:00,3615.7
2019-02-16 20:02:00,3604.53
2019-02-16 21:02:00,3612.78
2019-02-16 22:02:00,3616.54
2019-02-16 23:02:00,3613.22
2019-02-16 24:02:00,3605.76
2019-02-17 01:02:00,3644.02
2019-02-17 02:02:00,3627.96
2019-02-17 03:02:00,3609.16
2019-02-17 04:02:00,3615.29
2019-02-17 05:02:00,3613.07
2019-02-17 06:02:00,3658.66
2019-02-17 07:02:00,3633.92
2019-02-17 08:02:00,3630.73
2019-02-17 09:02:00,3622.1
2019-02-17 10:02:00,3633.61
2019-02-17 11:02:00,3615.22
2019-02-17 12:02:00,3681.46
2019-02-17 13:02:00,3641.75
2019-02-17 14:02:00,3617.92
2019-02-17 15:02:00,3592.63
2019-02-17 16:02:00,3642.82
2019-02-17 17:02:00,3613.31
2019-02-17 18:02:00,3625.87
2019-02-17 19:02:00,3615.89
2019-02-17 20:02:00,3633.42
2019-02-17 21:02:00,3607.45
2019-02-17 22:02:00,3602.63
2019-02-17 23:02:00,3634.88
2019-02-17 24:02:00,3648.97
2019-02-18 01:02:00,3646.69
2019-02-18 02:02:00,3701.95
2019-02-18 03:02:00,3714.27
2019-02-18 04:02:00,3721.35
2019-02-18 05:02:00,3748.33
2019-02-18 06:02:00,3717.59
2019-02-18 07:02:00,3690.51
2019-02-18 08:02:00,3728.19
2019-02-18 09:02:00,3739.94
2019-02-18 10:02:00,3742.9
2019-02-18 11:02:00,3740.63
2019-02-18 12:02:00,3731.67
2019-02-18 13:02:00,3748.17
2019-02-18 14:02:00,3747.8
2019-02-18 15:02:00,3814.17
2019-02-18 16:02:00,3844.74
2019-02-18 17:02:00,3818.08
2019-02-18 18:02:00,3912.16
2019-02-18 19:02:00,3911.06
2019-02-18 20:02:00,3917.65
2019-02-18 21:02:00,3900.42
2019-02-18 22:02:00,3892.74
2019-02-18 23:02:00,3877.81
2019-02-18 24:02:00,3892.74
2019-02-19 01:02:00,3899.65
2019-02-19 02:02:00,3969.53
2019-02-19 03:02:00,3903.78
2019-02-19 04:02:00,3882.33
2019-02-19 05:02:00,3918.49
2019-02-19 06:02:00,3894.47
2019-02-19 07:02:00,3894.7
2019-02-19 08:02:00,3890.5
2019-02-19 09:02:00,3917.95
2019-02-19 10:02:00,3909.42
2019-02-19 11:02:00,3915.03
2019-02-19 12:02:00,3888.99
2019-02-19 13:02:00,3879.2
2019-02-19 14:02:00,3913.05
2019-02-19 15:02:00,3961.19
2019-02-19 16:02:00,3973.58
2019-02-19 17:02:00,3968.98
2019-02-19 18:02:00,3970.94
2019-02-19 19:02:00,3954.97
2019-02-19 20:02:00,3943
2019-02-19 21:02:00,3970.4
2019-02-19 22:02:00,3981.5
2019-02-19 23:02:00,3934.57
2019-02-19 24:02:00,3929.69
2019-02-20 01:02:00,3914.89
2019-02-20 02:02:00,3914.48
2019-02-20 03:02:00,3930.42
2019-02-20 04:02:00,3932.04
2019-02-20 05:02:00,3934.87
2019-02-20 06:02:00,3950.93
2019-02-20 07:02:00,3895.97
2019-02-20 08:02:00,3896.73
2019-02-20 09:02:00,3918.73
2019-02-20 10:02:00,3931.25
2019-02-20 11:02:00,3928.45
2019-02-20 12:02:00,3973.25
2019-02-20 13:02:00,3953.05
2019-02-20 14:02:00,3951.46
2019-02-20 15:02:00,3974.29
2019-02-20 16:02:00,3941.37
2019-02-20 17:02:00,3933.5
2019-02-20 18:02:00,3942.85
2019-02-20 19:02:00,3930.99
2019-02-20 20:02:00,3942.36
2019-02-20 21:02:00,3936
2019-02-20 22:02:00,3955.65
2019-02-20 23:02:00,3946.48
2019-02-20 24:02:00,3931.57
2019-02-21 01:02:00,3992.69
2019-02-21 02:02:00,3960.25
2019-02-21 03:02:00,3962.21
2019-02-21 04:02:00,3966.92
2019-02-21 05:02:00,3935.69
2019-02-21 06:02:00,3954.61
2019-02-21 07:02:00,3978.15
2019-02-21 08:02:00,4016.3
2019-02-21 09:02:00,3977.28
2019-02-21 10:02:00,3944.37
2019-02-21 11:02:00,3947.87
2019-02-21 12:02:00,3935.97
2019-02-21 13:02:00,3899.14
2019-02-21 14:02:00,3905.28
2019-02-21 15:02:00,3930.56
2019-02-21 16:02:00,3925.59
2019-02-21 17:02:00,3919.11
2019-02-21 18:02:00,3918.51
2019-02-21 19:02:00,3920.54
2019-02-21 20:02:00,3897.54
2019-02-21 21:02:00,3900.56
2019-02-21 22:02:00,3916.14
2019-02-21 23:02:00,3909.17
2019-02-21 24:02:00,3914.41
2019-02-22 01:02:00,3931.82
2019-02-22 02:02:00,3938.94
2019-02-22 03:02:00,3946.32
2019-02-22 04:02:00,3962.39
2019-02-22 05:02:00,3946.02
2019-02-22 06:02:00,3945.12
2019-02-22 07:02:00,3931.32
2019-02-22 08:02:00,3938.24
2019-02-22 09:02:00,3921.35
2019-02-22 10:02:00,3978.3
2019-02-22 11:02:00,3952.38
2019-02-22 12:02:00,3951.98
2019-02-22 13:02:00,3986.5
2019-02-22 14:02:00,3976.77
2019-02-22 15:02:00,3991.64
2019-02-22 16:02:00,3966.81
2019-02-22 17:02:00,3971.89
2019-02-22 18:02:00,3953.12
2019-02-22 19:02:00,3967.32
2019-02-22 20:02:00,3976.64
2019-02-22 21:02:00,3956.42
2019-02-22 22:02:00,3960.02
2019-02-22 23:02:00,3947.24
2019-02-22 24:02:00,3968.34
2019-02-23 01:02:00,3978.06
2019-02-23 02:02:00,3956.32
2019-02-23 03:02:00,3958.22
2019-02-23 04:02:00,3957.47
2019-02-23 05:02:00,3985.62
2019-02-23 06:02:00,3982.73
2019-02-23 07:02:00,3971.86
2019-02-23 08:02:00,3941.16
2019-02-23 09:02:00,3954.64
2019-02-23 10:02:00,3944.82
2019-02-23 11:02:00,3989.01
2019-02-23 12:02:00,3999.2
2019-02-23 13:02:00,3963.27
2019-02-23 14:02:00,4017.39
2019-02-23 15:02:00,3955.55
2019-02-23 16:02:00,3967.87
2019-02-23 17:02:00,3957.56
2019-02-23 18:02:00,3999.25
2019-02-23 19:02:00,4045.62
2019-02-23 20:02:00,4143.29
2019-02-23 21:02:00,4129.05
2019-02-23 22:02:00,4171.07
2019-02-23 23:02:00,4131.54
2019-02-23 24:02:00,4119.66
2019-02-24 01:02:00,4114.09
2019-02-24 02:02:00,4141.38
2019-02-24 03:02:00,4182.72
2019-02-24 04:02:00,4171.51
2019-02-24 05:02:00,4203.56
2019-02-24 06:02:00,4212.7
2019-02-24 07:02:00,4187.14
2019-02-24 08:02:00,4185.73
2019-02-24 09:02:00,4172.53
2019-02-24 10:02:00,4171.39
2019-02-24 11:02:00,4181.48
2019-02-24 12:02:00,4173.18
2019-02-24 13:02:00,4165.68
2019-02-24 14:02:00,4156.13
2019-02-24 15:02:00,4111.12
2019-02-24 16:02:00,3924.54
2019-02-24 17:02:00,3820.63
2019-02-24 18:02:00,3784.54
2019-02-24 19:02:00,3799.88
2019-02-24 20:02:00,3804.82
2019-02-24 21:02:00,3798.3
2019-02-24 22:02:00,3802.41
2019-02-24 23:02:00,3815.86
2019-02-24 24:02:00,3791.56
2019-02-25 01:02:00,3772.07
2019-02-25 02:02:00,3783.26
2019-02-25 03:02:00,3795.37
2019-02-25 04:02:00,3792.83
2019-02-25 05:02:00,3801.4
2019-02-25 06:02:00,3812.03
2019-02-25 07:02:00,3794.14
2019-02-25 08:02:00,3799.19
2019-02-25 09:02:00,3794.04
2019-02-25 10:02:00,3782.65
2019-02-25 11:02:00,3790.54
2019-02-25 12:02:00,3793.52
2019-02-25 13:02:00,3816.17
2019-02-25 14:02:00,3803.99
2019-02-25 15:02:00,3826.48
2019-02-25 16:02:00,3799.69
2019-02-25 17:02:00,3819.78
2019-02-25 18:02:00,3843.02
2019-02-25 19:02:00,3867.08
2019-02-25 20:02:00,3858.35
2019-02-25 21:02:00,3867.6
2019-02-25 22:02:00,3846.13
2019-02-25 23:02:00,3831.8
2019-02-25 24:02:00,3845.74
2019-02-26 01:02:00,3837.44
2019-02-26 02:02:00,3837.14
2019-02-26 03:02:00,3829.73
2019-02-26 04:02:00,3838.99
2019-02-26 05:02:00,3846.84
2019-02-26 06:02:00,3837.54
2019-02-26 07:02:00,3808.69
2019-02-26 08:02:00,3795.71
2019-02-26 09:02:00,3799.05
2019-02-26 10:02:00,3801.28
2019-02-26 11:02:00,3814.9
2019-02-26 12:02:00,3817.95
2019-02-26 13:02:00,3816.25
2019-02-26 14:02:00,3809.78
2019-02-26 15:02:00,3811.93
2019-02-26 16:02:00,3826.49
2019-02-26 17:02:00,3826.45
2019-02-26 18:02:00,3814.45
2019-02-26 19:02:00,3817.06
2019-02-26 20:02:00,3823.31
2019-02-26 21:02:00,3816.21
2019-02-26 22:02:00,3827.43
2019-02-26 23:02:00,3806.92
2019-02-26 24:02:00,3804.72
2019-02-27 01:02:00,3813.74
2019-02-27 02:02:00,3806.19
2019-02-27 03:02:00,3818.65
2019-02-27 04:02:00,3822.93
2019-02-27 05:02:00,3845.88
2019-02-27 06:02:00,3821.2
2019-02-27 07:02:00,3830.55
2019-02-27 08:02:00,3828.76
2019-02-27 09:02:00,3824.49
2019-02-27 10:02:00,3843.64
2019-02-27 11:02:00,3866.4
2019-02-27 12:02:00,3846.05
2019-02-27 13:02:00,3869.06
2019-02-27 14:02:00,3847.4
2019-02-27 15:02:00,3844.02
2019-02-27 16:02:00,3827.73
2019-02-27 17:02:00,3822.19
2019-02-27 18:02:00,3818.72
2019-02-27 19:02:00,3818.02
2019-02-27 20:02:00,3819.06
2019-02-27 21:02:00,3821.89
2019-02-27 22:02:00,3754.77
2019-02-27 23:02:00,3766.38
2019-02-27 24:02:00,3783.87
2019-02-28 01:02:00,3827.44
2019-02-28 02:02:00,3833.26
2019-02-28 03:02:00,3839.44
2019-02-28 04:02:00,3832.67
2019-02-28 05:02:00,3820.32
2019-02-28 06:02:00,3825.15
2019-02-28 07:02:00,3845.6
2019-02-28 08:02:00,3832.69
2019-02-28 09:02:00,3825.22
2019-02-28 10:02:00,3870.89
2019-02-28 11:02:00,3864.67
2019-02-28 12:02:00,3836.07
2019-02-28 13:02:00,3845.98
2019-02-28 14:02:00,3840.32
2019-02-28 15:02:00,3834.42
2019-02-28 16:02:00,3841.51
2019-02-28 17:02:00,3855.5
2019-02-28 18:02:00,3880.55
2019-02-28 19:02:00,3821.41
2019-02-28 20:02:00,3820.59
2019-02-28 21:02:00,3851.27
2019-02-28 22:02:00,3841.5
2019-02-28 23:02:00,3816.76
2019-02-28 24:02:00,3810.75
2019-03-01 01:03:00,3808.59
2019-03-01 02:03:00,3816.29
2019-03-01 03:03:00,3816.73
2019-03-01 04:03:00,3811.83
2019-03-01 05:03:00,3826.99
2019-03-01 06:03:00,3826.04
2019-03-01 07:03:00,3825.52
2019-03-01 08:03:00,3828.25
2019-03-01 09:03:00,3815.02
2019-03-01 10:03:00,3849.39
2019-03-01 11:03:00,3842.4
2019-03-01 12:03:00,3845
2019-03-01 13:03:00,3839.7
2019-03-01 14:03:00,3817.7
2019-03-01 15:03:00,3830.28
2019-03-01 16:03:00,3829.3
2019-03-01 17:03:00,3839.98
2019-03-01 18:03:00,3841.24
2019-03-01 19:03:00,3850.23
2019-03-01 20:03:00,3845.84
2019-03-01 21:03:00,3894.19
2019-03-01 22:03:00,3846.24
2019-03-01 23:03:00,3843.24
2019-03-01 24:03:00,3832.28
2019-03-02 01:03:00,3841.24
2019-03-02 02:03:00,3819.07
2019-03-02 03:03:00,3827.57
2019-03-02 04:03:00,3833.94
2019-03-02 05:03:00,3828.94
2019-03-02 06:03:00,3850.94
2019-03-02 07:03:00,3836.62
2019-03-02 08:03:00,3854.83
2019-03-02 09:03:00,3844.17
2019-03-02 10:03:00,3827.1
2019-03-02 11:03:00,3822.09
2019-03-02 12:03:00,3830.61
2019-03-02 13:03:00,3853.29
2019-03-02 14:03:00,3827.93
2019-03-02 15:03:00,3839.18
2019-03-02 16:03:00,3832.03
2019-03-02 17:03:00,3826.38
2019-03-02 18:03:00,3828.07
2019-03-02 19:03:00,3823.32
2019-03-02 20:03:00,3820.57
2019-03-02 21:03:00,3820.47
2019-03-02 22:03:00,3822.91
2019-03-02 23:03:00,3822.14
2019-03-02 24:03:00,3824.37
2019-03-03 01:03:00,3824.33
2019-03-03 02:03:00,3845.9
2019-03-03 03:03:00,3826.75
2019-03-03 04:03:00,3820.52
2019-03-03 05:03:00,3819.2
2019-03-03 06:03:00,3824.52
2019-03-03 07:03:00,3825.54
2019-03-03 08:03:00,3826.72
2019-03-03 09:03:00,3829.63
2019-03-03 10:03:00,3817.33
2019-03-03 11:03:00,3820.55
2019-03-03 12:03:00,3834.3
2019-03-03 13:03:00,3837.77
2019-03-03 14:03:00,3827.68
2019-03-03 15:03:00,3820.06
2019-03-03 16:03:00,3826.09
2019-03-03 17:03:00,3825.83
2019-03-03 18:03:00,3814.25
2019-03-03 19:03:00,3822.96
2019-03-03 20:03:00,3822.16
2019-03-03 21:03:00,3812.73
2019-03-03 22:03:00,3821.6
2019-03-03 23:03:00,3804.91
2019-03-03 24:03:00,3808.17
2019-03-04 01:03:00,3801.36
2019-03-04 02:03:00,3830.03
2019-03-04 03:03:00,3839.14
2019-03-04 04:03:00,3827.67
2019-03-04 05:03:00,3825.86
2019-03-04 06:03:00,3783.43
2019-03-04 07:03:00,3750.52
2019-03-04 08:03:00,3740.11
2019-03-04 09:03:00,3751.23
2019-03-04 10:03:00,3760.72
2019-03-04 11:03:00,3742.88
2019-03-04 12:03:00,3716.96
2019-03-04 13:03:00,3731.69
2019-03-04 14:03:00,3732.57
2019-03-04 15:03:00,3727.22
2019-03-04 16:03:00,3739.57
2019-03-04 17:03:00,3736.85
2019-03-04 18:03:00,3741.75
2019-03-04 19:03:00,3752.07
2019-03-04 20:03:00,3731.42
2019-03-04 21:03:00,3717.6
2019-03-04 22:03:00,3733.33
2019-03-04 23:03:00,3715.28
2019-03-04 24:03:00,3727.52
2019-03-05 01:03:00,3712.95
2019-03-05 02:03:00,3732.53
2019-03-05 03:03:00,3724.22
2019-03-05 04:03:00,3716.74
2019-03-05 05:03:00,3706.52
2019-03-05 06:03:00,3718.67
2019-03-05 07:03:00,3733.84
2019-03-05 08:03:00,3743.01
2019-03-05 09:03:00,3744.13
2019-03-05 10:03:00,3752.99
2019-03-05 11:03:00,3756.45
2019-03-05 12:03:00,3746.26
2019-03-05 13:03:00,3748.91
2019-03-05 14:03:00,3785.52
2019-03-05 15:03:00,3815.4
2019-03-05 16:03:00,3850.34
2019-03-05 17:03:00,3853.39
2019-03-05 18:03:00,3878.48
2019-03-05 19:03:00,3856.52
2019-03-05 20:03:00,3862.64
2019-03-05 21:03:00,3867.28
2019-03-05 22:03:00,3854.42
2019-03-05 23:03:00,3842.2
2019-03-05 24:03:00,3847.37
2019-03-06 01:03:00,3850.68
2019-03-06 02:03:00,3865.74
2019-03-06 03:03:00,3834.96
2019-03-06 04:03:00,3842.63
2019-03-06 05:03:00,3844.09
2019-03-06 06:03:00,3853.88
2019-03-06 07:03:00,3831.95
2019-03-06 08:03:00,3850.14
2019-03-06 09:03:00,3862.53
2019-03-06 10:03:00,3844.24
2019-03-06 11:03:00,3865.84
2019-03-06 12:03:00,3884.54
2019-03-06 13:03:00,3871.52
2019-03-06 14:03:00,3867.86
2019-03-06 15:03:00,3853.29
2019-03-06 16:03:00,3842.48
2019-03-06 17:03:00,3868.28
2019-03-06 18:03:00,3854.34
2019-03-06 19:03:00,3861.13
2019-03-06 20:03:00,3875.14
2019-03-06 21:03:00,3863.82
2019-03-06 22:03:00,3853.91
2019-03-06 23:03:00,3862.78
2019-03-06 24:03:00,3879.16
2019-03-07 01:03:00,3871.67
2019-03-07 02:03:00,3872.88
2019-03-07 03:03:00,3902.32
2019-03-07 04:03:00,3873.56
2019-03-07 05:03:00,3915.79
2019-03-07 06:03:00,3907.31
2019-03-07 07:03:00,3882.95
2019-03-07 08:03:00,3878.92
2019-03-07 09:03:00,3865.97
2019-03-07 10:03:00,3889.78
2019-03-07 11:03:00,3857.47
2019-03-07 12:03:00,3856.56
2019-03-07 13:03:00,3876.38
2019-03-07 14:03:00,3872.49
2019-03-07 15:03:00,3884.46
2019-03-07 16:03:00,3867.24
2019-03-07 17:03:00,3888.33
2019-03-07 18:03:00,3879.82
2019-03-07 19:03:00,3884.35
2019-03-07 20:03:00,3885.02
2019-03-07 21:03:00,3897.48
2019-03-07 22:03:00,3937.73
2019-03-07 23:03:00,3890.45
2019-03-07 24:03:00,3878.85
2019-03-08 01:03:00,3874.22
2019-03-08 02:03:00,3875.1
2019-03-08 03:03:00,3889.35
2019-03-08 04:03:00,3876.33
2019-03-08 05:03:00,3876.3
2019-03-08 06:03:00,3878.4
2019-03-08 07:03:00,3888.56
2019-03-08 08:03:00,3921.54
2019-03-08 09:03:00,3881
2019-03-08 10:03:00,3887.18
2019-03-08 11:03:00,3890.64
2019-03-08 12:03:00,3931.29
2019-03-08 13:03:00,3901.79
2019-03-08 14:03:00,3902.92
2019-03-08 15:03:00,3911.61
2019-03-08 16:03:00,3905.96
2019-03-08 17:03:00,3898.36
2019-03-08 18:03:00,3888.43
2019-03-08 19:03:00,3907.9
2019-03-08 20:03:00,3909.88
2019-03-08 21:03:00,3935.38
2019-03-08 22:03:00,3914.55
2019-03-08 23:03:00,3898.86
2019-03-08 24:03:00,3854.06
2019-03-09 01:03:00,3854
2019-03-09 02:03:00,3883.73
2019-03-09 03:03:00,3876.33
2019-03-09 04:03:00,3894.21
2019-03-09 05:03:00,3890.74
2019-03-09 06:03:00,3873.31
2019-03-09 07:03:00,3896.81
2019-03-09 08:03:00,3917.47
2019-03-09 09:03:00,3932.24
2019-03-09 10:03:00,3930.4
2019-03-09 11:03:00,3900.57
2019-03-09 12:03:00,3934.68
2019-03-09 13:03:00,3916.27
2019-03-09 14:03:00,3926.11
2019-03-09 15:03:00,3951.78
2019-03-09 16:03:00,3964.17
2019-03-09 17:03:00,3955.58
2019-03-09 18:03:00,3966.63
2019-03-09 19:03:00,3915.39
2019-03-09 20:03:00,3923.72
2019-03-09 21:03:00,3933.87
2019-03-09 22:03:00,3913.32
2019-03-09 23:03:00,3910.78
2019-03-09 24:03:00,3914.65
2019-03-10 01:03:00,3931.02
2019-03-10 02:03:00,3944.25
2019-03-10 03:03:00,3943.77
2019-03-10 04:03:00,3936.08
2019-03-10 05:03:00,3941.39
2019-03-10 06:03:00,3905.63
2019-03-10 07:03:00,3921.28
2019-03-10 08:03:00,3920.15
2019-03-10 09:03:00,3911.37
2019-03-10 10:03:00,3921.63
2019-03-10 11:03:00,3912.24
2019-03-10 12:03:00,3912.75
2019-03-10 13:03:00,3936.77
2019-03-10 14:03:00,3906.61
2019-03-10 15:03:00,3901.55
2019-03-10 16:03:00,3903.18
2019-03-10 17:03:00,3937.53
2019-03-10 18:03:00,3921.02
2019-03-10 19:03:00,3900.29
2019-03-10 20:03:00,3923.39
2019-03-10 21:03:00,3896.57
2019-03-10 22:03:00,3917.26
2019-03-10 23:03:00,3918.59
2019-03-10 24:03:00,3946.13
2019-03-11 01:03:00,3919.87
2019-03-11 02:03:00,3925.72
2019-03-11 03:03:00,3922.39
2019-03-11 04:03:00,3915.41
2019-03-11 05:03:00,3925.34
2019-03-11 06:03:00,3964.39
2019-03-11 07:03:00,3892.36
2019-03-11 08:03:00,3887.4
2019-03-11 09:03:00,3890.04
2019-03-11 10:03:00,3892.45
2019-03-11 11:03:00,3877.14
2019-03-11 12:03:00,3894.26
2019-03-11 13:03:00,3872.96
2019-03-11 14:03:00,3862.14
2019-03-11 15:03:00,3878.18
2019-03-11 16:03:00,3858.36
2019-03-11 17:03:00,3859.63
2019-03-11 18:03:00,3868.49
2019-03-11 19:03:00,3865.19
2019-03-11 20:03:00,3867.87
2019-03-11 21:03:00,3865.55
2019-03-11 22:03:00,3858.72
2019-03-11 23:03:00,3867.13
2019-03-11 24:03:00,3870.93
2019-03-12 01:03:00,3884.6
2019-03-12 02:03:00,3859.86
2019-03-12 03:03:00,3872.77
2019-03-12 04:03:00,3846.64
2019-03-12 05:03:00,3835.69
2019-03-12 06:03:00,3829.12
2019-03-12 07:03:00,3839.92
2019-03-12 08:03:00,3835.4
2019-03-12 09:03:00,3856.8
2019-03-12 10:03:00,3878.78
2019-03-12 11:03:00,3874.87
2019-03-12 12:03:00,3882.71
2019-03-12 13:03:00,3889.13
2019-03-12 14:03:00,3909.56
2019-03-12 15:03:00,3892.13
2019-03-12 16:03:00,3885.91
2019-03-12 17:03:00,3887.24
2019-03-12 18:03:00,3866.36
2019-03-12 19:03:00,3878.34
2019-03-12 20:03:00,3869.33
2019-03-12 21:03:00,3880.21
2019-03-12 22:03:00,3872.93
2019-03-12 23:03:00,3892.39
2019-03-12 24:03:00,3877.96
2019-03-13 01:03:00,3892.53
2019-03-13 02:03:00,3901.93
2019-03-13 03:03:00,3890.46
2019-03-13 04:03:00,3891.59
2019-03-13 05:03:00,3898.26
2019-03-13 06:03:00,3879.61
2019-03-13 07:03:00,3879.92
2019-03-13 08:03:00,3877.27
2019-03-13 09:03:00,3872.53
2019-03-13 10:03:00,3872.11
2019-03-13 11:03:00,3875.6
2019-03-13 12:03:00,3867.26
2019-03-13 13:03:00,3879.19
2019-03-13 14:03:00,3874.27
2019-03-13 15:03:00,3890.87
2019-03-13 16:03:00,3885.61
2019-03-13 17:03:00,3880.86
2019-03-13 18:03:00,3867.15
2019-03-13 19:03:00,3867.19
2019-03-13 20:03:00,3869.16
2019-03-13 21:03:00,3872.12
2019-03-13 22:03:00,3867.59
2019-03-13 23:03:00,3871.39
2019-03-13 24:03:00,3872.41
2019-03-14 01:03:00,3886.51
2019-03-14 02:03:00,3926.96
2019-03-14 03:03:00,3890.99
2019-03-14 04:03:00,3874.32
2019-03-14 05:03:00,3867.23
2019-03-14 06:03:00,3868.72
2019-03-14 07:03:00,3875.04
2019-03-14 08:03:00,3905.65
2019-03-14 09:03:00,3866.15
2019-03-14 10:03:00,3867.21
2019-03-14 11:03:00,3865.89
2019-03-14 12:03:00,3868.43
2019-03-14 13:03:00,3876.65
2019-03-14 14:03:00,3868.62
2019-03-14 15:03:00,3880.46
2019-03-14 16:03:00,3865.97
2019-03-14 17:03:00,3869.64
2019-03-14 18:03:00,3869.64
2019-03-14 19:03:00,3866.9
2019-03-14 20:03:00,3884.58
2019-03-14 21:03:00,3875.54
2019-03-14 22:03:00,3864.89
2019-03-14 23:03:00,3878.33
2019-03-14 24:03:00,3880.19
2019-03-15 01:03:00,3877.11
2019-03-15 02:03:00,3880.66
2019-03-15 03:03:00,3883.68
2019-03-15 04:03:00,3903.54
2019-03-15 05:03:00,3890.49
2019-03-15 06:03:00,3880.14
2019-03-15 07:03:00,3896.02
2019-03-15 08:03:00,3935.96
2019-03-15 09:03:00,3869.76
2019-03-15 10:03:00,3879.91
2019-03-15 11:03:00,3893.08
2019-03-15 12:03:00,3890.08
2019-03-15 13:03:00,3906.81
2019-03-15 14:03:00,3924.95
2019-03-15 15:03:00,3897.19
2019-03-15 16:03:00,3902.52
2019-03-15 17:03:00,3921.46
2019-03-15 18:03:00,3937.73
2019-03-15 19:03:00,3925.12
2019-03-15 20:03:00,3925.32
2019-03-15 21:03:00,3922.54
2019-03-15 22:03:00,3911.88
2019-03-15 23:03:00,3910.55
2019-03-15 24:03:00,3920.76
2019-03-16 01:03:00,3922.99
2019-03-16 02:03:00,3935.9
2019-03-16 03:03:00,3946.66
2019-03-16 04:03:00,3949.57
2019-03-16 05:03:00,3994.6
2019-03-16 06:03:00,4053.66
2019-03-16 07:03:00,4064.18
2019-03-16 08:03:00,4057.62
2019-03-16 09:03:00,3994.94
2019-03-16 10:03:00,4020.96
2019-03-16 11:03:00,4023.85
2019-03-16 12:03:00,4041.58
2019-03-16 13:03:00,4029.02
2019-03-16 14:03:00,4001.42
2019-03-16 15:03:00,3998.9
2019-03-16 16:03:00,4019.59
2019-03-16 17:03:00,4012.63
2019-03-16 18:03:00,4000.24
2019-03-16 19:03:00,4023.92
2019-03-16 20:03:00,3992.47
2019-03-16 21:03:00,3993.99
2019-03-16 22:03:00,4000.67
2019-03-16 23:03:00,4015.75
2019-03-16 24:03:00,4022.87
2019-03-17 01:03:00,4031.67
2019-03-17 02:03:00,4001.78
2019-03-17 03:03:00,4028.42
2019-03-17 04:03:00,3980.07
2019-03-17 05:03:00,4000.69
2019-03-17 06:03:00,3986.53
2019-03-17 07:03:00,3972.82
2019-03-17 08:03:00,3983.73
2019-03-17 09:03:00,3975.95
2019-03-17 10:03:00,3985.46
2019-03-17 11:03:00,3994.5
2019-03-17 12:03:00,3999.9
2019-03-17 13:03:00,4014.95
2019-03-17 14:03:00,4001.89
2019-03-17 15:03:00,4021.85
2019-03-17 16:03:00,4004.23
2019-03-17 17:03:00,4043.13
2019-03-17 18:03:00,4026.32
2019-03-17 19:03:00,4001.41
2019-03-17 20:03:00,3984.85
2019-03-17 21:03:00,4002.5
2019-03-17 22:03:00,3992.84
2019-03-17 23:03:00,4009.02
2019-03-17 24:03:00,3990.24
2019-03-18 01:03:00,4006.37
2019-03-18 02:03:00,4000.45
2019-03-18 03:03:00,4019.61
2019-03-18 04:03:00,4044.03
2019-03-18 05:03:00,4015.76
2019-03-18 06:03:00,4003.6
2019-03-18 07:03:00,3985.86
2019-03-18 08:03:00,3980.85
2019-03-18 09:03:00,3978.05
2019-03-18 10:03:00,3997.37
2019-03-18 11:03:00,3977.95
2019-03-18 12:03:00,3972.6
2019-03-18 13:03:00,3975.33
2019-03-18 14:03:00,3980.63
2019-03-18 15:03:00,3988.2
2019-03-18 16:03:00,3977.15
2019-03-18 17:03:00,3980.7
2019-03-18 18:03:00,3984.3
2019-03-18 19:03:00,3982.46
2019-03-18 20:03:00,3983.91
2019-03-18 21:03:00,3971.18
2019-03-18 22:03:00,3985.5
2019-03-18 23:03:00,3999.81
2019-03-18 24:03:00,3996.47
2019-03-19 01:03:00,3989.32
2019-03-19 02:03:00,4022.09
2019-03-19 03:03:00,4003.23
2019-03-19 04:03:00,4000.1
2019-03-19 05:03:00,3993.48
2019-03-19 06:03:00,4001.35
2019-03-19 07:03:00,3989.53
2019-03-19 08:03:00,3974.62
2019-03-19 09:03:00,3991.12
2019-03-19 10:03:00,3995.84
2019-03-19 11:03:00,4000.96
2019-03-19 12:03:00,3995.07
2019-03-19 13:03:00,3987.59
2019-03-19 14:03:00,3989.29
2019-03-19 15:03:00,3987.69
2019-03-19 16:03:00,4010.26
2019-03-19 17:03:00,3998.12
2019-03-19 18:03:00,4003.81
2019-03-19 19:03:00,4050.23
2019-03-19 20:03:00,4011.82
2019-03-19 21:03:00,4003.03
2019-03-19 22:03:00,4015
2019-03-19 23:03:00,4011.27
2019-03-19 24:03:00,4011.06
2019-03-20 01:03:00,4025.52
2019-03-20 02:03:00,4021.25
2019-03-20 03:03:00,3998.49
2019-03-20 04:03:00,3994.46
2019-03-20 05:03:00,3994.96
2019-03-20 06:03:00,4004.2
2019-03-20 07:03:00,4009.9
2019-03-20 08:03:00,4015.39
2019-03-20 09:03:00,4018.04
2019-03-20 10:03:00,4019.52
2019-03-20 11:03:00,4024.44
2019-03-20 12:03:00,4015.54
2019-03-20 13:03:00,4010.53
2019-03-20 14:03:00,4030.54
2019-03-20 15:03:00,4033.14
2019-03-20 16:03:00,4027.97
2019-03-20 17:03:00,4033.7
2019-03-20 18:03:00,4043.83
2019-03-20 19:03:00,4028.48
2019-03-20 20:03:00,4038.97
2019-03-20 21:03:00,4030.03
2019-03-20 22:03:00,4029.44
2019-03-20 23:03:00,4028.42
2019-03-20 24:03:00,4055.64
2019-03-21 01:03:00,4072.79
2019-03-21 02:03:00,4070.17
2019-03-21 03:03:00,4051.86
2019-03-21 04:03:00,4061.32
2019-03-21 05:03:00,4061.92
2019-03-21 06:03:00,4057.15
2019-03-21 07:03:00,4063.22
2019-03-21 08:03:00,4059.82
2019-03-21 09:03:00,4065.74
2019-03-21 10:03:00,4052.91
2019-03-21 11:03:00,4055.66
2019-03-21 12:03:00,4083.61
2019-03-21 13:03:00,4077.46
2019-03-21 14:03:00,4056.81
2019-03-21 15:03:00,4051.88
2019-03-21 16:03:00,3993.35
2019-03-21 17:03:00,3987.81
2019-03-21 18:03:00,3979.07
2019-03-21 19:03:00,3977.88
2019-03-21 20:03:00,3975.94
2019-03-21 21:03:00,3989.12
2019-03-21 22:03:00,3991.26
2019-03-21 23:03:00,4001.89
2019-03-21 24:03:00,3991.91
2019-03-22 01:03:00,4001.1
2019-03-22 02:03:00,4000.32
2019-03-22 03:03:00,3998.92
2019-03-22 04:03:00,3997.49
2019-03-22 05:03:00,3995.71
2019-03-22 06:03:00,3991.69
2019-03-22 07:03:00,3992.74
2019-03-22 08:03:00,3989.01
2019-03-22 09:03:00,3989.92
2019-03-22 10:03:00,4006.86
2019-03-22 11:03:00,4000.52
2019-03-22 12:03:00,4003.51
2019-03-22 13:03:00,4001.32
2019-03-22 14:03:00,4020.83
2019-03-22 15:03:00,4008.11
2019-03-22 16:03:00,3990.74
2019-03-22 17:03:00,4016.11
2019-03-22 18:03:00,4002.74
2019-03-22 19:03:00,4006.71
2019-03-22 20:03:00,4003.22
2019-03-22 21:03:00,3999.6
2019-03-22 22:03:00,4007.63
2019-03-22 23:03:00,4006.59
2019-03-22 24:03:00,3999.59
2019-03-23 01:03:00,4003.28
2019-03-23 02:03:00,3992.48
2019-03-23 03:03:00,4003.97
2019-03-23 04:03:00,4010.63
2019-03-23 05:03:00,4006.18
2019-03-23 06:03:00,4003.28
2019-03-23 07:03:00,4000.03
2019-03-23 08:03:00,4020.86
2019-03-23 09:03:00,4013.7
2019-03-23 10:03:00,4022.24
2019-03-23 11:03:00,4019.03
2019-03-23 12:03:00,4005.91
2019-03-23 13:03:00,4002.5
2019-03-23 14:03:00,4010.32
2019-03-23 15:03:00,4017.43
2019-03-23 16:03:00,3999.88
2019-03-23 17:03:00,3986.15
2019-03-23 18:03:00,4001.43
2019-03-23 19:03:00,4014.18
2019-03-23 20:03:00,3993.07
2019-03-23 21:03:00,3993.53
2019-03-23 22:03:00,3988.95
2019-03-23 23:03:00,3997.69
2019-03-23 24:03:00,4026.93
2019-03-24 01:03:00,4000.41
2019-03-24 02:03:00,4005.49
2019-03-24 03:03:00,4007.69
2019-03-24 04:03:00,3990.72
2019-03-24 05:03:00,3985.02
2019-03-24 06:03:00,4001.75
2019-03-24 07:03:00,3997.14
2019-03-24 08:03:00,4002.16
2019-03-24 09:03:00,3997.72
2019-03-24 10:03:00,3999.18
2019-03-24 11:03:00,4009.78
2019-03-24 12:03:00,4011.02
2019-03-24 13:03:00,4007.4
2019-03-24 14:03:00,4004.28
2019-03-24 15:03:00,3993.91
2019-03-24 16:03:00,3997.21
2019-03-24 17:03:00,3997.96
2019-03-24 18:03:00,3992.07
2019-03-24 19:03:00,3993.98
2019-03-24 20:03:00,3985.37
2019-03-24 21:03:00,3982.29
2019-03-24 22:03:00,3974.76
2019-03-24 23:03:00,4013.17
2019-03-24 24:03:00,3981.52
2019-03-25 01:03:00,3988.06
2019-03-25 02:03:00,3989.22
2019-03-25 03:03:00,3993.96
2019-03-25 04:03:00,3997.92
2019-03-25 05:03:00,3998.34
2019-03-25 06:03:00,4003.69
2019-03-25 07:03:00,3995.2
2019-03-25 08:03:00,3996.59
2019-03-25 09:03:00,3986.41
2019-03-25 10:03:00,3984.71
2019-03-25 11:03:00,3981.29
2019-03-25 12:03:00,3992.61
2019-03-25 13:03:00,3990.26
2019-03-25 14:03:00,3981.69
2019-03-25 15:03:00,3988.71
2019-03-25 16:03:00,3988.98
2019-03-25 17:03:00,3978.18
2019-03-25 18:03:00,3967.51
2019-03-25 19:03:00,3981.2
2019-03-25 20:03:00,3976.72
2019-03-25 21:03:00,4139.13
2019-03-25 22:03:00,3901.26
2019-03-25 23:03:00,3906.3
2019-03-25 24:03:00,3918.86
2019-03-26 01:03:00,3933.82
2019-03-26 02:03:00,3930.23
2019-03-26 03:03:00,3921.89
2019-03-26 04:03:00,3925.6
2019-03-26 05:03:00,3931.29
2019-03-26 06:03:00,3947.02
2019-03-26 07:03:00,3938.29
2019-03-26 08:03:00,3935.88
2019-03-26 09:03:00,3923.95
2019-03-26 10:03:00,3943.29
2019-03-26 11:03:00,3926.25
2019-03-26 12:03:00,3916.97
2019-03-26 13:03:00,3925.45
2019-03-26 14:03:00,3924.72
2019-03-26 15:03:00,3913.16
2019-03-26 16:03:00,3919.5
2019-03-26 17:03:00,3928.06
2019-03-26 18:03:00,3942.89
2019-03-26 19:03:00,3933.52
2019-03-26 20:03:00,3933.33
2019-03-26 21:03:00,3944.15
2019-03-26 22:03:00,3925.8
2019-03-26 23:03:00,3932.31
2019-03-26 24:03:00,3928.6
2019-03-27 01:03:00,3936.96
2019-03-27 02:03:00,3944.19
2019-03-27 03:03:00,3979.62
2019-03-27 04:03:00,3988.06
2019-03-27 05:03:00,3987.08
2019-03-27 06:03:00,3991.55
2019-03-27 07:03:00,4007.83
2019-03-27 08:03:00,4020.26
2019-03-27 09:03:00,4001.52
2019-03-27 10:03:00,4007.81
2019-03-27 11:03:00,3995.17
2019-03-27 12:03:00,4018.76
2019-03-27 13:03:00,4033.35
2019-03-27 14:03:00,4038.45
2019-03-27 15:03:00,4024.33
2019-03-27 16:03:00,4023.53
2019-03-27 17:03:00,4031.43
2019-03-27 18:03:00,4023.23
2019-03-27 19:03:00,4026.99
2019-03-27 20:03:00,4018.82
2019-03-27 21:03:00,4013.25
2019-03-27 22:03:00,4013.81
2019-03-27 23:03:00,4024.98
2019-03-27 24:03:00,4042.31
2019-03-28 01:03:00,4047.67
2019-03-28 02:03:00,4032.7
2019-03-28 03:03:00,4043.88
2019-03-28 04:03:00,4040.79
2019-03-28 05:03:00,4058.6
2019-03-28 06:03:00,4033.41
2019-03-28 07:03:00,4030.2
2019-03-28 08:03:00,4022.94
2019-03-28 09:03:00,4039.29
2019-03-28 10:03:00,4038.02
2019-03-28 11:03:00,4027.33
2019-03-28 12:03:00,4024.17
2019-03-28 13:03:00,4029.81
2019-03-28 14:03:00,4025.66
2019-03-28 15:03:00,4044.91
2019-03-28 16:03:00,4047.91
2019-03-28 17:03:00,4033.96
2019-03-28 18:03:00,4038.86
2019-03-28 19:03:00,4049.69
2019-03-28 20:03:00,4034.93
2019-03-28 21:03:00,4028.6
2019-03-28 22:03:00,4023.63
2019-03-28 23:03:00,4031.2
2019-03-28 24:03:00,4034.91
2019-03-29 01:03:00,4026.46
2019-03-29 02:03:00,4039.93
2019-03-29 03:03:00,4047.18
2019-03-29 04:03:00,4043.71
2019-03-29 05:03:00,4050.16
2019-03-29 06:03:00,4050.57
2019-03-29 07:03:00,4028.97
2019-03-29 08:03:00,4033.96
2019-03-29 09:03:00,4046.4
2019-03-29 10:03:00,4046.01
2019-03-29 11:03:00,4094.99
2019-03-29 12:03:00,4110.66
2019-03-29 13:03:00,4103.67
2019-03-29 14:03:00,4092.15
2019-03-29 15:03:00,4096.52
2019-03-29 16:03:00,4095.38
2019-03-29 17:03:00,4088.66
2019-03-29 18:03:00,4094.61
2019-03-29 19:03:00,4103.61
2019-03-29 20:03:00,4102.74
2019-03-29 21:03:00,4102.71
2019-03-29 22:03:00,4091.78
2019-03-29 23:03:00,4095.38
2019-03-29 24:03:00,4136.05
2019-03-30 01:03:00,4125.2
2019-03-30 02:03:00,4132.94
2019-03-30 03:03:00,4139.69
2019-03-30 04:03:00,4136.68
2019-03-30 05:03:00,4121.1
2019-03-30 06:03:00,4087.54
2019-03-30 07:03:00,4104.03
2019-03-30 08:03:00,4110.92
2019-03-30 09:03:00,4119.4
2019-03-30 10:03:00,4109.12
2019-03-30 11:03:00,4090.09
2019-03-30 12:03:00,4109.08
2019-03-30 13:03:00,4119.14
2019-03-30 14:03:00,4116.11
2019-03-30 15:03:00,4106.87
2019-03-30 16:03:00,4101.45
2019-03-30 17:03:00,4093.13
2019-03-30 18:03:00,4114
2019-03-30 19:03:00,4102.71
2019-03-30 20:03:00,4100.51
2019-03-30 21:03:00,4095.06
2019-03-30 22:03:00,4096.46
2019-03-30 23:03:00,4101.07
2019-03-30 24:03:00,4108.38
2019-03-31 01:03:00,4113.25
2019-03-31 02:03:00,4126.97
2019-03-31 04:03:00,4126.89
2019-03-31 05:03:00,4097.05
2019-03-31 06:03:00,4110
2019-03-31 07:03:00,4103.89
2019-03-31 08:03:00,4103.28
2019-03-31 09:03:00,4088.59
2019-03-31 10:03:00,4080.47
2019-03-31 11:03:00,4114.68
2019-03-31 12:03:00,4110.37
2019-03-31 13:03:00,4118.51
2019-03-31 14:03:00,4130.49
2019-03-31 15:03:00,4119.4
2019-03-31 16:03:00,4105.58
2019-03-31 17:03:00,4105.01
2019-03-31 18:03:00,4124.75
2019-03-31 19:03:00,4114.44
2019-03-31 20:03:00,4114.92
2019-03-31 21:03:00,4114.99
2019-03-31 22:03:00,4116.93
2019-03-31 23:03:00,4104.09
2019-03-31 24:03:00,4118.85
2019-04-01 01:04:00,4109.51
2019-04-01 02:04:00,4112.07
2019-04-01 03:04:00,4107.99
2019-04-01 04:04:00,4134.83
2019-04-01 05:04:00,4136.52
2019-04-01 06:04:00,4148.69
2019-04-01 07:04:00,4136.43
2019-04-01 08:04:00,4133.29
2019-04-01 09:04:00,4133.78
2019-04-01 10:04:00,4152.49
2019-04-01 11:04:00,4126.21
2019-04-01 12:04:00,4146.91
2019-04-01 13:04:00,4134.58
2019-04-01 14:04:00,4130.52
2019-04-01 15:04:00,4142.75
2019-04-01 16:04:00,4143.11
2019-04-01 17:04:00,4159.11
2019-04-01 18:04:00,4151.25
2019-04-01 19:04:00,4149.43
2019-04-01 20:04:00,4147.44
2019-04-01 21:04:00,4144.6
2019-04-01 22:04:00,4144.68
2019-04-01 23:04:00,4141.79
2019-04-01 24:04:00,4144.49
2019-04-02 01:04:00,4154.21
2019-04-02 02:04:00,4158.08
2019-04-02 03:04:00,4161.61
2019-04-02 04:04:00,4164.72
2019-04-02 05:04:00,4183.74
2019-04-02 06:04:00,4190.15
2019-04-02 07:04:00,4490.63
2019-04-02 08:04:00,4868.58
2019-04-02 09:04:00,4727.88
2019-04-02 10:04:00,4718.69
2019-04-02 11:04:00,4724.45
2019-04-02 12:04:00,4801.8
2019-04-02 13:04:00,4795.47
2019-04-02 14:04:00,4794.01
2019-04-02 15:04:00,4820.67
2019-04-02 16:04:00,4813.19
2019-04-02 17:04:00,4753.01
2019-04-02 18:04:00,4746.17
2019-04-02 19:04:00,4758.09
2019-04-02 20:04:00,4743.04
2019-04-02 21:04:00,4752.55
2019-04-02 22:04:00,4762.04
2019-04-02 23:04:00,4801.36
2019-04-02 24:04:00,4813.84
2019-04-03 01:04:00,4816.79
2019-04-03 02:04:00,4896.75
2019-04-03 03:04:00,4958.22
2019-04-03 04:04:00,4958.32
2019-04-03 05:04:00,5024.8
2019-04-03 06:04:00,5046.4
2019-04-03 07:04:00,4954.98
2019-04-03 08:04:00,4954.61
2019-04-03 09:04:00,4960.79
2019-04-03 10:04:00,4973.58
2019-04-03 11:04:00,4956.35
2019-04-03 12:04:00,4958.06
2019-04-03 13:04:00,4970.36
2019-04-03 14:04:00,4977.26
2019-04-03 15:04:00,5006.88
2019-04-03 16:04:00,5033.82
2019-04-03 17:04:00,5025.45
2019-04-03 18:04:00,5019.88
2019-04-03 19:04:00,5108.2
2019-04-03 20:04:00,5138.94
2019-04-03 21:04:00,5152.3
2019-04-03 22:04:00,5149.45
2019-04-03 23:04:00,5242.87
2019-04-03 24:04:00,5277.73
2019-04-04 01:04:00,5127.67
2019-04-04 02:04:00,4936.87
2019-04-04 03:04:00,4984.62
2019-04-04 04:04:00,5031.73
2019-04-04 05:04:00,5011.97
2019-04-04 06:04:00,4984.61
2019-04-04 07:04:00,4995.18
2019-04-04 08:04:00,5033.91
2019-04-04 09:04:00,5049.68
2019-04-04 10:04:00,5014.15
2019-04-04 11:04:00,5032.1
2019-04-04 12:04:00,5004.08
2019-04-04 13:04:00,4991.47
2019-04-04 14:04:00,4963.22
2019-04-04 15:04:00,5000.49
2019-04-04 16:04:00,5007.82
2019-04-04 17:04:00,5021.74
2019-04-04 18:04:00,4986.72
2019-04-04 19:04:00,4963.26
2019-04-04 20:04:00,4933.97
2019-04-04 21:04:00,4873.76
2019-04-04 22:04:00,4865.53
2019-04-04 23:04:00,4831.27
2019-04-04 24:04:00,4918.97
2019-04-05 01:04:00,4918.02
2019-04-05 02:04:00,4914.31
2019-04-05 03:04:00,4948.32
2019-04-05 04:04:00,4942.43
2019-04-05 05:04:00,4927.12
2019-04-05 06:04:00,4916.33
2019-04-05 07:04:00,4943.59
2019-04-05 08:04:00,4992.23
2019-04-05 09:04:00,4963.69
2019-04-05 10:04:00,4944.97
2019-04-05 11:04:00,4974.51
2019-04-05 12:04:00,4960.49
2019-04-05 13:04:00,4961.16
2019-04-05 14:04:00,5009.58
2019-04-05 15:04:00,5018.05
2019-04-05 16:04:00,5027.84
2019-04-05 17:04:00,5000.64
2019-04-05 18:04:00,4987.22
2019-04-05 19:04:00,5009.33
2019-04-05 20:04:00,5037.36
2019-04-05 21:04:00,5045.18
2019-04-05 22:04:00,5025.35
2019-04-05 23:04:00,5053.18
2019-04-05 24:04:00,5020.79
2019-04-06 01:04:00,5033.24
2019-04-06 02:04:00,5040.1
2019-04-06 03:04:00,5025.61
2019-04-06 04:04:00,5009.52
2019-04-06 05:04:00,5006.09
2019-04-06 06:04:00,5012.16
2019-04-06 07:04:00,5015.2
2019-04-06 08:04:00,5027.89
2019-04-06 09:04:00,5026.4
2019-04-06 10:04:00,5020.19
2019-04-06 11:04:00,5003.66
2019-04-06 12:04:00,4992.66
2019-04-06 13:04:00,5001.69
2019-04-06 14:04:00,5013.45
2019-04-06 15:04:00,5030.64
2019-04-06 16:04:00,5056.23
2019-04-06 17:04:00,5034.64
2019-04-06 18:04:00,5086.4
2019-04-06 19:04:00,5192.55
2019-04-06 20:04:00,5156.41
2019-04-06 21:04:00,5177.02
2019-04-06 22:04:00,5182.08
2019-04-06 23:04:00,5128.83
2019-04-06 24:04:00,4999.5
2019-04-07 01:04:00,5038.45
2019-04-07 02:04:00,5057.22
2019-04-07 03:04:00,5056.87
2019-04-07 04:04:00,5056.92
2019-04-07 05:04:00,5094.73
2019-04-07 06:04:00,5148.18
2019-04-07 07:04:00,5150.71
2019-04-07 08:04:00,5139.87
2019-04-07 09:04:00,5119.27
2019-04-07 10:04:00,5137.34
2019-04-07 11:04:00,5160.13
2019-04-07 12:04:00,5156.46
2019-04-07 13:04:00,5141.75
2019-04-07 14:04:00,5127.43
2019-04-07 15:04:00,5153.07
2019-04-07 16:04:00,5155.55
2019-04-07 17:04:00,5151.2
2019-04-07 18:04:00,5140.2
2019-04-07 19:04:00,5100.38
2019-04-07 20:04:00,5137.55
2019-04-07 21:04:00,5124.73
2019-04-07 22:04:00,5150.22
2019-04-07 23:04:00,5175.18
2019-04-07 24:04:00,5171.52
2019-04-08 01:04:00,5208.83
2019-04-08 02:04:00,5198.17
2019-04-08 03:04:00,5243.19
2019-04-08 04:04:00,5296.18
2019-04-08 05:04:00,5325
2019-04-08 06:04:00,5268.07
2019-04-08 07:04:00,5287.9
2019-04-08 08:04:00,5285.64
2019-04-08 09:04:00,5271.6
2019-04-08 10:04:00,5238.51
2019-04-08 11:04:00,5227.84
2019-04-08 12:04:00,5242.62
2019-04-08 13:04:00,5234.3
2019-04-08 14:04:00,5177.29
2019-04-08 15:04:00,5178.56
2019-04-08 16:04:00,5198.73
2019-04-08 17:04:00,5218.82
2019-04-08 18:04:00,5244.25
2019-04-08 19:04:00,5227.62
2019-04-08 20:04:00,5207.45
2019-04-08 21:04:00,5235.35
2019-04-08 22:04:00,5243.01
2019-04-08 23:04:00,5246.84
2019-04-08 24:04:00,5277.47
2019-04-09 01:04:00,5295.58
2019-04-09 02:04:00,5275.17
2019-04-09 03:04:00,5269.17
2019-04-09 04:04:00,5259.24
2019-04-09 05:04:00,5274.22
2019-04-09 06:04:00,5252.38
2019-04-09 07:04:00,5235.76
2019-04-09 08:04:00,5198.28
2019-04-09 09:04:00,5230.96
2019-04-09 10:04:00,5227.36
2019-04-09 11:04:00,5221.09
2019-04-09 12:04:00,5209.54
2019-04-09 13:04:00,5181.45
2019-04-09 14:04:00,5210.21
2019-04-09 15:04:00,5205.66
2019-04-09 16:04:00,5228.41
2019-04-09 17:04:00,5208.5
2019-04-09 18:04:00,5216.33
2019-04-09 19:04:00,5232.77
2019-04-09 20:04:00,5231.98
2019-04-09 21:04:00,5224.69
2019-04-09 22:04:00,5224.85
2019-04-09 23:04:00,5233.27
2019-04-09 24:04:00,5233.65
2019-04-10 01:04:00,5197.96
2019-04-10 02:04:00,5208.4
2019-04-10 03:04:00,5206.58
2019-04-10 04:04:00,5235.29
2019-04-10 05:04:00,5239.3
2019-04-10 06:04:00,5242.84
2019-04-10 07:04:00,5239.09
2019-04-10 08:04:00,5256.71
2019-04-10 09:04:00,5270.08
2019-04-10 10:04:00,5256.21
2019-04-10 11:04:00,5265.77
2019-04-10 12:04:00,5245.95
2019-04-10 13:04:00,5256.74
2019-04-10 14:04:00,5261.89
2019-04-10 15:04:00,5272.86
2019-04-10 16:04:00,5283.28
2019-04-10 17:04:00,5276.89
2019-04-10 18:04:00,5270.37
2019-04-10 19:04:00,5287.53
2019-04-10 20:04:00,5308.3
2019-04-10 21:04:00,5407.97
2019-04-10 22:04:00,5418.09
2019-04-10 23:04:00,5301.55
2019-04-10 24:04:00,5296.17
2019-04-11 01:04:00,5290.58
2019-04-11 02:04:00,5319.99
2019-04-11 03:04:00,5319.29
2019-04-11 04:04:00,5310.53
2019-04-11 05:04:00,5312.99
2019-04-11 06:04:00,5189.35
2019-04-11 07:04:00,5203.11
2019-04-11 08:04:00,5209.65
2019-04-11 09:04:00,5217.27
2019-04-11 10:04:00,5213.06
2019-04-11 11:04:00,5175.52
2019-04-11 12:04:00,5087.54
2019-04-11 13:04:00,5081.41
2019-04-11 14:04:00,5032.32
2019-04-11 15:04:00,5041.76
2019-04-11 16:04:00,5057
2019-04-11 17:04:00,5038.13
2019-04-11 18:04:00,5057.77
2019-04-11 19:04:00,5043.81
2019-04-11 20:04:00,5048.1
2019-04-11 21:04:00,5073.53
2019-04-11 22:04:00,5070.61
2019-04-11 23:04:00,5064.87
2019-04-11 24:04:00,5046.84
2019-04-12 01:04:00,5030.02
2019-04-12 02:04:00,5068.62
2019-04-12 03:04:00,5047.77
2019-04-12 04:04:00,4966.74
2019-04-12 05:04:00,4999.94
2019-04-12 06:04:00,5012.62
2019-04-12 07:04:00,5037.76
2019-04-12 08:04:00,5030.35
2019-04-12 09:04:00,5035.6
2019-04-12 10:04:00,5049.12
2019-04-12 11:04:00,5023.46
2019-04-12 12:04:00,5009.97
2019-04-12 13:04:00,5067.56
2019-04-12 14:04:00,5084.08
2019-04-12 15:04:00,5063.91
2019-04-12 16:04:00,5080.62
2019-04-12 17:04:00,5071.05
2019-04-12 18:04:00,5071.73
2019-04-12 19:04:00,5090.94
2019-04-12 20:04:00,5091.06
2019-04-12 21:04:00,5075.27
2019-04-12 22:04:00,5077.3
2019-04-12 23:04:00,5050.31
2019-04-12 24:04:00,5065.83
2019-04-13 01:04:00,5094.96
2019-04-13 02:04:00,5087.13
2019-04-13 03:04:00,5074.62
2019-04-13 04:04:00,5085.52
2019-04-13 05:04:00,5102.05
2019-04-13 06:04:00,5122.86
2019-04-13 07:04:00,5127.96
2019-04-13 08:04:00,5126.01
2019-04-13 09:04:00,5135.77
2019-04-13 10:04:00,5111.4
2019-04-13 11:04:00,5076.85
2019-04-13 12:04:00,5066.2
2019-04-13 13:04:00,5072.05
2019-04-13 14:04:00,5074.35
2019-04-13 15:04:00,5083.5
2019-04-13 16:04:00,5071.21
2019-04-13 17:04:00,5080.78
2019-04-13 18:04:00,5118.94
2019-04-13 19:04:00,5094.42
2019-04-13 20:04:00,5098.91
2019-04-13 21:04:00,5102.39
2019-04-13 22:04:00,5093.89
2019-04-13 23:04:00,5090.85
2019-04-13 24:04:00,5073.19
2019-04-14 01:04:00,5078.84
2019-04-14 02:04:00,5086.76
2019-04-14 03:04:00,5102.11
2019-04-14 04:04:00,5093.16
2019-04-14 05:04:00,5080.44
2019-04-14 06:04:00,5071.46
2019-04-14 07:04:00,5063.54
2019-04-14 08:04:00,5046.41
2019-04-14 09:04:00,5046.35
2019-04-14 10:04:00,5070.47
2019-04-14 11:04:00,5067.08
2019-04-14 12:04:00,5045.49
2019-04-14 13:04:00,5073.33
2019-04-14 14:04:00,5091.27
2019-04-14 15:04:00,5079.72
2019-04-14 16:04:00,5094.47
2019-04-14 17:04:00,5088.06
2019-04-14 18:04:00,5095.22
2019-04-14 19:04:00,5104.66
2019-04-14 20:04:00,5108.55
2019-04-14 21:04:00,5105.15
2019-04-14 22:04:00,5106.06
2019-04-14 23:04:00,5099.43
2019-04-14 24:04:00,5114.32
2019-04-15 01:04:00,5164.53
2019-04-15 02:04:00,5166.65
2019-04-15 03:04:00,5169.61
2019-04-15 04:04:00,5179.86
2019-04-15 05:04:00,5178.14
2019-04-15 06:04:00,5167.95
2019-04-15 07:04:00,5183.68
2019-04-15 08:04:00,5180.7
2019-04-15 09:04:00,5172.66
2019-04-15 10:04:00,5161.94
2019-04-15 11:04:00,5154.07
2019-04-15 12:04:00,5160.71
2019-04-15 13:04:00,5154.98
2019-04-15 14:04:00,5147.35
2019-04-15 15:04:00,5146.16
2019-04-15 16:04:00,5152.61
2019-04-15 17:04:00,5167.08
2019-04-15 18:04:00,5163.11
2019-04-15 19:04:00,5152.9
2019-04-15 20:04:00,5065.98
2019-04-15 21:04:00,5052.12
2019-04-15 22:04:00,5034.05
2019-04-15 23:04:00,4998.61
2019-04-15 24:04:00,5031.75
2019-04-16 01:04:00,5048.94
2019-04-16 02:04:00,5051.47
2019-04-16 03:04:00,5042.3
2019-04-16 04:04:00,5064.77
2019-04-16 05:04:00,5054.34
2019-04-16 06:04:00,5059.98
2019-04-16 07:04:00,5064.81
2019-04-16 08:04:00,5076.73
2019-04-16 09:04:00,5082.9
2019-04-16 10:04:00,5077.46
2019-04-16 11:04:00,5084.72
2019-04-16 12:04:00,5112.43
2019-04-16 13:04:00,5074.42
2019-04-16 14:04:00,5067.14
2019-04-16 15:04:00,5062.97
2019-04-16 16:04:00,5057.54
2019-04-16 17:04:00,5046.96
2019-04-16 18:04:00,5083.45
2019-04-16 19:04:00,5092.97
2019-04-16 20:04:00,5192.08
2019-04-16 21:04:00,5203.86
2019-04-16 22:04:00,5206.54
2019-04-16 23:04:00,5196.86
2019-04-16 24:04:00,5215.83
2019-04-17 01:04:00,5210.55
2019-04-17 02:04:00,5218.13
2019-04-17 03:04:00,5254.96
2019-04-17 04:04:00,5226.56
2019-04-17 05:04:00,5239.3
2019-04-17 06:04:00,5230.67
2019-04-17 07:04:00,5240.14
2019-04-17 08:04:00,5233.05
2019-04-17 09:04:00,5231.76
2019-04-17 10:04:00,5221.63
2019-04-17 11:04:00,5215.24
2019-04-17 12:04:00,5207.87
2019-04-17 13:04:00,5223.81
2019-04-17 14:04:00,5247.99
2019-04-17 15:04:00,5224.08
2019-04-17 16:04:00,5214.21
2019-04-17 17:04:00,5206.96
2019-04-17 18:04:00,5226.1
2019-04-17 19:04:00,5211.82
2019-04-17 20:04:00,5231.64
2019-04-17 21:04:00,5222.79
2019-04-17 22:04:00,5227.23
2019-04-17 23:04:00,5245.03
2019-04-17 24:04:00,5239.25
2019-04-18 01:04:00,5236.35
2019-04-18 02:04:00,5231.78
2019-04-18 03:04:00,5242.21
2019-04-18 04:04:00,5270.56
2019-04-18 05:04:00,5269.21
2019-04-18 06:04:00,5282.19
2019-04-18 07:04:00,5288.31
2019-04-18 08:04:00,5279.38
2019-04-18 09:04:00,5267.13
2019-04-18 10:04:00,5279.63
2019-04-18 11:04:00,5254.79
2019-04-18 12:04:00,5256.11
2019-04-18 13:04:00,5259.47
2019-04-18 14:04:00,5243.4
2019-04-18 15:04:00,5254.47
2019-04-18 16:04:00,5270.12
2019-04-18 17:04:00,5258.65
2019-04-18 18:04:00,5266.62
2019-04-18 19:04:00,5259.07
2019-04-18 20:04:00,5285.77
2019-04-18 21:04:00,5278.27
2019-04-18 22:04:00,5297.17
2019-04-18 23:04:00,5304.09
2019-04-18 24:04:00,5305.12
2019-04-19 01:04:00,5302.84
2019-04-19 02:04:00,5280.32
2019-04-19 03:04:00,5278.64
2019-04-19 04:04:00,5237.32
2019-04-19 05:04:00,5228.97
2019-04-19 06:04:00,5226.84
2019-04-19 07:04:00,5238.99
2019-04-19 08:04:00,5242.57
2019-04-19 09:04:00,5246.51
2019-04-19 10:04:00,5246.92
2019-04-19 11:04:00,5248.25
2019-04-19 12:04:00,5255.14
2019-04-19 13:04:00,5257.86
2019-04-19 14:04:00,5263.14
2019-04-19 15:04:00,5253.93
2019-04-19 16:04:00,5258.14
2019-04-19 17:04:00,5255.03
2019-04-19 18:04:00,5279.19
2019-04-19 19:04:00,5317.6
2019-04-19 20:04:00,5279.4
2019-04-19 21:04:00,5289.22
2019-04-19 22:04:00,5293.74
2019-04-19 23:04:00,5287.01
2019-04-19 24:04:00,5282.05
2019-04-20 01:04:00,5290.8
2019-04-20 02:04:00,5299.34
2019-04-20 03:04:00,5306.39
2019-04-20 04:04:00,5308.74
2019-04-20 05:04:00,5340.83
2019-04-20 06:04:00,5306.44
2019-04-20 07:04:00,5328.42
2019-04-20 08:04:00,5326.62
2019-04-20 09:04:00,5332.2
2019-04-20 10:04:00,5329.18
2019-04-20 11:04:00,5353.03
2019-04-20 12:04:00,5329.83
2019-04-20 13:04:00,5317.78
2019-04-20 14:04:00,5321.29
2019-04-20 15:04:00,5327.29
2019-04-20 16:04:00,5327.81
2019-04-20 17:04:00,5321.67
2019-04-20 18:04:00,5330.29
2019-04-20 19:04:00,5334.1
2019-04-20 20:04:00,5325.21
2019-04-20 21:04:00,5311.24
2019-04-20 22:04:00,5330.45
2019-04-20 23:04:00,5318.98
2019-04-20 24:04:00,5296.28
2019-04-21 01:04:00,5297.95
2019-04-21 02:04:00,5316.47
2019-04-21 03:04:00,5334.86
2019-04-21 04:04:00,5345.47
2019-04-21 05:04:00,5344.17
2019-04-21 06:04:00,5342.48
2019-04-21 07:04:00,5334.65
2019-04-21 08:04:00,5325.13
2019-04-21 09:04:00,5334.17
2019-04-21 10:04:00,5341.77
2019-04-21 11:04:00,5306.25
2019-04-21 12:04:00,5272.37
2019-04-21 13:04:00,5273.39
2019-04-21 14:04:00,5274.44
2019-04-21 15:04:00,5248.87
2019-04-21 16:04:00,5275.99
2019-04-21 17:04:00,5284.8
2019-04-21 18:04:00,5288.34
2019-04-21 19:04:00,5288.2
2019-04-21 20:04:00,5273.94
2019-04-21 21:04:00,5263.83
2019-04-21 22:04:00,5266.84
2019-04-21 23:04:00,5263.44
2019-04-21 24:04:00,5291.92
2019-04-22 01:04:00,5297.31
2019-04-22 02:04:00,5306.25
2019-04-22 03:04:00,5307.99
2019-04-22 04:04:00,5283.66
2019-04-22 05:04:00,5285.05
2019-04-22 06:04:00,5272.5
2019-04-22 07:04:00,5284.66
2019-04-22 08:04:00,5283.42
2019-04-22 09:04:00,5293.29
2019-04-22 10:04:00,5288.94
2019-04-22 11:04:00,5299.44
2019-04-22 12:04:00,5300.23
2019-04-22 13:04:00,5316.06
2019-04-22 14:04:00,5326.38
2019-04-22 15:04:00,5321.51
2019-04-22 16:04:00,5313.91
2019-04-22 17:04:00,5326.4
2019-04-22 18:04:00,5354.67
2019-04-22 19:04:00,5307.29
2019-04-22 20:04:00,5358.17
2019-04-22 21:04:00,5392.01
2019-04-22 22:04:00,5397.9
2019-04-22 23:04:00,5379.72
2019-04-22 24:04:00,5379.37
2019-04-23 01:04:00,5395.55
2019-04-23 02:04:00,5393.18
2019-04-23 03:04:00,5387.71
2019-04-23 04:04:00,5391.35
2019-04-23 05:04:00,5405.73
2019-04-23 06:04:00,5431.68
2019-04-23 07:04:00,5537.65
2019-04-23 08:04:00,5537.63
2019-04-23 09:04:00,5539.61
2019-04-23 10:04:00,5556.17
2019-04-23 11:04:00,5573.92
2019-04-23 12:04:00,5532.57
2019-04-23 13:04:00,5553.89
2019-04-23 14:04:00,5563.24
2019-04-23 15:04:00,5578.67
2019-04-23 16:04:00,5586.7
2019-04-23 17:04:00,5585.79
2019-04-23 18:04:00,5574.47
2019-04-23 19:04:00,5574.09
2019-04-23 20:04:00,5600.3
2019-04-23 21:04:00,5606.16
2019-04-23 22:04:00,5587.09
2019-04-23 23:04:00,5585.96
2019-04-23 24:04:00,5583.7
2019-04-24 01:04:00,5542.1
2019-04-24 02:04:00,5555.68
2019-04-24 03:04:00,5552.6
2019-04-24 04:04:00,5550.08
2019-04-24 05:04:00,5566.1
2019-04-24 06:04:00,5574.36
2019-04-24 07:04:00,5606.51
2019-04-24 08:04:00,5622.74
2019-04-24 09:04:00,5619.36
2019-04-24 10:04:00,5507.78
2019-04-24 11:04:00,5478.37
2019-04-24 12:04:00,5487.18
2019-04-24 13:04:00,5456.13
2019-04-24 14:04:00,5436.83
2019-04-24 15:04:00,5467.49
2019-04-24 16:04:00,5473.63
2019-04-24 17:04:00,5460.12
2019-04-24 18:04:00,5475.81
2019-04-24 19:04:00,5451.73
2019-04-24 20:04:00,5436.65
2019-04-24 21:04:00,5408.52
2019-04-24 22:04:00,5431.2
2019-04-24 23:04:00,5442.84
2019-04-24 24:04:00,5442.74
2019-04-25 01:04:00,5448.49
2019-04-25 02:04:00,5445.6
2019-04-25 03:04:00,5457.94
2019-04-25 04:04:00,5465.29
2019-04-25 05:04:00,5451.79
2019-04-25 06:04:00,5440.42
2019-04-25 07:04:00,5448.53
2019-04-25 08:04:00,5434.38
2019-04-25 09:04:00,5418.7
2019-04-25 10:04:00,5431.19
2019-04-25 11:04:00,5432.96
2019-04-25 12:04:00,5412.16
2019-04-25 13:04:00,5455.34
2019-04-25 14:04:00,5453.96
2019-04-25 15:04:00,5469.92
2019-04-25 16:04:00,5460.21
2019-04-25 17:04:00,5461.42
2019-04-25 18:04:00,5478.64
2019-04-25 19:04:00,5279.92
2019-04-25 20:04:00,5498.85
2019-04-25 21:04:00,5511.41
2019-04-25 22:04:00,5513.07
2019-04-25 23:04:00,5492.51
2019-04-25 24:04:00,5447.12
2019-04-26 01:04:00,5158.53
2019-04-26 02:04:00,5152.2
2019-04-26 03:04:00,5149.72
2019-04-26 04:04:00,5195.09
2019-04-26 05:04:00,5279.84
2019-04-26 06:04:00,5294.76
2019-04-26 07:04:00,5262.96
2019-04-26 08:04:00,5299.18
2019-04-26 09:04:00,5219.54
2019-04-26 10:04:00,5270.18
2019-04-26 11:04:00,5276.03
2019-04-26 12:04:00,5245.98
2019-04-26 13:04:00,5262.85
2019-04-26 14:04:00,5237.89
2019-04-26 15:04:00,5259.18
2019-04-26 16:04:00,5200.37
2019-04-26 17:04:00,5204.47
2019-04-26 18:04:00,5209.54
2019-04-26 19:04:00,5147.25
2019-04-26 20:04:00,5209.45
2019-04-26 21:04:00,5160.77
2019-04-26 22:04:00,5146.4
2019-04-26 23:04:00,5161.85
2019-04-26 24:04:00,5183.78
2019-04-27 01:04:00,5272.51
2019-04-27 02:04:00,5218.47
2019-04-27 03:04:00,5236.45
2019-04-27 04:04:00,5186.38
2019-04-27 05:04:00,5208.26
2019-04-27 06:04:00,5194.15
2019-04-27 07:04:00,5168.9
2019-04-27 08:04:00,5181.77
2019-04-27 09:04:00,5237.43
2019-04-27 10:04:00,5211.69
2019-04-27 11:04:00,5246.54
2019-04-27 12:04:00,5299.45
2019-04-27 13:04:00,5266.62
2019-04-27 14:04:00,5210
2019-04-27 15:04:00,5204.28
2019-04-27 16:04:00,5211.85
2019-04-27 17:04:00,5220.37
2019-04-27 18:04:00,5196.3
2019-04-27 19:04:00,5231.4
2019-04-27 20:04:00,5243.13
2019-04-27 21:04:00,5238.43
2019-04-27 22:04:00,5260.25
2019-04-27 23:04:00,5234.62
2019-04-27 24:04:00,5247.73
2019-04-28 01:04:00,5274.16
2019-04-28 02:04:00,5256.53
2019-04-28 03:04:00,5267.08
2019-04-28 04:04:00,5257.58
2019-04-28 05:04:00,5209.09
2019-04-28 06:04:00,5247.36
2019-04-28 07:04:00,5233.46
2019-04-28 08:04:00,5271.34
2019-04-28 09:04:00,5248.35
2019-04-28 10:04:00,5349.1
2019-04-28 11:04:00,5296.5
2019-04-28 12:04:00,5259.2
2019-04-28 13:04:00,5407.32
2019-04-28 14:04:00,5342.03
2019-04-28 15:04:00,5313.81
2019-04-28 16:04:00,5269.34
2019-04-28 17:04:00,5291.2
2019-04-28 18:04:00,5369.57
2019-04-28 19:04:00,5316.45
2019-04-28 20:04:00,5312.46
2019-04-28 21:04:00,5274.12
2019-04-28 22:04:00,5204.44
2019-04-28 23:04:00,5256.49
2019-04-28 24:04:00,5186.43
2019-04-29 01:04:00,5207.09
2019-04-29 02:04:00,5224.49
2019-04-29 03:04:00,5216.9
2019-04-29 04:04:00,5220.7
2019-04-29 05:04:00,5233.39
2019-04-29 06:04:00,5240.3
2019-04-29 07:04:00,5260.41
2019-04-29 08:04:00,5294.35
2019-04-29 09:04:00,5295.41
2019-04-29 10:04:00,5265.83
2019-04-29 11:04:00,5241.17
2019-04-29 12:04:00,5305.35
2019-04-29 13:04:00,5206.14
2019-04-29 14:04:00,5216.47
2019-04-29 15:04:00,5192.1
2019-04-29 16:04:00,5201.45
2019-04-29 17:04:00,5219.81
2019-04-29 18:04:00,5184.59
2019-04-29 19:04:00,5240.41
2019-04-29 20:04:00,5219.91
2019-04-29 21:04:00,5217.61
2019-04-29 22:04:00,5240.61
2019-04-29 23:04:00,5222.42
2019-04-29 24:04:00,5231.96
2019-04-30 01:04:00,5243.36
2019-04-30 02:04:00,5306.26
2019-04-30 03:04:00,5254.9
2019-04-30 04:04:00,5286.18
2019-04-30 05:04:00,5287.25
2019-04-30 06:04:00,5257.58
2019-04-30 07:04:00,5202.21
2019-04-30 08:04:00,5214.14
2019-04-30 09:04:00,5222.59
2019-04-30 10:04:00,5206.26
2019-04-30 11:04:00,5225.7
2019-04-30 12:04:00,5283.96
2019-04-30 13:04:00,5270.96
2019-04-30 14:04:00,5245.11
2019-04-30 15:04:00,5273.35
2019-04-30 16:04:00,5347.73
2019-04-30 17:04:00,5318.82
2019-04-30 18:04:00,5367.95
2019-04-30 19:04:00,5339.79
2019-04-30 20:04:00,5273.52
2019-04-30 21:04:00,5284.64
2019-04-30 22:04:00,5311.18
2019-04-30 23:04:00,5302.96
2019-04-30 24:04:00,5296.75
2019-05-01 01:05:00,5346.77
2019-05-01 02:05:00,5357.38
2019-05-01 03:05:00,5378.53
2019-05-01 04:05:00,5351.03
2019-05-01 05:05:00,5413.58
2019-05-01 06:05:00,5393.7
2019-05-01 07:05:00,5402.01
2019-05-01 08:05:00,5377.86
2019-05-01 09:05:00,5430.35
2019-05-01 10:05:00,5426.65
2019-05-01 11:05:00,5404.33
2019-05-01 12:05:00,5344.01
2019-05-01 13:05:00,5392.65
2019-05-01 14:05:00,5412.39
2019-05-01 15:05:00,5407.92
2019-05-01 16:05:00,5336.41
2019-05-01 17:05:00,5340.23
2019-05-01 18:05:00,5328.1
2019-05-01 19:05:00,5389.99
2019-05-01 20:05:00,5384.18
2019-05-01 21:05:00,5357.77
2019-05-01 22:05:00,5331
2019-05-01 23:05:00,5340.27
2019-05-01 24:05:00,5350.98
2019-05-02 01:05:00,5368.36
2019-05-02 02:05:00,5368.73
2019-05-02 03:05:00,5404.47
2019-05-02 04:05:00,5522.3
2019-05-02 05:05:00,5466.72
2019-05-02 06:05:00,5475.57
2019-05-02 07:05:00,5406.02
2019-05-02 08:05:00,5358.55
2019-05-02 09:05:00,5404.16
2019-05-02 10:05:00,5542.29
2019-05-02 11:05:00,5449.28
2019-05-02 12:05:00,5494.15
2019-05-02 13:05:00,5454.34
2019-05-02 14:05:00,5413.13
2019-05-02 15:05:00,5581.13
2019-05-02 16:05:00,5452.73
2019-05-02 17:05:00,5424.83
2019-05-02 18:05:00,5485.48
2019-05-02 19:05:00,5438.39
2019-05-02 20:05:00,5418.53
2019-05-02 21:05:00,5444.1
2019-05-02 22:05:00,5442.96
2019-05-02 23:05:00,5457.45
2019-05-02 24:05:00,5505.73
2019-05-03 01:05:00,5538.31
2019-05-03 02:05:00,5554.63
2019-05-03 03:05:00,5586.73
2019-05-03 04:05:00,5571.55
2019-05-03 05:05:00,5619.6
2019-05-03 06:05:00,5575.77
2019-05-03 07:05:00,5546.2
2019-05-03 08:05:00,5561.4
2019-05-03 09:05:00,5619.38
2019-05-03 10:05:00,5659.47
2019-05-03 11:05:00,5733.03
2019-05-03 12:05:00,5829.25
2019-05-03 13:05:00,5766.81
2019-05-03 14:05:00,5749.18
2019-05-03 15:05:00,5785.34
2019-05-03 16:05:00,5857.18
2019-05-03 17:05:00,5854
2019-05-03 18:05:00,5754.41
2019-05-03 19:05:00,5841.73
2019-05-03 20:05:00,5722.13
2019-05-03 21:05:00,5724.15
2019-05-03 22:05:00,5730.06
2019-05-03 23:05:00,5740.68
2019-05-03 24:05:00,5772.5
2019-05-04 01:05:00,5721.07
2019-05-04 02:05:00,5737.82
2019-05-04 03:05:00,5781.89
2019-05-04 04:05:00,5830.95
2019-05-04 05:05:00,5850.62
2019-05-04 06:05:00,5796.61
2019-05-04 07:05:00,5779.52
2019-05-04 08:05:00,5784.27
2019-05-04 09:05:00,5809.49
2019-05-04 10:05:00,5840.36
2019-05-04 11:05:00,5865.71
2019-05-04 12:05:00,5834.08
2019-05-04 13:05:00,5774.41
2019-05-04 14:05:00,5814.72
2019-05-04 15:05:00,5792.02
2019-05-04 16:05:00,5692.68
2019-05-04 17:05:00,5624.87
2019-05-04 18:05:00,5634.35
2019-05-04 19:05:00,5664.49
2019-05-04 20:05:00,5616.74
2019-05-04 21:05:00,5614.13
2019-05-04 22:05:00,5651.37
2019-05-04 23:05:00,5717.28
2019-05-04 24:05:00,5845.23
2019-05-05 01:05:00,5862.46
2019-05-05 02:05:00,5881.04
2019-05-05 03:05:00,5804.89
2019-05-05 04:05:00,5807.02
2019-05-05 05:05:00,5811.52
2019-05-05 06:05:00,5809.94
2019-05-05 07:05:00,5763.97
2019-05-05 08:05:00,5857.03
2019-05-05 09:05:00,5864.72
2019-05-05 10:05:00,5767.75
2019-05-05 11:05:00,5835.18
2019-05-05 12:05:00,5769.28
2019-05-05 13:05:00,5757.38
2019-05-05 14:05:00,5825.18
2019-05-05 15:05:00,5811.68
2019-05-05 16:05:00,5770.76
2019-05-05 17:05:00,5775.94
2019-05-05 18:05:00,5839.43
2019-05-05 19:05:00,5787.51
2019-05-05 20:05:00,5748.52
2019-05-05 21:05:00,5725.42
2019-05-05 22:05:00,5787.38
2019-05-05 23:05:00,5789.96
2019-05-05 24:05:00,5850.67
2019-05-06 01:05:00,5825.28
2019-05-06 02:05:00,5801.93
2019-05-06 03:05:00,5759.3
2019-05-06 04:05:00,5654.74
2019-05-06 05:05:00,5700.2
2019-05-06 06:05:00,5730.27
2019-05-06 07:05:00,5730.27
2019-05-06 08:05:00,5736.1
2019-05-06 09:05:00,5692.82
2019-05-06 10:05:00,5653
2019-05-06 11:05:00,5673.75
2019-05-06 12:05:00,5662.19
2019-05-06 13:05:00,5695.7
2019-05-06 14:05:00,5777.25
2019-05-06 15:05:00,5744.6
2019-05-06 16:05:00,5700.09
2019-05-06 17:05:00,5728.26
2019-05-06 18:05:00,5716.73
2019-05-06 19:05:00,5747.22
2019-05-06 20:05:00,5767.65
2019-05-06 21:05:00,5811.76
2019-05-06 22:05:00,5783.94
2019-05-06 23:05:00,5748.57
2019-05-06 24:05:00,5712.92
2019-05-07 01:05:00,5736.31
2019-05-07 02:05:00,5772.93
2019-05-07 03:05:00,5818.61
2019-05-07 04:05:00,5816.52
2019-05-07 05:05:00,5943.13
2019-05-07 06:05:00,5971.57
2019-05-07 07:05:00,5922.39
2019-05-07 08:05:00,5980.72
2019-05-07 09:05:00,5995.5
2019-05-07 10:05:00,5936.76
2019-05-07 11:05:00,5896.6
2019-05-07 12:05:00,5943.94
2019-05-07 13:05:00,5957.73
2019-05-07 14:05:00,5982.01
2019-05-07 15:05:00,5951.3
2019-05-07 16:05:00,6013.19
2019-05-07 17:05:00,5915.99
2019-05-07 18:05:00,5894.79
2019-05-07 19:05:00,5954.31
2019-05-07 20:05:00,5985.79
2019-05-07 21:05:00,6000.57
2019-05-07 22:05:00,5874.29
2019-05-07 23:05:00,5888.3
2019-05-07 24:05:00,5895.39
2019-05-08 01:05:00,5916.77
2019-05-08 02:05:00,5873.33
2019-05-08 03:05:00,5805.49
2019-05-08 04:05:00,5816.08
2019-05-08 05:05:00,5857.78
2019-05-08 06:05:00,5860.33
2019-05-08 07:05:00,5894.95
2019-05-08 08:05:00,5919.39
2019-05-08 09:05:00,5965.07
2019-05-08 10:05:00,5931.78
2019-05-08 11:05:00,5901.35
2019-05-08 12:05:00,5878.22
2019-05-08 13:05:00,5882.82
2019-05-08 14:05:00,5916.44
2019-05-08 15:05:00,5909.47
2019-05-08 16:05:00,5915.74
2019-05-08 17:05:00,5923.03
2019-05-08 18:05:00,5930.24
2019-05-08 19:05:00,5932.6
2019-05-08 20:05:00,5936.21
2019-05-08 21:05:00,5908.53
2019-05-08 22:05:00,5913.47
2019-05-08 23:05:00,5928.5
2019-05-08 24:05:00,5960.62
2019-05-09 01:05:00,5976.19
2019-05-09 02:05:00,5954.17
2019-05-09 03:05:00,6025.31
2019-05-09 04:05:00,6090.56
2019-05-09 05:05:00,6071.57
2019-05-09 06:05:00,6089.57
2019-05-09 07:05:00,6083.62
2019-05-09 08:05:00,6127.2
2019-05-09 09:05:00,6126.13
2019-05-09 10:05:00,6086.14
2019-05-09 11:05:00,6127.21
2019-05-09 12:05:00,6079.84
2019-05-09 13:05:00,6118.93
2019-05-09 14:05:00,6125.87
2019-05-09 15:05:00,6026.72
2019-05-09 16:05:00,6018.63
2019-05-09 17:05:00,6016.08
2019-05-09 18:05:00,6048.08
2019-05-09 19:05:00,6077.71
2019-05-09 20:05:00,6085.61
2019-05-09 21:05:00,6078.66
2019-05-09 22:05:00,6077.04
2019-05-09 23:05:00,6104.82
2019-05-09 24:05:00,6133.19
2019-05-10 01:05:00,6164.29
2019-05-10 02:05:00,6163.89
2019-05-10 03:05:00,6188.14
2019-05-10 04:05:00,6166.44
2019-05-10 05:05:00,6228.45
2019-05-10 06:05:00,6292.15
2019-05-10 07:05:00,6268.43
2019-05-10 08:05:00,6294.2
2019-05-10 09:05:00,6294.37
2019-05-10 10:05:00,6327.31
2019-05-10 11:05:00,6319.07
2019-05-10 12:05:00,6300.83
2019-05-10 13:05:00,6302.36
2019-05-10 14:05:00,6308.46
2019-05-10 15:05:00,6277.83
2019-05-10 16:05:00,6287.1
2019-05-10 17:05:00,6266.65
2019-05-10 18:05:00,6304.11
2019-05-10 19:05:00,6395.07
2019-05-10 20:05:00,6397.37
2019-05-10 21:05:00,6413.26
2019-05-10 22:05:00,6408.93
2019-05-10 23:05:00,6321.06
2019-05-10 24:05:00,6319.76
2019-05-11 01:05:00,6373.86
2019-05-11 02:05:00,6360.48
2019-05-11 03:05:00,6370.83
2019-05-11 04:05:00,6448.94
2019-05-11 05:05:00,6499.79
2019-05-11 06:05:00,6560.56
2019-05-11 07:05:00,6661.79
2019-05-11 08:05:00,6703.13
2019-05-11 09:05:00,6829.53
2019-05-11 10:05:00,6819.56
2019-05-11 11:05:00,6747.58
2019-05-11 12:05:00,6755.8
2019-05-11 13:05:00,6814.86
2019-05-11 14:05:00,6804.73
2019-05-11 15:05:00,6747.81
2019-05-11 16:05:00,6804.26
2019-05-11 17:05:00,6795.48
2019-05-11 18:05:00,6862.58
2019-05-11 19:05:00,6945.48
2019-05-11 20:05:00,6933.17
2019-05-11 21:05:00,6972.43
2019-05-11 22:05:00,6920.91
2019-05-11 23:05:00,6946.51
2019-05-11 24:05:00,6994.64
2019-05-12 01:05:00,7165.15
2019-05-12 02:05:00,7313.7
2019-05-12 03:05:00,7118.7
2019-05-12 04:05:00,7136.51
2019-05-12 05:05:00,7207.02
2019-05-12 06:05:00,7159.5
2019-05-12 07:05:00,7192.98
2019-05-12 08:05:00,7290.75
2019-05-12 09:05:00,7353.01
2019-05-12 10:05:00,7462.84
2019-05-12 11:05:00,7350.57
2019-05-12 12:05:00,7412.03
2019-05-12 13:05:00,7327.63
2019-05-12 14:05:00,7136.07
2019-05-12 15:05:00,7106.19
2019-05-12 16:05:00,7181.82
2019-05-12 17:05:00,7035.81
2019-05-12 18:05:00,6889.58
2019-05-12 19:05:00,6906.41
2019-05-12 20:05:00,6917.31
2019-05-12 21:05:00,7023.59
2019-05-12 22:05:00,7015.48
2019-05-12 23:05:00,7098.78
2019-05-12 24:05:00,7108.89
2019-05-13 01:05:00,6988.59
2019-05-13 02:05:00,6922.81
2019-05-13 03:05:00,6944.62
2019-05-13 04:05:00,7041.77
2019-05-13 05:05:00,7007.01
2019-05-13 06:05:00,7033.48
2019-05-13 07:05:00,7033.32
2019-05-13 08:05:00,7098.51
2019-05-13 09:05:00,7040.16
2019-05-13 10:05:00,7019.6
2019-05-13 11:05:00,7035.14
2019-05-13 12:05:00,7078.17
2019-05-13 13:05:00,7075.71
2019-05-13 14:05:00,7222.47
2019-05-13 15:05:00,7297.7
2019-05-13 16:05:00,7363.33
2019-05-13 17:05:00,7442.78
2019-05-13 18:05:00,7737.44
2019-05-13 19:05:00,7845.16
2019-05-13 20:05:00,7830.47
2019-05-13 21:05:00,7826.81
2019-05-13 22:05:00,7879.79
2019-05-13 23:05:00,7856.46
2019-05-13 24:05:00,8007.67
2019-05-14 01:05:00,8013.19
2019-05-14 02:05:00,7755.26
2019-05-14 03:05:00,7896.43
2019-05-14 04:05:00,7975.02
2019-05-14 05:05:00,7911.81
2019-05-14 06:05:00,7913.14
2019-05-14 07:05:00,7988.89
2019-05-14 08:05:00,8002.92
2019-05-14 09:05:00,8000.73
2019-05-14 10:05:00,8153.68
2019-05-14 11:05:00,8110.41
2019-05-14 12:05:00,8069.82
2019-05-14 13:05:00,7993.24
2019-05-14 14:05:00,8044.14
2019-05-14 15:05:00,8148.12
2019-05-14 16:05:00,8134.33
2019-05-14 17:05:00,8050.42
2019-05-14 18:05:00,8019.75
2019-05-14 19:05:00,7876.28
2019-05-14 20:05:00,7996.67
2019-05-14 21:05:00,7905.98
2019-05-14 22:05:00,7767.34
2019-05-14 23:05:00,7761.36
2019-05-14 24:05:00,7736.12
2019-05-15 01:05:00,7890.86
2019-05-15 02:05:00,7951.89
2019-05-15 03:05:00,8048.88
2019-05-15 04:05:00,8030.47
2019-05-15 05:05:00,8015.78
2019-05-15 06:05:00,8063.46
2019-05-15 07:05:00,8013.31
2019-05-15 08:05:00,8021.2
2019-05-15 09:05:00,8009.47
2019-05-15 10:05:00,7913.58
2019-05-15 11:05:00,7918.59
2019-05-15 12:05:00,7992.73
2019-05-15 13:05:00,8099.59
2019-05-15 14:05:00,8020.22
2019-05-15 15:05:00,7958.64
2019-05-15 16:05:00,7958.89
2019-05-15 17:05:00,7962.28
2019-05-15 18:05:00,7985.48
2019-05-15 19:05:00,7998.9
2019-05-15 20:05:00,8068.16
2019-05-15 21:05:00,8150.8
2019-05-15 22:05:00,8166.75
2019-05-15 23:05:00,8177.73
2019-05-15 24:05:00,8128.68
2019-05-16 01:05:00,8170
2019-05-16 02:05:00,8204.16
2019-05-16 03:05:00,8266.13
2019-05-16 04:05:00,8304.88
2019-05-16 05:05:00,8284.76
2019-05-16 06:05:00,8243.98
2019-05-16 07:05:00,8010.3
2019-05-16 08:05:00,7983.68
2019-05-16 09:05:00,8034.45
2019-05-16 10:05:00,8040.93
2019-05-16 11:05:00,8002.92
2019-05-16 12:05:00,8001.93
2019-05-16 13:05:00,7846.2
2019-05-16 14:05:00,7886.96
2019-05-16 15:05:00,7849.24
2019-05-16 16:05:00,7838.52
2019-05-16 17:05:00,7941.36
2019-05-16 18:05:00,7983.09
2019-05-16 19:05:00,7971.25
2019-05-16 20:05:00,7909.56
2019-05-16 21:05:00,7922.42
2019-05-16 22:05:00,7836.39
2019-05-16 23:05:00,7806.12
2019-05-16 24:05:00,7831.29
2019-05-17 01:05:00,7900.81
2019-05-17 02:05:00,7851.76
2019-05-17 03:05:00,7901.51
2019-05-17 04:05:00,7807.77
2019-05-17 05:05:00,7640.6
2019-05-17 06:05:00,7151.31
2019-05-17 07:05:00,7334.04
2019-05-17 08:05:00,7245.22
2019-05-17 09:05:00,7186.23
2019-05-17 10:05:00,7304.04
2019-05-17 11:05:00,7291.21
2019-05-17 12:05:00,7288.81
2019-05-17 13:05:00,7223.91
2019-05-17 14:05:00,7166.67
2019-05-17 15:05:00,7036.08
2019-05-17 16:05:00,7136.11
2019-05-17 17:05:00,7227.73
2019-05-17 18:05:00,7156.03
2019-05-17 19:05:00,7121.1
2019-05-17 20:05:00,7065.99
2019-05-17 21:05:00,7070.94
2019-05-17 22:05:00,7099.39
2019-05-17 23:05:00,7101.85
2019-05-17 24:05:00,7222.45
2019-05-18 01:05:00,7288.78
2019-05-18 02:05:00,7339.65
2019-05-18 03:05:00,7378.44
2019-05-18 04:05:00,7302.77
2019-05-18 05:05:00,7311.59
2019-05-18 06:05:00,7357.21
2019-05-18 07:05:00,7382.24
2019-05-18 08:05:00,7449.38
2019-05-18 09:05:00,7411.43
2019-05-18 10:05:00,7336.17
2019-05-18 11:05:00,7362.25
2019-05-18 12:05:00,7277.47
2019-05-18 13:05:00,7299.42
2019-05-18 14:05:00,7339.67
2019-05-18 15:05:00,7335.42
2019-05-18 16:05:00,7319.59
2019-05-18 17:05:00,7363.68
2019-05-18 18:05:00,7393.12
2019-05-18 19:05:00,7357.98
2019-05-18 20:05:00,7292.3
2019-05-18 21:05:00,7262.59
2019-05-18 22:05:00,7284.49
2019-05-18 23:05:00,7275.11
2019-05-18 24:05:00,7338.07
2019-05-19 01:05:00,7310.09
2019-05-19 02:05:00,7285.54
2019-05-19 03:05:00,7298.24
2019-05-19 04:05:00,7530.3
2019-05-19 05:05:00,7744.77
2019-05-19 06:05:00,7852.86
2019-05-19 07:05:00,7929.8
2019-05-19 08:05:00,7951.47
2019-05-19 09:05:00,7942.68
2019-05-19 10:05:00,7962.72
2019-05-19 11:05:00,7950.35
2019-05-19 12:05:00,8018.69
2019-05-19 13:05:00,8085.5
2019-05-19 14:05:00,8030.41
2019-05-19 15:05:00,7915.3
2019-05-19 16:05:00,7919.24
2019-05-19 17:05:00,7925.63
2019-05-19 18:05:00,7947.25
2019-05-19 19:05:00,7932.18
2019-05-19 20:05:00,7981.14
2019-05-19 21:05:00,7978.68
2019-05-19 22:05:00,8017.21
2019-05-19 23:05:00,7963.32
2019-05-19 24:05:00,8061.25
2019-05-20 01:05:00,8162.06
2019-05-20 02:05:00,8238.88
2019-05-20 03:05:00,8004.83
2019-05-20 04:05:00,7937.76
2019-05-20 05:05:00,7921.4
2019-05-20 06:05:00,8017.82
2019-05-20 07:05:00,8073.7
2019-05-20 08:05:00,7991.72
2019-05-20 09:05:00,7919.11
2019-05-20 10:05:00,7927.58
2019-05-20 11:05:00,7840.21
2019-05-20 12:05:00,7889.86
2019-05-20 13:05:00,7926.77
2019-05-20 14:05:00,7884.33
2019-05-20 15:05:00,7777.42
2019-05-20 16:05:00,7680.59
2019-05-20 17:05:00,7763.52
2019-05-20 18:05:00,7808.78
2019-05-20 19:05:00,7854.32
2019-05-20 20:05:00,7808.1
2019-05-20 21:05:00,7736.97
2019-05-20 22:05:00,7814.72
2019-05-20 23:05:00,7903.25
2019-05-20 24:05:00,8068.14
2019-05-21 01:05:00,8002.53
2019-05-21 02:05:00,7964.16
2019-05-21 03:05:00,7979.22
2019-05-21 04:05:00,7941.14
2019-05-21 05:05:00,7883.3
2019-05-21 06:05:00,7933.5
2019-05-21 07:05:00,7900.02
2019-05-21 08:05:00,7880.97
2019-05-21 09:05:00,7919.43
2019-05-21 10:05:00,7946.3
2019-05-21 11:05:00,7942.55
2019-05-21 12:05:00,7988.86
2019-05-21 13:05:00,7935.31
2019-05-21 14:05:00,7846.16
2019-05-21 15:05:00,7870.71
2019-05-21 16:05:00,7933.49
2019-05-21 17:05:00,7921.03
2019-05-21 18:05:00,7938.56
2019-05-21 19:05:00,7922.49
2019-05-21 20:05:00,7959.93
2019-05-21 21:05:00,8022.39
2019-05-21 22:05:00,8008.03
2019-05-21 23:05:00,8056.23
2019-05-21 24:05:00,8041.8
2019-05-22 01:05:00,7943.86
2019-05-22 02:05:00,7979.42
2019-05-22 03:05:00,7987.61
2019-05-22 04:05:00,7977.74
2019-05-22 05:05:00,7944.77
2019-05-22 06:05:00,7945.23
2019-05-22 07:05:00,7903.3
2019-05-22 08:05:00,7944.99
2019-05-22 09:05:00,7938.83
2019-05-22 10:05:00,7917.54
2019-05-22 11:05:00,7936.09
2019-05-22 12:05:00,7915.45
2019-05-22 13:05:00,7894.25
2019-05-22 14:05:00,7819.1
2019-05-22 15:05:00,7840.48
2019-05-22 16:05:00,7837.41
2019-05-22 17:05:00,7869.75
2019-05-22 18:05:00,7962
2019-05-22 19:05:00,7957.09
2019-05-22 20:05:00,7909.15
2019-05-22 21:05:00,7899.34
2019-05-22 22:05:00,7905.55
2019-05-22 23:05:00,7804.32
2019-05-22 24:05:00,7725.12
2019-05-23 01:05:00,7641.35
2019-05-23 02:05:00,7671.95
2019-05-23 03:05:00,7605.24
2019-05-23 04:05:00,7631.47
2019-05-23 05:05:00,7648.77
2019-05-23 06:05:00,7648.71
2019-05-23 07:05:00,7663.89
2019-05-23 08:05:00,7619.2
2019-05-23 09:05:00,7611.73
2019-05-23 10:05:00,7618.29
2019-05-23 11:05:00,7578.08
2019-05-23 12:05:00,7524.02
2019-05-23 13:05:00,7607.01
2019-05-23 14:05:00,7628.64
2019-05-23 15:05:00,7598.97
2019-05-23 16:05:00,7669.11
2019-05-23 17:05:00,7723.1
2019-05-23 18:05:00,7781.67
2019-05-23 19:05:00,7825.4
2019-05-23 20:05:00,7804.12
2019-05-23 21:05:00,7786.11
2019-05-23 22:05:00,7760.68
2019-05-23 23:05:00,7819.56
2019-05-23 24:05:00,7891.96
2019-05-24 01:05:00,7926.66
2019-05-24 02:05:00,7888.77
2019-05-24 03:05:00,7857.64
2019-05-24 04:05:00,7898.7
2019-05-24 05:05:00,7856.2
2019-05-24 06:05:00,7858.6
2019-05-24 07:05:00,7864.6
2019-05-24 08:05:00,7818.6
2019-05-24 09:05:00,7854.32
2019-05-24 10:05:00,7882.46
2019-05-24 11:05:00,7971.74
2019-05-24 12:05:00,7968.62
2019-05-24 13:05:00,7994.44
2019-05-24 14:05:00,8026.35
2019-05-24 15:05:00,8017.59
2019-05-24 16:05:00,8004.43
2019-05-24 17:05:00,8028.75
2019-05-24 18:05:00,8108.89
2019-05-24 19:05:00,8136.83
2019-05-24 20:05:00,8069.63
2019-05-24 21:05:00,8073.84
2019-05-24 22:05:00,8036.85
2019-05-24 23:05:00,8086.07
2019-05-24 24:05:00,8093.06
2019-05-25 01:05:00,8053.26
2019-05-25 02:05:00,7979.32
2019-05-25 03:05:00,7994.56
2019-05-25 04:05:00,8028.83
2019-05-25 05:05:00,8017
2019-05-25 06:05:00,8016.85
2019-05-25 07:05:00,8006.99
2019-05-25 08:05:00,7982.74
2019-05-25 09:05:00,7976.54
2019-05-25 10:05:00,7965.22
2019-05-25 11:05:00,8008.52
2019-05-25 12:05:00,8044.75
2019-05-25 13:05:00,8088.15
2019-05-25 14:05:00,8118.04
2019-05-25 15:05:00,8076.67
2019-05-25 16:05:00,8049.38
2019-05-25 17:05:00,8053.08
2019-05-25 18:05:00,8070.61
2019-05-25 19:05:00,8047.23
2019-05-25 20:05:00,8039.4
2019-05-25 21:05:00,8064.83
2019-05-25 22:05:00,8009.93
2019-05-25 23:05:00,8033.05
2019-05-25 24:05:00,8043.78
2019-05-26 01:05:00,8038.9
2019-05-26 02:05:00,8041.07
2019-05-26 03:05:00,8045.81
2019-05-26 04:05:00,8020.71
2019-05-26 05:05:00,8016.7
2019-05-26 06:05:00,8007.69
2019-05-26 07:05:00,8007.98
2019-05-26 08:05:00,7987.68
2019-05-26 09:05:00,7973.78
2019-05-26 10:05:00,8005.32
2019-05-26 11:05:00,8009.86
2019-05-26 12:05:00,8021.23
2019-05-26 13:05:00,7961.48
2019-05-26 14:05:00,7926.1
2019-05-26 15:05:00,7958.94
2019-05-26 16:05:00,7960.82
2019-05-26 17:05:00,7983.65
2019-05-26 18:05:00,8002
2019-05-26 19:05:00,7994.19
2019-05-26 20:05:00,7997.08
2019-05-26 21:05:00,8006.66
2019-05-26 22:05:00,8340.74
2019-05-26 23:05:00,8651.54
2019-05-26 24:05:00,8608.69
2019-05-27 01:05:00,8693.47
2019-05-27 02:05:00,8718.5
2019-05-27 03:05:00,8852.05
2019-05-27 04:05:00,8876.78
2019-05-27 05:05:00,8751.21
2019-05-27 06:05:00,8761.45
2019-05-27 07:05:00,8728.66
2019-05-27 08:05:00,8723.9
2019-05-27 09:05:00,8735.57
2019-05-27 10:05:00,8780.91
2019-05-27 11:05:00,8748.21
2019-05-27 12:05:00,8751.88
2019-05-27 13:05:00,8728.48
2019-05-27 14:05:00,8704.14
2019-05-27 15:05:00,8801.99
2019-05-27 16:05:00,8818.63
2019-05-27 17:05:00,8785.72
2019-05-27 18:05:00,8857.4
2019-05-27 19:05:00,8782.1
2019-05-27 20:05:00,8717.2
2019-05-27 21:05:00,8753.24
2019-05-27 22:05:00,8800.78
2019-05-27 23:05:00,8767.32
2019-05-27 24:05:00,8756.21
2019-05-28 01:05:00,8784.41
2019-05-28 02:05:00,8821.16
2019-05-28 03:05:00,8773.59
2019-05-28 04:05:00,8777.4
2019-05-28 05:05:00,8793.56
2019-05-28 06:05:00,8766.93
2019-05-28 07:05:00,8778.88
2019-05-28 08:05:00,8741.16
2019-05-28 09:05:00,8731.67
2019-05-28 10:05:00,8642.99
2019-05-28 11:05:00,8716.02
2019-05-28 12:05:00,8723.87
2019-05-28 13:05:00,8699.52
2019-05-28 14:05:00,8720.77
2019-05-28 15:05:00,8749.88
2019-05-28 16:05:00,8639.29
2019-05-28 17:05:00,8682.97
2019-05-28 18:05:00,8695.85
2019-05-28 19:05:00,8661.12
2019-05-28 20:05:00,8734.23
2019-05-28 21:05:00,8736.44
2019-05-28 22:05:00,8705.9
2019-05-28 23:05:00,8698.83
2019-05-28 24:05:00,8675.27
2019-05-29 01:05:00,8701.97
2019-05-29 02:05:00,8704.65
2019-05-29 03:05:00,8684.01
2019-05-29 04:05:00,8672.86
2019-05-29 05:05:00,8635.8
2019-05-29 06:05:00,8638.78
2019-05-29 07:05:00,8581.11
2019-05-29 08:05:00,8516.51
2019-05-29 09:05:00,8506.81
2019-05-29 10:05:00,8556.92
2019-05-29 11:05:00,8579.38
2019-05-29 12:05:00,8589.98
2019-05-29 13:05:00,8658.2
2019-05-29 14:05:00,8651.65
2019-05-29 15:05:00,8634.64
2019-05-29 16:05:00,8714.65
2019-05-29 17:05:00,8723.34
2019-05-29 18:05:00,8710.56
2019-05-29 19:05:00,8696.65
2019-05-29 20:05:00,8702.34
2019-05-29 21:05:00,8682.36
2019-05-29 22:05:00,8698.66
2019-05-29 23:05:00,8668.13
2019-05-29 24:05:00,8668.38
2019-05-30 01:05:00,8686.99
2019-05-30 02:05:00,8652.86
2019-05-30 03:05:00,8649.36
2019-05-30 04:05:00,8647.93
2019-05-30 05:05:00,8596.49
2019-05-30 06:05:00,8648.52
2019-05-30 07:05:00,8669.83
2019-05-30 08:05:00,8731.27
2019-05-30 09:05:00,8722.63
2019-05-30 10:05:00,8702.37
2019-05-30 11:05:00,8697.37
2019-05-30 12:05:00,8694.34
2019-05-30 13:05:00,8751.28
2019-05-30 14:05:00,8734.35
2019-05-30 15:05:00,8718.51
2019-05-30 16:05:00,8727.92
2019-05-30 17:05:00,8723.46
2019-05-30 18:05:00,8845.15
2019-05-30 19:05:00,8808.29
2019-05-30 20:05:00,8609.34
2019-05-30 21:05:00,8622.49
2019-05-30 22:05:00,8615.19
2019-05-30 23:05:00,8485.42
2019-05-30 24:05:00,8220.73
2019-05-31 01:05:00,8259.5
2019-05-31 02:05:00,8263.32
2019-05-31 03:05:00,8314.73
2019-05-31 04:05:00,8342.37
2019-05-31 05:05:00,8310.53
2019-05-31 06:05:00,8249.27
2019-05-31 07:05:00,8206.1
2019-05-31 08:05:00,8174.77
2019-05-31 09:05:00,8261.7
2019-05-31 10:05:00,8277.41
2019-05-31 11:05:00,8295.98
2019-05-31 12:05:00,8301.43
2019-05-31 13:05:00,8301.85
2019-05-31 14:05:00,8234.55
2019-05-31 15:05:00,8264.29
2019-05-31 16:05:00,8383.82
2019-05-31 17:05:00,8402.62
2019-05-31 18:05:00,8373.48
2019-05-31 19:05:00,8389.86
2019-05-31 20:05:00,8412.02
2019-05-31 21:05:00,8427.91
2019-05-31 22:05:00,8416.63
2019-05-31 23:05:00,8469.74
2019-05-31 24:05:00,8536.6
2019-06-01 01:06:00,8507.79
2019-06-01 02:06:00,8548.03
2019-06-01 03:06:00,8533.5
2019-06-01 04:06:00,8550.38
2019-06-01 05:06:00,8527.71
2019-06-01 06:06:00,8547.17
2019-06-01 07:06:00,8544.27
2019-06-01 08:06:00,8513.48
2019-06-01 09:06:00,8500.96
2019-06-01 10:06:00,8537.64
2019-06-01 11:06:00,8544.87
2019-06-01 12:06:00,8586.58
2019-06-01 13:06:00,8580.77
2019-06-01 14:06:00,8561.12
2019-06-01 15:06:00,8564.91
2019-06-01 16:06:00,8537.01
2019-06-01 17:06:00,8508.91
2019-06-01 18:06:00,8520.91
2019-06-01 19:06:00,8560.87
2019-06-01 20:06:00,8540.98
2019-06-01 21:06:00,8537.27
2019-06-01 22:06:00,8523.49
2019-06-01 23:06:00,8554.55
2019-06-01 24:06:00,8583.44
2019-06-02 01:06:00,8574.03
2019-06-02 02:06:00,8564.2
2019-06-02 03:06:00,8574.62
2019-06-02 04:06:00,8582.92
2019-06-02 05:06:00,8577.26
2019-06-02 06:06:00,8574.1
2019-06-02 07:06:00,8571.18
2019-06-02 08:06:00,8580.36
2019-06-02 09:06:00,8581.02
2019-06-02 10:06:00,8669.92
2019-06-02 11:06:00,8712.77
2019-06-02 12:06:00,8725.15
2019-06-02 13:06:00,8700.67
2019-06-02 14:06:00,8734.74
2019-06-02 15:06:00,8797.64
2019-06-02 16:06:00,8699.7
2019-06-02 17:06:00,8704.23
2019-06-02 18:06:00,8710.04
2019-06-02 19:06:00,8704.21
2019-06-02 20:06:00,8685.43
2019-06-02 21:06:00,8665.99
2019-06-02 22:06:00,8672.97
2019-06-02 23:06:00,8690.23
2019-06-02 24:06:00,8698.03
2019-06-03 01:06:00,8726.7
2019-06-03 02:06:00,8744.69
2019-06-03 03:06:00,8693.72
2019-06-03 04:06:00,8654.95
2019-06-03 05:06:00,8683.81
2019-06-03 06:06:00,8684.18
2019-06-03 07:06:00,8675.37
2019-06-03 08:06:00,8600.25
2019-06-03 09:06:00,8528.74
2019-06-03 10:06:00,8440.73
2019-06-03 11:06:00,8496.06
2019-06-03 12:06:00,8458.44
2019-06-03 13:06:00,8507.2
2019-06-03 14:06:00,8514.82
2019-06-03 15:06:00,8524.42
2019-06-03 16:06:00,8472.92
2019-06-03 17:06:00,8407.34
2019-06-03 18:06:00,8404.78
2019-06-03 19:06:00,8504.09
2019-06-03 20:06:00,8492.87
2019-06-03 21:06:00,8529.71
2019-06-03 22:06:00,8552.22
2019-06-03 23:06:00,8545.01
2019-06-03 24:06:00,8499.54
2019-06-04 01:06:00,8443.3
2019-06-04 02:06:00,8191.58
2019-06-04 03:06:00,7915.31
2019-06-04 04:06:00,7989.51
2019-06-04 05:06:00,7992.72
2019-06-04 06:06:00,7968.99
2019-06-04 07:06:00,7915.23
2019-06-04 08:06:00,7961.25
2019-06-04 09:06:00,7883.97
2019-06-04 10:06:00,7831.04
2019-06-04 11:06:00,7911.73
2019-06-04 12:06:00,7943.89
2019-06-04 13:06:00,7951.29
2019-06-04 14:06:00,7921.33
2019-06-04 15:06:00,7914.56
2019-06-04 16:06:00,7981.53
2019-06-04 17:06:00,7977.14
2019-06-04 18:06:00,7962.46
2019-06-04 19:06:00,7922.42
2019-06-04 20:06:00,7714.86
2019-06-04 21:06:00,7682.02
2019-06-04 22:06:00,7605.48
2019-06-04 23:06:00,7643.22
2019-06-04 24:06:00,7593.49
2019-06-05 01:06:00,7575.5
2019-06-05 02:06:00,7660.09
2019-06-05 03:06:00,7764.55
2019-06-05 04:06:00,7769.12
2019-06-05 05:06:00,7821.7
2019-06-05 06:06:00,7826.19
2019-06-05 07:06:00,7800.22
2019-06-05 08:06:00,7795.75
2019-06-05 09:06:00,7744.91
2019-06-05 10:06:00,7807.84
2019-06-05 11:06:00,7816.37
2019-06-05 12:06:00,7823.2
2019-06-05 13:06:00,7853.57
2019-06-05 14:06:00,7836.94
2019-06-05 15:06:00,7795.35
2019-06-05 16:06:00,7781.38
2019-06-05 17:06:00,7717.19
2019-06-05 18:06:00,7659.07
2019-06-05 19:06:00,7731.31
2019-06-05 20:06:00,7796.1
2019-06-05 21:06:00,7778.89
2019-06-05 22:06:00,7818.36
2019-06-05 23:06:00,7780.09
2019-06-05 24:06:00,7700.24
2019-06-06 01:06:00,7764.39
2019-06-06 02:06:00,7809.78
2019-06-06 03:06:00,7793.96
2019-06-06 04:06:00,7836.87
2019-06-06 05:06:00,7831.98
2019-06-06 06:06:00,7851.91
2019-06-06 07:06:00,7840.92
2019-06-06 08:06:00,7798.66
2019-06-06 09:06:00,7813.64
2019-06-06 10:06:00,7799.98
2019-06-06 11:06:00,7789.39
2019-06-06 12:06:00,7810.01
2019-06-06 13:06:00,7799.55
2019-06-06 14:06:00,7836.18
2019-06-06 15:06:00,7765.82
2019-06-06 16:06:00,7706.54
2019-06-06 17:06:00,7666.62
2019-06-06 18:06:00,7703.56
2019-06-06 19:06:00,7719.72
2019-06-06 20:06:00,7662.74
2019-06-06 21:06:00,7554.93
2019-06-06 22:06:00,7589.48
2019-06-06 23:06:00,7674.65
2019-06-06 24:06:00,7728.92
2019-06-07 01:06:00,7739.32
2019-06-07 02:06:00,7772.85
2019-06-07 03:06:00,7812.77
2019-06-07 04:06:00,7792.32
2019-06-07 05:06:00,7802.31
2019-06-07 06:06:00,7816.22
2019-06-07 07:06:00,7808.76
2019-06-07 08:06:00,7808.36
2019-06-07 09:06:00,7914.28
2019-06-07 10:06:00,7969.15
2019-06-07 11:06:00,8000.18
2019-06-07 12:06:00,7976.9
2019-06-07 13:06:00,7983.22
2019-06-07 14:06:00,7953.87
2019-06-07 15:06:00,7942.29
2019-06-07 16:06:00,7959.06
2019-06-07 17:06:00,7969.4
2019-06-07 18:06:00,7944.42
2019-06-07 19:06:00,8046.95
2019-06-07 20:06:00,8093.97
2019-06-07 21:06:00,8099.8
2019-06-07 22:06:00,8018.79
2019-06-07 23:06:00,7966.86
2019-06-07 24:06:00,7923.43
2019-06-08 01:06:00,7989.04
2019-06-08 02:06:00,8035.71
2019-06-08 03:06:00,8034.77
2019-06-08 04:06:00,8019.79
2019-06-08 05:06:00,7978.12
2019-06-08 06:06:00,8006.55
2019-06-08 07:06:00,7970.85
2019-06-08 08:06:00,7998.14
2019-06-08 09:06:00,7932.7
2019-06-08 10:06:00,7936.34
2019-06-08 11:06:00,7975.86
2019-06-08 12:06:00,7986.26
2019-06-08 13:06:00,8010.62
2019-06-08 14:06:00,8012.65
2019-06-08 15:06:00,7952.42
2019-06-08 16:06:00,7956.2
2019-06-08 17:06:00,7959.64
2019-06-08 18:06:00,7916.77
2019-06-08 19:06:00,7879.96
2019-06-08 20:06:00,7827.12
2019-06-08 21:06:00,7841.07
2019-06-08 22:06:00,7851.19
2019-06-08 23:06:00,7873.89
2019-06-08 24:06:00,7903.62
2019-06-09 01:06:00,7931.72
2019-06-09 02:06:00,7970.94
2019-06-09 03:06:00,7943.99
2019-06-09 04:06:00,7919.91
2019-06-09 05:06:00,7912.71
2019-06-09 06:06:00,7898.13
2019-06-09 07:06:00,7933.47
2019-06-09 08:06:00,7945.14
2019-06-09 09:06:00,7921.72
2019-06-09 10:06:00,7910
2019-06-09 11:06:00,7939.71
2019-06-09 12:06:00,7931.37
2019-06-09 13:06:00,7905.28
2019-06-09 14:06:00,7927.22
2019-06-09 15:06:00,7790.88
2019-06-09 16:06:00,7765.9
2019-06-09 17:06:00,7753.7
2019-06-09 18:06:00,7778.97
2019-06-09 19:06:00,7673.12
2019-06-09 20:06:00,7651.18
2019-06-09 21:06:00,7684.18
2019-06-09 22:06:00,7727.38
2019-06-09 23:06:00,7760.07
2019-06-09 24:06:00,7711.47
2019-06-10 01:06:00,7565.99
2019-06-10 02:06:00,7623.52
2019-06-10 03:06:00,7590.69
2019-06-10 04:06:00,7646.05
2019-06-10 05:06:00,7644.51
2019-06-10 06:06:00,7677.04
2019-06-10 07:06:00,7656.28
2019-06-10 08:06:00,7641.93
2019-06-10 09:06:00,7706.35
2019-06-10 10:06:00,7736.85
2019-06-10 11:06:00,7747.79
2019-06-10 12:06:00,7733.01
2019-06-10 13:06:00,7696.85
2019-06-10 14:06:00,7884.52
2019-06-10 15:06:00,8014
2019-06-10 16:06:00,7961.13
2019-06-10 17:06:00,7959.97
2019-06-10 18:06:00,7926.49
2019-06-10 19:06:00,7956.03
2019-06-10 20:06:00,7940.25
2019-06-10 21:06:00,7952.43
2019-06-10 22:06:00,7983.92
2019-06-10 23:06:00,7948.73
2019-06-10 24:06:00,7942.93
2019-06-11 01:06:00,7964.47
2019-06-11 02:06:00,7987.19
2019-06-11 03:06:00,8008.7
2019-06-11 04:06:00,7980.36
2019-06-11 05:06:00,7968.22
2019-06-11 06:06:00,7962.97
2019-06-11 07:06:00,7966.48
2019-06-11 08:06:00,7953.89
2019-06-11 09:06:00,7941.79
2019-06-11 10:06:00,7933.84
2019-06-11 11:06:00,7949.89
2019-06-11 12:06:00,7952.64
2019-06-11 13:06:00,7832.91
2019-06-11 14:06:00,7785.39
2019-06-11 15:06:00,7810.66
2019-06-11 16:06:00,7817.78
2019-06-11 17:06:00,7815.86
2019-06-11 18:06:00,7797.23
2019-06-11 19:06:00,7806.31
2019-06-11 20:06:00,7884.67
2019-06-11 21:06:00,7888.83
2019-06-11 22:06:00,7885.01
2019-06-11 23:06:00,7931.48
2019-06-11 24:06:00,7929.87
2019-06-12 01:06:00,7925.11
2019-06-12 02:06:00,7918.43
2019-06-12 03:06:00,7881.01
2019-06-12 04:06:00,7861.91
2019-06-12 05:06:00,7995.68
2019-06-12 06:06:00,8027.58
2019-06-12 07:06:00,7985.62
2019-06-12 08:06:00,7970.34
2019-06-12 09:06:00,7959.15
2019-06-12 10:06:00,7986.57
2019-06-12 11:06:00,7980.07
2019-06-12 12:06:00,7938.67
2019-06-12 13:06:00,8012.95
2019-06-12 14:06:00,8001.59
2019-06-12 15:06:00,8019.37
2019-06-12 16:06:00,8006.44
2019-06-12 17:06:00,7995.74
2019-06-12 18:06:00,8174.3
2019-06-12 19:06:00,8189.09
2019-06-12 20:06:00,8151.27
2019-06-12 21:06:00,8155.57
2019-06-12 22:06:00,8159.97
2019-06-12 23:06:00,8129.4
2019-06-12 24:06:00,8139.99
2019-06-13 01:06:00,8145.37
2019-06-13 02:06:00,8147.75
2019-06-13 03:06:00,8171.33
2019-06-13 04:06:00,8139.17
2019-06-13 05:06:00,8122.59
2019-06-13 06:06:00,8102.51
2019-06-13 07:06:00,8127.46
2019-06-13 08:06:00,8131.3
2019-06-13 09:06:00,8115.72
2019-06-13 10:06:00,8136.13
2019-06-13 11:06:00,8127.17
2019-06-13 12:06:00,8112.47
2019-06-13 13:06:00,8102.7
2019-06-13 14:06:00,8114.86
2019-06-13 15:06:00,8097.83
2019-06-13 16:06:00,8158.65
2019-06-13 17:06:00,8153.41
2019-06-13 18:06:00,8208.23
2019-06-13 19:06:00,8181.77
2019-06-13 20:06:00,8190.19
2019-06-13 21:06:00,8241.06
2019-06-13 22:06:00,8259.93
2019-06-13 23:06:00,8254.31
2019-06-13 24:06:00,8307.71
2019-06-14 01:06:00,8282.71
2019-06-14 02:06:00,8238.25
2019-06-14 03:06:00,8242.25
2019-06-14 04:06:00,8200.5
2019-06-14 05:06:00,8204.26
2019-06-14 06:06:00,8207.74
2019-06-14 07:06:00,8216.92
2019-06-14 08:06:00,8241.37
2019-06-14 09:06:00,8219.31
2019-06-14 10:06:00,8243.55
2019-06-14 11:06:00,8286.47
2019-06-14 12:06:00,8279.55
2019-06-14 13:06:00,8301.79
2019-06-14 14:06:00,8287.74
2019-06-14 15:06:00,8329.34
2019-06-14 16:06:00,8401.46
2019-06-14 17:06:00,8400.53
2019-06-14 18:06:00,8435.63
2019-06-14 19:06:00,8399.92
2019-06-14 20:06:00,8379.17
2019-06-14 21:06:00,8408.1
2019-06-14 22:06:00,8427.6
2019-06-14 23:06:00,8445.03
2019-06-14 24:06:00,8579.33
2019-06-15 01:06:00,8660.24
2019-06-15 02:06:00,8689.57
2019-06-15 03:06:00,8662.73
2019-06-15 04:06:00,8639.57
2019-06-15 05:06:00,8660.78
2019-06-15 06:06:00,8640.93
2019-06-15 07:06:00,8644.31
2019-06-15 08:06:00,8677.63
2019-06-15 09:06:00,8722.2
2019-06-15 10:06:00,8675.4
2019-06-15 11:06:00,8692.26
2019-06-15 12:06:00,8674.12
2019-06-15 13:06:00,8661.81
2019-06-15 14:06:00,8659.57
2019-06-15 15:06:00,8651.11
2019-06-15 16:06:00,8641.62
2019-06-15 17:06:00,8683.48
2019-06-15 18:06:00,8771.29
2019-06-15 19:06:00,8846.05
2019-06-15 20:06:00,8820.6
2019-06-15 21:06:00,8824.38
2019-06-15 22:06:00,8848.6
2019-06-15 23:06:00,8802.67
2019-06-15 24:06:00,8782.65
2019-06-16 01:06:00,8812
2019-06-16 02:06:00,8848.25
2019-06-16 03:06:00,8808.16
2019-06-16 04:06:00,8957.17
2019-06-16 05:06:00,8980.87
2019-06-16 06:06:00,8968.58
2019-06-16 07:06:00,9042.05
2019-06-16 08:06:00,9207.93
2019-06-16 09:06:00,9292.31
2019-06-16 10:06:00,9297.25
2019-06-16 11:06:00,9159.55
2019-06-16 12:06:00,9073.51
2019-06-16 13:06:00,9107.51
2019-06-16 14:06:00,9098.45
2019-06-16 15:06:00,9089.18
2019-06-16 16:06:00,9164.52
2019-06-16 17:06:00,9272.68
2019-06-16 18:06:00,9201.31
2019-06-16 19:06:00,9190.25
2019-06-16 20:06:00,9075.71
2019-06-16 21:06:00,9056.61
2019-06-16 22:06:00,8932.97
2019-06-16 23:06:00,8893.28
2019-06-16 24:06:00,8987.94
2019-06-17 01:06:00,9037.39
2019-06-17 02:06:00,9020.45
2019-06-17 03:06:00,9119.41
2019-06-17 04:06:00,9153.5
2019-06-17 05:06:00,9125.5
2019-06-17 06:06:00,9116.75
2019-06-17 07:06:00,9201.04
2019-06-17 08:06:00,9184.84
2019-06-17 09:06:00,9150.44
2019-06-17 10:06:00,9146.02
2019-06-17 11:06:00,9181.69
2019-06-17 12:06:00,9162.61
2019-06-17 13:06:00,9235.04
2019-06-17 14:06:00,9292.5
2019-06-17 15:06:00,9302.15
2019-06-17 16:06:00,9280.42
2019-06-17 17:06:00,9348.31
2019-06-17 18:06:00,9243.55
2019-06-17 19:06:00,9201.99
2019-06-17 20:06:00,9248.21
2019-06-17 21:06:00,9275.84
2019-06-17 22:06:00,9310.11
2019-06-17 23:06:00,9293.75
2019-06-17 24:06:00,9249.88
2019-06-18 01:06:00,9327.45
2019-06-18 02:06:00,9374.33
2019-06-18 03:06:00,9308.23
2019-06-18 04:06:00,9284.36
2019-06-18 05:06:00,9268.26
2019-06-18 06:06:00,9236.27
2019-06-18 07:06:00,9258.53
2019-06-18 08:06:00,9183.4
2019-06-18 09:06:00,9172.65
2019-06-18 10:06:00,9103.55
2019-06-18 11:06:00,9155.58
2019-06-18 12:06:00,9218.65
2019-06-18 13:06:00,9223.42
2019-06-18 14:06:00,9193.18
2019-06-18 15:06:00,9147.58
2019-06-18 16:06:00,9173.72
2019-06-18 17:06:00,9139.84
2019-06-18 18:06:00,9037.06
2019-06-18 19:06:00,9027.37
2019-06-18 20:06:00,9003.3
2019-06-18 21:06:00,9075.65
2019-06-18 22:06:00,9097.7
2019-06-18 23:06:00,9112.32
2019-06-18 24:06:00,9064.48
2019-06-19 01:06:00,8997.58
2019-06-19 02:06:00,9034.33
2019-06-19 03:06:00,9106.02
2019-06-19 04:06:00,9157.07
2019-06-19 05:06:00,9139.86
2019-06-19 06:06:00,9149.38
2019-06-19 07:06:00,9181.29
2019-06-19 08:06:00,9158.86
2019-06-19 09:06:00,9155.97
2019-06-19 10:06:00,9148.05
2019-06-19 11:06:00,9161.82
2019-06-19 12:06:00,9125.93
2019-06-19 13:06:00,9121.06
2019-06-19 14:06:00,9126.21
2019-06-19 15:06:00,9093
2019-06-19 16:06:00,9112.53
2019-06-19 17:06:00,9095.43
2019-06-19 18:06:00,9090.75
2019-06-19 19:06:00,9111.21
2019-06-19 20:06:00,9138.5
2019-06-19 21:06:00,9123.1
2019-06-19 22:06:00,9132.47
2019-06-19 23:06:00,9163.17
2019-06-19 24:06:00,9183.05
2019-06-20 01:06:00,9265.29
2019-06-20 02:06:00,9288.97
2019-06-20 03:06:00,9269.21
2019-06-20 04:06:00,9259.58
2019-06-20 05:06:00,9304.91
2019-06-20 06:06:00,9342.34
2019-06-20 07:06:00,9311.87
2019-06-20 08:06:00,9305.84
2019-06-20 09:06:00,9290.17
2019-06-20 10:06:00,9297.74
2019-06-20 11:06:00,9245.07
2019-06-20 12:06:00,9243.79
2019-06-20 13:06:00,9232.5
2019-06-20 14:06:00,9255.18
2019-06-20 15:06:00,9265.26
2019-06-20 16:06:00,9316.21
2019-06-20 17:06:00,9344.24
2019-06-20 18:06:00,9384.32
2019-06-20 19:06:00,9398.79
2019-06-20 20:06:00,9335.46
2019-06-20 21:06:00,9406.31
2019-06-20 22:06:00,9477.39
2019-06-20 23:06:00,9559.15
2019-06-20 24:06:00,9556.88
2019-06-21 01:06:00,9534.16
2019-06-21 02:06:00,9554.59
2019-06-21 03:06:00,9566.17
2019-06-21 04:06:00,9691.75
2019-06-21 05:06:00,9744.51
2019-06-21 06:06:00,9707.18
2019-06-21 07:06:00,9748.45
2019-06-21 08:06:00,9725.17
2019-06-21 09:06:00,9692.23
2019-06-21 10:06:00,9704.29
2019-06-21 11:06:00,9719.85
2019-06-21 12:06:00,9760.23
2019-06-21 13:06:00,9783.12
2019-06-21 14:06:00,9823.18
2019-06-21 15:06:00,9817.5
2019-06-21 16:06:00,9796.41
2019-06-21 17:06:00,9783.29
2019-06-21 18:06:00,9821.47
2019-06-21 19:06:00,9862.91
2019-06-21 20:06:00,9904.57
2019-06-21 21:06:00,9920
2019-06-21 22:06:00,9897.82
2019-06-21 23:06:00,9894.8
2019-06-21 24:06:00,9924.88
2019-06-22 01:06:00,9901.61
2019-06-22 02:06:00,10066.72
2019-06-22 03:06:00,10146.57
2019-06-22 04:06:00,10353.55
2019-06-22 05:06:00,10661.04
2019-06-22 06:06:00,10740.35
2019-06-22 07:06:00,10608.37
2019-06-22 08:06:00,10703.61
2019-06-22 09:06:00,10723.68
2019-06-22 10:06:00,10714.75
2019-06-22 11:06:00,10746.82
2019-06-22 12:06:00,10852.36
2019-06-22 13:06:00,10909.71
2019-06-22 14:06:00,10879.03
2019-06-22 15:06:00,11078.02
2019-06-22 16:06:00,11121.01
2019-06-22 17:06:00,10726.06
2019-06-22 18:06:00,10761.02
2019-06-22 19:06:00,10927.31
2019-06-22 20:06:00,10815.84
2019-06-22 21:06:00,10710.95
2019-06-22 22:06:00,10611.43
2019-06-22 23:06:00,10653.25
2019-06-22 24:06:00,10573.92
2019-06-23 01:06:00,10470.64
2019-06-23 02:06:00,10659.05
2019-06-23 03:06:00,10807.85
2019-06-23 04:06:00,10823.44
2019-06-23 05:06:00,10751.81
2019-06-23 06:06:00,10692.18
2019-06-23 07:06:00,10681.19
2019-06-23 08:06:00,10680
2019-06-23 09:06:00,10725
2019-06-23 10:06:00,10679.72
2019-06-23 11:06:00,10642.02
2019-06-23 12:06:00,10620.03
2019-06-23 13:06:00,10540.49
2019-06-23 14:06:00,10583.4
2019-06-23 15:06:00,10681.45
2019-06-23 16:06:00,10622.35
2019-06-23 17:06:00,10714.85
2019-06-23 18:06:00,10727.43
2019-06-23 19:06:00,10711.1
2019-06-23 20:06:00,10713
2019-06-23 21:06:00,10805.91
2019-06-23 22:06:00,10970.34
2019-06-23 23:06:00,11051.21
2019-06-23 24:06:00,11084.12
2019-06-24 01:06:00,10900.93
2019-06-24 02:06:00,10807.16
2019-06-24 03:06:00,10652.3
2019-06-24 04:06:00,10633.48
2019-06-24 05:06:00,10659.67
2019-06-24 06:06:00,10635.3
2019-06-24 07:06:00,10694.24
2019-06-24 08:06:00,10787.03
2019-06-24 09:06:00,10726.62
2019-06-24 10:06:00,10761.61
2019-06-24 11:06:00,10836.29
2019-06-24 12:06:00,10924.74
2019-06-24 13:06:00,10926.98
2019-06-24 14:06:00,10841.25
2019-06-24 15:06:00,10892.83
2019-06-24 16:06:00,10853.55
2019-06-24 17:06:00,10893.95
2019-06-24 18:06:00,10912.57
2019-06-24 19:06:00,11027.03
2019-06-24 20:06:00,11017.42
2019-06-24 21:06:00,11026.47
2019-06-24 22:06:00,10893.4
2019-06-24 23:06:00,10884.02
2019-06-24 24:06:00,10902.61
2019-06-25 01:06:00,11004.33
2019-06-25 02:06:00,11000.27
2019-06-25 03:06:00,11074.11
2019-06-25 04:06:00,11079.91
2019-06-25 05:06:00,11156.79
2019-06-25 06:06:00,11106.75
2019-06-25 07:06:00,11167.75
2019-06-25 08:06:00,11270.28
2019-06-25 09:06:00,11316.69
2019-06-25 10:06:00,11323.59
2019-06-25 11:06:00,11308.17
2019-06-25 12:06:00,11304.97
2019-06-25 13:06:00,11397.76
2019-06-25 14:06:00,11401.07
2019-06-25 15:06:00,11182.4
2019-06-25 16:06:00,11244.35
2019-06-25 17:06:00,11301.34
2019-06-25 18:06:00,11337.14
2019-06-25 19:06:00,11389.54
2019-06-25 20:06:00,11297.79
2019-06-25 21:06:00,11354.48
2019-06-25 22:06:00,11369.24
2019-06-25 23:06:00,11373.77
2019-06-25 24:06:00,11475.71
2019-06-26 01:06:00,11608.15
2019-06-26 02:06:00,11697.24
2019-06-26 03:06:00,11829.83
2019-06-26 04:06:00,11875.05
2019-06-26 05:06:00,11815.03
2019-06-26 06:06:00,12077.84
2019-06-26 07:06:00,12299.19
2019-06-26 08:06:00,12643.38
2019-06-26 09:06:00,12594.69
2019-06-26 10:06:00,12584.12
2019-06-26 11:06:00,12538.53
2019-06-26 12:06:00,12400.91
2019-06-26 13:06:00,12479.67
2019-06-26 14:06:00,12629.35
2019-06-26 15:06:00,12656.14
2019-06-26 16:06:00,12814.9
2019-06-26 17:06:00,12824.03
2019-06-26 18:06:00,12780.47
2019-06-26 19:06:00,13176.04
2019-06-26 20:06:00,13320.27
2019-06-26 21:06:00,13600.05
2019-06-26 22:06:00,13710.57
2019-06-26 23:06:00,12816.66
2019-06-26 24:06:00,12242.94
2019-06-27 01:06:00,12382.26
2019-06-27 02:06:00,12765.32
2019-06-27 03:06:00,13112.43
2019-06-27 04:06:00,12764.76
2019-06-27 05:06:00,12630.81
2019-06-27 06:06:00,12705.51
2019-06-27 07:06:00,12897.2
2019-06-27 08:06:00,12706.07
2019-06-27 09:06:00,12353.44
2019-06-27 10:06:00,12358.96
2019-06-27 11:06:00,12067.3
2019-06-27 12:06:00,11619.92
2019-06-27 13:06:00,11868.62
2019-06-27 14:06:00,11940.23
2019-06-27 15:06:00,11899.48
2019-06-27 16:06:00,11675.31
2019-06-27 17:06:00,11621.24
2019-06-27 18:06:00,11689.59
2019-06-27 19:06:00,11107.98
2019-06-27 20:06:00,10714.08
2019-06-27 21:06:00,10936.01
2019-06-27 22:06:00,10786.25
2019-06-27 23:06:00,10565.9
2019-06-27 24:06:00,10666.03
2019-06-28 01:06:00,10975.92
2019-06-28 02:06:00,11166.87
2019-06-28 03:06:00,11318.78
2019-06-28 04:06:00,11397.18
2019-06-28 05:06:00,11141.52
2019-06-28 06:06:00,10976.41
2019-06-28 07:06:00,11021.24
2019-06-28 08:06:00,10930.37
2019-06-28 09:06:00,11326.43
2019-06-28 10:06:00,11380.03
2019-06-28 11:06:00,11526.36
2019-06-28 12:06:00,11814.16
2019-06-28 13:06:00,11836.63
2019-06-28 14:06:00,11922.18
2019-06-28 15:06:00,11779.51
2019-06-28 16:06:00,11693.8
2019-06-28 17:06:00,11762.98
2019-06-28 18:06:00,11896.29
2019-06-28 19:06:00,11853.13
2019-06-28 20:06:00,11814.66
2019-06-28 21:06:00,11891.36
2019-06-28 22:06:00,12195.46
2019-06-28 23:06:00,12237.51
2019-06-28 24:06:00,12279.51
2019-06-29 01:06:00,12230.13
2019-06-29 02:06:00,12359.93
2019-06-29 03:06:00,12250.74
2019-06-29 04:06:00,12094.76
2019-06-29 05:06:00,11674.47
2019-06-29 06:06:00,11563.51
2019-06-29 07:06:00,11486.01
2019-06-29 08:06:00,11559.91
2019-06-29 09:06:00,11660.57
2019-06-29 10:06:00,11764.54
2019-06-29 11:06:00,11714.74
2019-06-29 12:06:00,11640.86
2019-06-29 13:06:00,11668.58
2019-06-29 14:06:00,11855.9
2019-06-29 15:06:00,12007.52
2019-06-29 16:06:00,12040.27
2019-06-29 17:06:00,11900.96
2019-06-29 18:06:00,11941.06
2019-06-29 19:06:00,11748.65
2019-06-29 20:06:00,11869.55
2019-06-29 21:06:00,11960.28
2019-06-29 22:06:00,11924.49
2019-06-29 23:06:00,12103.9
2019-06-29 24:06:00,12050.92
2019-06-30 01:06:00,12016.21
2019-06-30 02:06:00,11938.36
2019-06-30 03:06:00,12055.3
2019-06-30 04:06:00,12045.83
2019-06-30 05:06:00,12033.81
2019-06-30 06:06:00,12117.04
2019-06-30 07:06:00,12056.53
2019-06-30 08:06:00,11963.96
2019-06-30 09:06:00,11948.22
2019-06-30 10:06:00,11745.35
2019-06-30 11:06:00,11748.1
2019-06-30 12:06:00,11786.75
2019-06-30 13:06:00,11554.5
2019-06-30 14:06:00,11542.98
2019-06-30 15:06:00,11554.15
2019-06-30 16:06:00,11248.15
2019-06-30 17:06:00,11074.33
2019-06-30 18:06:00,11117.02
2019-06-30 19:06:00,11033.53
2019-06-30 20:06:00,11282.22
2019-06-30 21:06:00,11213.71
2019-06-30 22:06:00,11192.25
2019-06-30 23:06:00,11295.17
2019-06-30 24:06:00,11359.39
2019-07-01 01:07:00,11029.29
2019-07-01 02:07:00,10830.24
2019-07-01 03:07:00,10850.36
2019-07-01 04:07:00,10993.76
2019-07-01 05:07:00,10942.39
2019-07-01 06:07:00,11111.37
2019-07-01 07:07:00,11074.69
2019-07-01 08:07:00,11052.76
2019-07-01 09:07:00,10972.22
2019-07-01 10:07:00,10887.59
2019-07-01 11:07:00,10995.24
2019-07-01 12:07:00,11052.04
2019-07-01 13:07:00,10935.38
2019-07-01 14:07:00,10928.48
2019-07-01 15:07:00,10660.49
2019-07-01 16:07:00,10617.86
2019-07-01 17:07:00,10439.24
2019-07-01 18:07:00,10188.61
2019-07-01 19:07:00,10352.2
2019-07-01 20:07:00,10246.99
2019-07-01 21:07:00,10274.29
2019-07-01 22:07:00,10133.87
2019-07-01 23:07:00,10406.82
2019-07-01 24:07:00,10535.39
2019-07-02 01:07:00,10501.08
2019-07-02 02:07:00,10573.38
2019-07-02 03:07:00,10519.98
2019-07-02 04:07:00,10294.81
2019-07-02 05:07:00,10288.33
2019-07-02 06:07:00,10272.28
2019-07-02 07:07:00,9967.24
2019-07-02 08:07:00,9830.6
2019-07-02 09:07:00,9808.66
2019-07-02 10:07:00,9861.8
2019-07-02 11:07:00,10077.73
2019-07-02 12:07:00,10227.78
2019-07-02 13:07:00,10100.63
2019-07-02 14:07:00,9883.89
2019-07-02 15:07:00,10072.61
2019-07-02 16:07:00,9960.94
2019-07-02 17:07:00,10294.21
2019-07-02 18:07:00,10502.97
2019-07-02 19:07:00,10505.28
2019-07-02 20:07:00,10661.1
2019-07-02 21:07:00,10672.48
2019-07-02 22:07:00,10788.01
2019-07-02 23:07:00,10852.79
2019-07-02 24:07:00,10676.16
2019-07-03 01:07:00,10802.14
2019-07-03 02:07:00,10778.97
2019-07-03 03:07:00,11107.66
2019-07-03 04:07:00,11332.01
2019-07-03 05:07:00,11264.07
2019-07-03 06:07:00,11246.07
2019-07-03 07:07:00,11332.92
2019-07-03 08:07:00,11470.19
2019-07-03 09:07:00,11444.32
2019-07-03 10:07:00,11375.24
2019-07-03 11:07:00,11194.01
2019-07-03 12:07:00,11079.9
2019-07-03 13:07:00,11340.53
2019-07-03 14:07:00,11245.73
2019-07-03 15:07:00,11303.73
2019-07-03 16:07:00,11363.98
2019-07-03 17:07:00,11372.07
2019-07-03 18:07:00,11434.11
2019-07-03 19:07:00,11313.36
2019-07-03 20:07:00,11264.03
2019-07-03 21:07:00,11133.97
2019-07-03 22:07:00,11268.15
2019-07-03 23:07:00,11349.67
2019-07-03 24:07:00,11374.22
2019-07-04 01:07:00,11774.77
2019-07-04 02:07:00,11925.09
2019-07-04 03:07:00,11919.91
2019-07-04 04:07:00,11883.24
2019-07-04 05:07:00,11935.37
2019-07-04 06:07:00,11904.94
2019-07-04 07:07:00,11752.73
2019-07-04 08:07:00,11681.35
2019-07-04 09:07:00,11757.51
2019-07-04 10:07:00,11762.85
2019-07-04 11:07:00,11711.22
2019-07-04 12:07:00,11668.58
2019-07-04 13:07:00,11595.54
2019-07-04 14:07:00,11712.16
2019-07-04 15:07:00,11784.76
2019-07-04 16:07:00,11849.09
2019-07-04 17:07:00,11878.62
2019-07-04 18:07:00,11841.42
2019-07-04 19:07:00,11759.44
2019-07-04 20:07:00,11858.39
2019-07-04 21:07:00,11844.02
2019-07-04 22:07:00,11802.23
2019-07-04 23:07:00,11629.73
2019-07-04 24:07:00,11674.42
2019-07-05 01:07:00,11649.16
2019-07-05 02:07:00,11242.33
2019-07-05 03:07:00,11121.15
2019-07-05 04:07:00,11217.39
2019-07-05 05:07:00,11187.7
2019-07-05 06:07:00,11122.18
2019-07-05 07:07:00,11107.23
2019-07-05 08:07:00,11175.42
2019-07-05 09:07:00,10962.91
2019-07-05 10:07:00,10873.79
2019-07-05 11:07:00,10932.54
2019-07-05 12:07:00,11112.89
2019-07-05 13:07:00,11273
2019-07-05 14:07:00,11263.7
2019-07-05 15:07:00,11184.94
2019-07-05 16:07:00,11193.57
2019-07-05 17:07:00,11345.52
2019-07-05 18:07:00,11319.19
2019-07-05 19:07:00,11215.81
2019-07-05 20:07:00,11176.47
2019-07-05 21:07:00,11250.4
2019-07-05 22:07:00,11209.16
2019-07-05 23:07:00,10975.97
2019-07-05 24:07:00,11046.41
2019-07-06 01:07:00,11027.34
2019-07-06 02:07:00,10955.24
2019-07-06 03:07:00,11302.1
2019-07-06 04:07:00,11388.99
2019-07-06 05:07:00,11396.81
2019-07-06 06:07:00,11437.39
2019-07-06 07:07:00,11543.18
2019-07-06 08:07:00,11415.07
2019-07-06 09:07:00,11441.1
2019-07-06 10:07:00,11463.29
2019-07-06 11:07:00,11412.54
2019-07-06 12:07:00,11382.46
2019-07-06 13:07:00,11418.94
2019-07-06 14:07:00,11387.51
2019-07-06 15:07:00,11433.38
2019-07-06 16:07:00,11403.34
2019-07-06 17:07:00,11405.53
2019-07-06 18:07:00,11571.31
2019-07-06 19:07:00,11630.6
2019-07-06 20:07:00,11567.59
2019-07-06 21:07:00,11518.67
2019-07-06 22:07:00,11491.82
2019-07-06 23:07:00,11485.61
2019-07-06 24:07:00,11263.8
2019-07-07 01:07:00,11154.34
2019-07-07 02:07:00,11222.74
2019-07-07 03:07:00,11181.73
2019-07-07 04:07:00,11212.88
2019-07-07 05:07:00,11185.84
2019-07-07 06:07:00,11170.09
2019-07-07 07:07:00,11240.87
2019-07-07 08:07:00,11267.76
2019-07-07 09:07:00,11205.66
2019-07-07 10:07:00,11227.44
2019-07-07 11:07:00,11174.37
2019-07-07 12:07:00,11223.77
2019-07-07 13:07:00,11258.51
2019-07-07 14:07:00,11332.25
2019-07-07 15:07:00,11399.16
2019-07-07 16:07:00,11373.56
2019-07-07 17:07:00,11389.65
2019-07-07 18:07:00,11290.28
2019-07-07 19:07:00,11198.76
2019-07-07 20:07:00,11412.28
2019-07-07 21:07:00,11473.19
2019-07-07 22:07:00,11527.85
2019-07-07 23:07:00,11526.33
2019-07-07 24:07:00,11523.81
2019-07-08 01:07:00,11451.29
2019-07-08 02:07:00,11451.17
2019-07-08 03:07:00,11470.71
2019-07-08 04:07:00,11436.05
2019-07-08 05:07:00,11429.82
2019-07-08 06:07:00,11385.31
2019-07-08 07:07:00,11463.12
2019-07-08 08:07:00,11478.04
2019-07-08 09:07:00,11441.63
2019-07-08 10:07:00,11458.38
2019-07-08 11:07:00,11603.33
2019-07-08 12:07:00,11852.3
2019-07-08 13:07:00,11903.4
2019-07-08 14:07:00,11937.24
2019-07-08 15:07:00,11887.11
2019-07-08 16:07:00,11884.29
2019-07-08 17:07:00,11887.93
2019-07-08 18:07:00,11896.39
2019-07-08 19:07:00,11845.11
2019-07-08 20:07:00,11891.31
2019-07-08 21:07:00,11883.58
2019-07-08 22:07:00,12114.66
2019-07-08 23:07:00,12211.21
2019-07-08 24:07:00,12249.1
2019-07-09 01:07:00,12324.09
2019-07-09 02:07:00,12326.88
2019-07-09 03:07:00,12273.43
2019-07-09 04:07:00,12445.6
2019-07-09 05:07:00,12645.38
2019-07-09 06:07:00,12684.83
2019-07-09 07:07:00,12672.92
2019-07-09 08:07:00,12693.11
2019-07-09 09:07:00,12704.42
2019-07-09 10:07:00,12565.93
2019-07-09 11:07:00,12519.98
2019-07-09 12:07:00,12583.65
2019-07-09 13:07:00,12248.28
2019-07-09 14:07:00,12300.38
2019-07-09 15:07:00,12337.87
2019-07-09 16:07:00,12403.37
2019-07-09 17:07:00,12372.84
2019-07-09 18:07:00,12310.67
2019-07-09 19:07:00,12532.5
2019-07-09 20:07:00,12546.48
2019-07-09 21:07:00,12599.11
2019-07-09 22:07:00,12442.44
2019-07-09 23:07:00,12409.69
2019-07-09 24:07:00,12557.81
2019-07-10 01:07:00,12545.48
2019-07-10 02:07:00,12581.14
2019-07-10 03:07:00,12791.16
2019-07-10 04:07:00,12906.54
2019-07-10 05:07:00,13032.62
2019-07-10 06:07:00,13012.87
2019-07-10 07:07:00,12993.43
2019-07-10 08:07:00,13021.43
2019-07-10 09:07:00,12977.45
2019-07-10 10:07:00,12865.42
2019-07-10 11:07:00,12894.65
2019-07-10 12:07:00,13013.2
2019-07-10 13:07:00,12991.16
2019-07-10 14:07:00,13053.26
2019-07-10 15:07:00,13010.53
2019-07-10 16:07:00,13094.21
2019-07-10 17:07:00,12802.53
2019-07-10 18:07:00,12345.91
2019-07-10 19:07:00,12263.52
2019-07-10 20:07:00,12171.53
2019-07-10 21:07:00,12246.83
2019-07-10 22:07:00,12053.48
2019-07-10 23:07:00,11779.68
2019-07-10 24:07:00,11776.92
2019-07-11 01:07:00,11983.63
2019-07-11 02:07:00,12107.11
2019-07-11 03:07:00,11899.86
2019-07-11 04:07:00,11957.78
2019-07-11 05:07:00,11952.42
2019-07-11 06:07:00,11755.46
2019-07-11 07:07:00,11424.14
2019-07-11 08:07:00,11368.72
2019-07-11 09:07:00,11461.4
2019-07-11 10:07:00,11519.35
2019-07-11 11:07:00,11485.05
2019-07-11 12:07:00,11471.86
2019-07-11 13:07:00,11435.12
2019-07-11 14:07:00,11539.63
2019-07-11 15:07:00,11667.67
2019-07-11 16:07:00,11657.5
2019-07-11 17:07:00,11753.58
2019-07-11 18:07:00,11643.47
2019-07-11 19:07:00,11619.18
2019-07-11 20:07:00,11731.3
2019-07-11 21:07:00,11684.46
2019-07-11 22:07:00,11601.28
2019-07-11 23:07:00,11234.28
2019-07-11 24:07:00,11217.31
2019-07-12 01:07:00,11367.36
2019-07-12 02:07:00,11286.32
2019-07-12 03:07:00,11367.82
2019-07-12 04:07:00,11436.62
2019-07-12 05:07:00,11365.61
2019-07-12 06:07:00,11227.99
2019-07-12 07:07:00,11220.71
2019-07-12 08:07:00,11343.62
2019-07-12 09:07:00,11408.12
2019-07-12 10:07:00,11634.3
2019-07-12 11:07:00,11640.24
2019-07-12 12:07:00,11659.79
2019-07-12 13:07:00,11699.59
2019-07-12 14:07:00,11682.01
2019-07-12 15:07:00,11656.26
2019-07-12 16:07:00,11703.87
2019-07-12 17:07:00,11685.05
2019-07-12 18:07:00,11545.36
2019-07-12 19:07:00,11549.37
2019-07-12 20:07:00,11606.77
2019-07-12 21:07:00,11632.6
2019-07-12 22:07:00,11601.95
2019-07-12 23:07:00,11793.76
2019-07-12 24:07:00,11862.61
2019-07-13 01:07:00,11801.71
2019-07-13 02:07:00,11822.24
2019-07-13 03:07:00,11783.7
2019-07-13 04:07:00,11711.56
2019-07-13 05:07:00,11740.06
2019-07-13 06:07:00,11657.22
2019-07-13 07:07:00,11616.78
2019-07-13 08:07:00,11685.21
2019-07-13 09:07:00,11625.47
2019-07-13 10:07:00,11526.45
2019-07-13 11:07:00,11579.33
2019-07-13 12:07:00,11573.3
2019-07-13 13:07:00,11320.62
2019-07-13 14:07:00,11258.36
2019-07-13 15:07:00,11340.41
2019-07-13 16:07:00,11376.42
2019-07-13 17:07:00,11370.57
2019-07-13 18:07:00,11369.33
2019-07-13 19:07:00,11392.04
2019-07-13 20:07:00,11337.88
2019-07-13 21:07:00,11168.18
2019-07-13 22:07:00,11108.06
2019-07-13 23:07:00,10980.47
2019-07-13 24:07:00,10906.66
2019-07-14 01:07:00,11243.81
2019-07-14 02:07:00,11317.83
2019-07-14 03:07:00,11356.6
2019-07-14 04:07:00,11378.59
2019-07-14 05:07:00,11395.59
2019-07-14 06:07:00,11322.09
2019-07-14 07:07:00,11250.65
2019-07-14 08:07:00,11230.87
2019-07-14 09:07:00,11284.81
2019-07-14 10:07:00,11141.83
2019-07-14 11:07:00,11142.17
2019-07-14 12:07:00,10876.4
2019-07-14 13:07:00,10730.32
2019-07-14 14:07:00,10680.56
2019-07-14 15:07:00,10675.41
2019-07-14 16:07:00,10657.54
2019-07-14 17:07:00,10657.67
2019-07-14 18:07:00,10471.55
2019-07-14 19:07:00,10466.99
2019-07-14 20:07:00,10606.89
2019-07-14 21:07:00,10449.64
2019-07-14 22:07:00,10461.82
2019-07-14 23:07:00,10587.43
2019-07-14 24:07:00,10648.34
2019-07-15 01:07:00,10585.21
2019-07-15 02:07:00,10275.4
2019-07-15 03:07:00,10050.84
2019-07-15 04:07:00,10087.21
2019-07-15 05:07:00,10002.18
2019-07-15 06:07:00,10191.33
2019-07-15 07:07:00,10227.57
2019-07-15 08:07:00,10136.73
2019-07-15 09:07:00,10158.72
2019-07-15 10:07:00,10300.41
2019-07-15 11:07:00,10259.58
2019-07-15 12:07:00,10270.23
2019-07-15 13:07:00,10348.14
2019-07-15 14:07:00,10329.17
2019-07-15 15:07:00,10203.46
2019-07-15 16:07:00,10246.95
2019-07-15 17:07:00,10516.1
2019-07-15 18:07:00,10549.27
2019-07-15 19:07:00,10591.96
2019-07-15 20:07:00,10548.72
2019-07-15 21:07:00,10688.22
2019-07-15 22:07:00,10878.75
2019-07-15 23:07:00,10841.68
2019-07-15 24:07:00,11044.6
2019-07-16 01:07:00,10850.86
2019-07-16 02:07:00,10974.03
2019-07-16 03:07:00,10907.84
2019-07-16 04:07:00,10966.9
2019-07-16 05:07:00,10813.23
2019-07-16 06:07:00,10745.51
2019-07-16 07:07:00,10715.48
2019-07-16 08:07:00,10750.13
2019-07-16 09:07:00,10747.29
2019-07-16 10:07:00,10648.03
2019-07-16 11:07:00,10785.61
2019-07-16 12:07:00,10747.27
2019-07-16 13:07:00,10707.35
2019-07-16 14:07:00,10706.09
2019-07-16 15:07:00,10575
2019-07-16 16:07:00,10447.79
2019-07-16 17:07:00,10449.74
2019-07-16 18:07:00,10494.01
2019-07-16 19:07:00,10037.3
2019-07-16 20:07:00,9618.76
2019-07-16 21:07:00,9685.07
2019-07-16 22:07:00,9636.36
2019-07-16 23:07:00,9681.46
2019-07-16 24:07:00,9545.14
2019-07-17 01:07:00,9536.23
2019-07-17 02:07:00,9452.15
2019-07-17 03:07:00,9535.4
2019-07-17 04:07:00,9492.76
2019-07-17 05:07:00,9308.97
2019-07-17 06:07:00,9417.72
2019-07-17 07:07:00,9440.86
2019-07-17 08:07:00,9536.27
2019-07-17 09:07:00,9558.52
2019-07-17 10:07:00,9541.25
2019-07-17 11:07:00,9558.39
2019-07-17 12:07:00,9490.75
2019-07-17 13:07:00,9338.89
2019-07-17 14:07:00,9192.35
2019-07-17 15:07:00,9346.68
2019-07-17 16:07:00,9491.19
2019-07-17 17:07:00,9629.92
2019-07-17 18:07:00,9745.36
2019-07-17 19:07:00,9759.39
2019-07-17 20:07:00,9761.22
2019-07-17 21:07:00,9861.14
2019-07-17 22:07:00,9867.89
2019-07-17 23:07:00,9711.94
2019-07-17 24:07:00,9863.65
2019-07-18 01:07:00,9803.82
2019-07-18 02:07:00,9676.19
2019-07-18 03:07:00,9633.58
2019-07-18 04:07:00,9741.64
2019-07-18 05:07:00,9768.92
2019-07-18 06:07:00,9728.97
2019-07-18 07:07:00,9809.62
2019-07-18 08:07:00,9855.12
2019-07-18 09:07:00,9930.65
2019-07-18 10:07:00,9849.13
2019-07-18 11:07:00,9765.48
2019-07-18 12:07:00,9755.62
2019-07-18 13:07:00,9835.23
2019-07-18 14:07:00,9806.36
2019-07-18 15:07:00,9497.08
2019-07-18 16:07:00,9425.77
2019-07-18 17:07:00,9951.22
2019-07-18 18:07:00,10380.03
2019-07-18 19:07:00,10563.74
2019-07-18 20:07:00,10512.57
2019-07-18 21:07:00,10607.75
2019-07-18 22:07:00,10543.27
2019-07-18 23:07:00,10601.49
2019-07-18 24:07:00,10625.86
2019-07-19 01:07:00,10587.9
2019-07-19 02:07:00,10684.86
2019-07-19 03:07:00,10634.24
2019-07-19 04:07:00,10639.94
2019-07-19 05:07:00,10617.85
2019-07-19 06:07:00,10615.33
2019-07-19 07:07:00,10524.78
2019-07-19 08:07:00,10492.85
2019-07-19 09:07:00,10520.04
2019-07-19 10:07:00,10549.08
2019-07-19 11:07:00,10451.49
2019-07-19 12:07:00,10344.34
2019-07-19 13:07:00,10338.54
2019-07-19 14:07:00,10332.45
2019-07-19 15:07:00,10502.41
2019-07-19 16:07:00,10279.69
2019-07-19 17:07:00,10354.76
2019-07-19 18:07:00,10388.91
2019-07-19 19:07:00,10375.53
2019-07-19 20:07:00,10438.72
2019-07-19 21:07:00,10408.9
2019-07-19 22:07:00,10414.71
2019-07-19 23:07:00,10474.99
2019-07-19 24:07:00,10538.12
2019-07-20 01:07:00,10538.64
2019-07-20 02:07:00,10541.03
2019-07-20 03:07:00,10525.59
2019-07-20 04:07:00,10451.25
2019-07-20 05:07:00,10502.2
2019-07-20 06:07:00,10556.18
2019-07-20 07:07:00,10584.62
2019-07-20 08:07:00,10609.59
2019-07-20 09:07:00,10615.64
2019-07-20 10:07:00,10637.12
2019-07-20 11:07:00,10562.91
2019-07-20 12:07:00,10612.61
2019-07-20 13:07:00,10609.31
2019-07-20 14:07:00,10532.09
2019-07-20 15:07:00,10568.46
2019-07-20 16:07:00,10634.06
2019-07-20 17:07:00,10584.74
2019-07-20 18:07:00,10619.86
2019-07-20 19:07:00,10723.99
2019-07-20 20:07:00,10925.13
2019-07-20 21:07:00,10941.44
2019-07-20 22:07:00,10919.47
2019-07-20 23:07:00,10940.13
2019-07-20 24:07:00,10961.39
2019-07-21 01:07:00,10978.42
2019-07-21 02:07:00,10882.93
2019-07-21 03:07:00,10773.73
2019-07-21 04:07:00,10806.43
2019-07-21 05:07:00,10702.41
2019-07-21 06:07:00,10601.2
2019-07-21 07:07:00,10642.31
2019-07-21 08:07:00,10628.23
2019-07-21 09:07:00,10603.88
2019-07-21 10:07:00,10645.84
2019-07-21 11:07:00,10607.24
2019-07-21 12:07:00,10720.89
2019-07-21 13:07:00,10576.89
2019-07-21 14:07:00,10571.26
2019-07-21 15:07:00,10563.8
2019-07-21 16:07:00,10548.73
2019-07-21 17:07:00,10413.92
2019-07-21 18:07:00,10393.83
2019-07-21 19:07:00,10408.94
2019-07-21 20:07:00,10391.41
2019-07-21 21:07:00,10484.95
2019-07-21 22:07:00,10412.65
2019-07-21 23:07:00,10476.7
2019-07-21 24:07:00,10569.22
2019-07-22 01:07:00,10593.42
2019-07-22 02:07:00,10589.97
2019-07-22 03:07:00,10639.71
2019-07-22 04:07:00,10597.33
2019-07-22 05:07:00,10613.03
2019-07-22 06:07:00,10625.9
2019-07-22 07:07:00,10570.8
2019-07-22 08:07:00,10569.87
2019-07-22 09:07:00,10613.85
2019-07-22 10:07:00,10600.5
2019-07-22 11:07:00,10576.7
2019-07-22 12:07:00,10485.23
2019-07-22 13:07:00,10458.22
2019-07-22 14:07:00,10534.15
2019-07-22 15:07:00,10525.62
2019-07-22 16:07:00,10508.27
2019-07-22 17:07:00,10286.19
2019-07-22 18:07:00,10252.36
2019-07-22 19:07:00,10247.54
2019-07-22 20:07:00,10312.9
2019-07-22 21:07:00,10280.99
2019-07-22 22:07:00,10168.76
2019-07-22 23:07:00,10255.73
2019-07-22 24:07:00,10323.86
2019-07-23 01:07:00,10312
2019-07-23 02:07:00,10344.06
2019-07-23 03:07:00,10255.51
2019-07-23 04:07:00,10232.47
2019-07-23 05:07:00,10263.57
2019-07-23 06:07:00,10294.62
2019-07-23 07:07:00,10216.13
2019-07-23 08:07:00,10160.87
2019-07-23 09:07:00,10035
2019-07-23 10:07:00,10087.43
2019-07-23 11:07:00,9990.95
2019-07-23 12:07:00,9959.63
2019-07-23 13:07:00,9943.57
2019-07-23 14:07:00,10017.78
2019-07-23 15:07:00,9992.03
2019-07-23 16:07:00,9930.57
2019-07-23 17:07:00,9962.17
2019-07-23 18:07:00,10004.54
2019-07-23 19:07:00,9952.06
2019-07-23 20:07:00,9998.51
2019-07-23 21:07:00,10092.09
2019-07-23 22:07:00,10118.41
2019-07-23 23:07:00,10186.06
2019-07-23 24:07:00,10126.18
2019-07-24 01:07:00,10084.45
2019-07-24 02:07:00,9897.12
2019-07-24 03:07:00,9702.68
2019-07-24 04:07:00,9708.37
2019-07-24 05:07:00,9655.17
2019-07-24 06:07:00,9680.47
2019-07-24 07:07:00,9618.84
2019-07-24 08:07:00,9697.25
2019-07-24 09:07:00,9720.19
2019-07-24 10:07:00,9692.76
2019-07-24 11:07:00,9749.46
2019-07-24 12:07:00,9744.26
2019-07-24 13:07:00,9732.14
2019-07-24 14:07:00,9680.13
2019-07-24 15:07:00,9736.1
2019-07-24 16:07:00,9721.6
2019-07-24 17:07:00,9807.17
2019-07-24 18:07:00,9890.59
2019-07-24 19:07:00,9648.82
2019-07-24 20:07:00,9616.78
2019-07-24 21:07:00,9645.57
2019-07-24 22:07:00,9650.98
2019-07-24 23:07:00,9649.91
2019-07-24 24:07:00,9743.94
2019-07-25 01:07:00,9804.62
2019-07-25 02:07:00,9810.93
2019-07-25 03:07:00,10014.62
2019-07-25 04:07:00,10129.47
2019-07-25 05:07:00,10102.73
2019-07-25 06:07:00,10113.17
2019-07-25 07:07:00,10100.14
2019-07-25 08:07:00,10102.56
2019-07-25 09:07:00,10090.38
2019-07-25 10:07:00,10113.02
2019-07-25 11:07:00,10105.57
2019-07-25 12:07:00,10117.86
2019-07-25 13:07:00,10086.05
2019-07-25 14:07:00,10112.38
2019-07-25 15:07:00,10134.05
2019-07-25 16:07:00,9994.76
2019-07-25 17:07:00,9992.17
2019-07-25 18:07:00,9996.17
2019-07-25 19:07:00,9997.45
2019-07-25 20:07:00,10003.84
2019-07-25 21:07:00,10000.12
2019-07-25 22:07:00,9914.69
2019-07-25 23:07:00,9854.38
2019-07-25 24:07:00,9877.87
2019-07-26 01:07:00,9921.27
2019-07-26 02:07:00,9896.75
2019-07-26 03:07:00,9736.21
2019-07-26 04:07:00,9710.96
2019-07-26 05:07:00,9722.46
2019-07-26 06:07:00,9718.21
2019-07-26 07:07:00,9728.97
2019-07-26 08:07:00,9749.48
2019-07-26 09:07:00,9720.33
2019-07-26 10:07:00,9766.25
2019-07-26 11:07:00,9786.04
2019-07-26 12:07:00,9797.99
2019-07-26 13:07:00,9796.5
2019-07-26 14:07:00,9820
2019-07-26 15:07:00,9818.29
2019-07-26 16:07:00,9782.19
2019-07-26 17:07:00,9761.13
2019-07-26 18:07:00,9799.2
2019-07-26 19:07:00,9835.47
2019-07-26 20:07:00,9796.24
2019-07-26 21:07:00,9829.37
2019-07-26 22:07:00,9866.26
2019-07-26 23:07:00,9838.01
2019-07-26 24:07:00,9824.34
2019-07-27 01:07:00,9825.82
2019-07-27 02:07:00,9842.73
2019-07-27 03:07:00,10104.13
2019-07-27 04:07:00,10156.53
2019-07-27 05:07:00,10120.85
2019-07-27 06:07:00,10138.85
2019-07-27 07:07:00,10137.4
2019-07-27 08:07:00,10100.4
2019-07-27 09:07:00,10068.81
2019-07-27 10:07:00,10077.47
2019-07-27 11:07:00,10087.45
2019-07-27 12:07:00,10077.47
2019-07-27 13:07:00,9591.99
2019-07-27 14:07:00,9493.73
2019-07-27 15:07:00,9418.67
2019-07-27 16:07:00,9439.12
2019-07-27 17:07:00,9449.93
2019-07-27 18:07:00,9396.26
2019-07-27 19:07:00,9432.78
2019-07-27 20:07:00,9451.01
2019-07-27 21:07:00,9421.23
2019-07-27 22:07:00,9426.2
2019-07-27 23:07:00,9427.08
2019-07-27 24:07:00,9487.21
2019-07-28 01:07:00,9446.67
2019-07-28 02:07:00,9475.72
2019-07-28 03:07:00,9421.91
2019-07-28 04:07:00,9462.65
2019-07-28 05:07:00,9480.28
2019-07-28 06:07:00,9481.63
2019-07-28 07:07:00,9530.56
2019-07-28 08:07:00,9520.45
2019-07-28 09:07:00,9517.78
2019-07-28 10:07:00,9511.84
2019-07-28 11:07:00,9500.88
2019-07-28 12:07:00,9516.22
2019-07-28 13:07:00,9465.96
2019-07-28 14:07:00,9517.26
2019-07-28 15:07:00,9515.49
2019-07-28 16:07:00,9489.62
2019-07-28 17:07:00,9507.25
2019-07-28 18:07:00,9527.96
2019-07-28 19:07:00,9531.39
2019-07-28 20:07:00,9543.76
2019-07-28 21:07:00,9545.93
2019-07-28 22:07:00,9557.48
2019-07-28 23:07:00,9506.88
2019-07-28 24:07:00,9484.44
2019-07-29 01:07:00,9345.59
2019-07-29 02:07:00,9519.69
2019-07-29 03:07:00,9524.91
2019-07-29 04:07:00,9631.55
2019-07-29 05:07:00,9641.71
2019-07-29 06:07:00,9644.18
2019-07-29 07:07:00,9663.31
2019-07-29 08:07:00,9618.63
2019-07-29 09:07:00,9597.23
2019-07-29 10:07:00,9611.22
2019-07-29 11:07:00,9585
2019-07-29 12:07:00,9473.19
2019-07-29 13:07:00,9490.53
2019-07-29 14:07:00,9475.75
2019-07-29 15:07:00,9487.62
2019-07-29 16:07:00,9527.9
2019-07-29 17:07:00,9535.16
2019-07-29 18:07:00,9528.66
2019-07-29 19:07:00,9522.64
2019-07-29 20:07:00,9490.69
2019-07-29 21:07:00,9480.66
2019-07-29 22:07:00,9504.41
2019-07-29 23:07:00,9497.83
2019-07-29 24:07:00,9533.14
2019-07-30 01:07:00,9513.19
2019-07-30 02:07:00,9494.19
2019-07-30 03:07:00,9529.31
2019-07-30 04:07:00,9502.34
2019-07-30 05:07:00,9434.32
2019-07-30 06:07:00,9429.29
2019-07-30 07:07:00,9446.78
2019-07-30 08:07:00,9437.13
2019-07-30 09:07:00,9493.35
2019-07-30 10:07:00,9506.09
2019-07-30 11:07:00,9515.44
2019-07-30 12:07:00,9506.05
2019-07-30 13:07:00,9505
2019-07-30 14:07:00,9534.74
2019-07-30 15:07:00,9570.82
2019-07-30 16:07:00,9555.05
2019-07-30 17:07:00,9566.32
2019-07-30 18:07:00,9689.44
2019-07-30 19:07:00,9688.64
2019-07-30 20:07:00,9650.75
2019-07-30 21:07:00,9655.39
2019-07-30 22:07:00,9581.61
2019-07-30 23:07:00,9583.23
2019-07-30 24:07:00,9567.12
2019-07-31 01:07:00,9610.58
2019-07-31 02:07:00,9612.38
2019-07-31 03:07:00,9673.49
2019-07-31 04:07:00,9707.94
2019-07-31 05:07:00,9700.13
2019-07-31 06:07:00,9696.49
2019-07-31 07:07:00,9690.19
2019-07-31 08:07:00,9745.49
2019-07-31 09:07:00,9756.71
2019-07-31 10:07:00,9776.14
2019-07-31 11:07:00,9764.79
2019-07-31 12:07:00,9754.71
2019-07-31 13:07:00,9770.29
2019-07-31 14:07:00,9784.53
2019-07-31 15:07:00,9837.4
2019-07-31 16:07:00,9896.01
2019-07-31 17:07:00,9990.55
2019-07-31 18:07:00,10040.35
2019-07-31 19:07:00,10040.83
2019-07-31 20:07:00,10014.7
2019-07-31 21:07:00,9995.51
2019-07-31 22:07:00,9997.34
2019-07-31 23:07:00,10042.34
2019-07-31 24:07:00,10049.43
2019-08-01 01:08:00,10020.07
2019-08-01 02:08:00,10052.3
2019-08-01 03:08:00,10105.28
2019-08-01 04:08:00,10036.56
2019-08-01 05:08:00,10046.18
2019-08-01 06:08:00,10024.71
2019-08-01 07:08:00,9977.38
2019-08-01 08:08:00,9943.9
2019-08-01 09:08:00,9930.3
2019-08-01 10:08:00,9992.48
2019-08-01 11:08:00,9993.87
2019-08-01 12:08:00,9956.19
2019-08-01 13:08:00,9945.42
2019-08-01 14:08:00,9967.15
2019-08-01 15:08:00,10017.16
2019-08-01 16:08:00,10043.16
2019-08-01 17:08:00,10020.84
2019-08-01 18:08:00,10006.39
2019-08-01 19:08:00,10060.91
2019-08-01 20:08:00,10073.6
2019-08-01 21:08:00,10159.25
2019-08-01 22:08:00,10273.62
2019-08-01 23:08:00,10397.94
2019-08-01 24:08:00,10403.67
2019-08-02 01:08:00,10417.2
2019-08-02 02:08:00,10441.59
2019-08-02 03:08:00,10399.51
2019-08-02 04:08:00,10435.07
2019-08-02 05:08:00,10429.37
2019-08-02 06:08:00,10401.95
2019-08-02 07:08:00,10398.77
2019-08-02 08:08:00,10410.7
2019-08-02 09:08:00,10472.84
2019-08-02 10:08:00,10541.74
2019-08-02 11:08:00,10518.01
2019-08-02 12:08:00,10506.56
2019-08-02 13:08:00,10506.73
2019-08-02 14:08:00,10522.43
2019-08-02 15:08:00,10524.1
2019-08-02 16:08:00,10539.26
2019-08-02 17:08:00,10554.26
2019-08-02 18:08:00,10604.99
2019-08-02 19:08:00,10508
2019-08-02 20:08:00,10450.03
2019-08-02 21:08:00,10466.76
2019-08-02 22:08:00,10450.07
2019-08-02 23:08:00,10413.17
2019-08-02 24:08:00,10401.74
2019-08-03 01:08:00,10484.28
2019-08-03 02:08:00,10527.27
2019-08-03 03:08:00,10529.23
2019-08-03 04:08:00,10615.56
2019-08-03 05:08:00,10735.78
2019-08-03 06:08:00,10793.84
2019-08-03 07:08:00,10819.55
2019-08-03 08:08:00,10783.82
2019-08-03 09:08:00,10788.92
2019-08-03 10:08:00,10807.42
2019-08-03 11:08:00,10799.89
2019-08-03 12:08:00,10805.91
2019-08-03 13:08:00,10781.26
2019-08-03 14:08:00,10782.97
2019-08-03 15:08:00,10741.29
2019-08-03 16:08:00,10803.68
2019-08-03 17:08:00,10815.38
2019-08-03 18:08:00,10768.41
2019-08-03 19:08:00,10805.83
2019-08-03 20:08:00,10831.1
2019-08-03 21:08:00,10850.05
2019-08-03 22:08:00,10875.66
2019-08-03 23:08:00,10838.95
2019-08-03 24:08:00,10876.62
2019-08-04 01:08:00,10814.59
2019-08-04 02:08:00,10826.21
2019-08-04 03:08:00,10872.34
2019-08-04 04:08:00,10879.22
2019-08-04 05:08:00,10849.41
2019-08-04 06:08:00,10778.41
2019-08-04 07:08:00,10666.68
2019-08-04 08:08:00,10616.78
2019-08-04 09:08:00,10702.37
2019-08-04 10:08:00,10717.41
2019-08-04 11:08:00,10712.02
2019-08-04 12:08:00,10701.85
2019-08-04 13:08:00,10731.51
2019-08-04 14:08:00,10722.81
2019-08-04 15:08:00,10699.06
2019-08-04 16:08:00,10702.58
2019-08-04 17:08:00,10744.29
2019-08-04 18:08:00,10926.49
2019-08-04 19:08:00,10965.79
2019-08-04 20:08:00,10940.1
2019-08-04 21:08:00,10939.47
2019-08-04 22:08:00,10956.47
2019-08-04 23:08:00,10977.46
2019-08-04 24:08:00,10894.59
2019-08-05 01:08:00,11013.45
2019-08-05 02:08:00,10987.67
2019-08-05 03:08:00,11131.21
2019-08-05 04:08:00,11340.48
2019-08-05 05:08:00,11483.04
2019-08-05 06:08:00,11559.25
2019-08-05 07:08:00,11588.28
2019-08-05 08:08:00,11557.81
2019-08-05 09:08:00,11593.42
2019-08-05 10:08:00,11739.9
2019-08-05 11:08:00,11713.59
2019-08-05 12:08:00,11727.06
2019-08-05 13:08:00,11713.2
2019-08-05 14:08:00,11720.43
2019-08-05 15:08:00,11789.74
2019-08-05 16:08:00,11785.79
2019-08-05 17:08:00,11785.71
2019-08-05 18:08:00,11733.64
2019-08-05 19:08:00,11824.71
2019-08-05 20:08:00,11879.43
2019-08-05 21:08:00,11826.88
2019-08-05 22:08:00,11780.35
2019-08-05 23:08:00,11752.8
2019-08-05 24:08:00,11738.03
2019-08-06 01:08:00,11788.55
2019-08-06 02:08:00,11789.14
2019-08-06 03:08:00,11727.69
2019-08-06 04:08:00,11656.33
2019-08-06 05:08:00,11622.42
2019-08-06 06:08:00,11672.11
2019-08-06 07:08:00,11660.44
2019-08-06 08:08:00,11748.22
2019-08-06 09:08:00,11997.8
2019-08-06 10:08:00,12210.37
2019-08-06 11:08:00,12229.78
2019-08-06 12:08:00,12237.97
2019-08-06 13:08:00,11942.27
2019-08-06 14:08:00,11772.07
2019-08-06 15:08:00,11656.86
2019-08-06 16:08:00,11719.91
2019-08-06 17:08:00,11736.08
2019-08-06 18:08:00,11717.44
2019-08-06 19:08:00,11733.21
2019-08-06 20:08:00,11770.5
2019-08-06 21:08:00,11723.65
2019-08-06 22:08:00,11669.42
2019-08-06 23:08:00,11665.36
2019-08-06 24:08:00,11434.43
2019-08-07 01:08:00,11306.45
2019-08-07 02:08:00,11381.35
2019-08-07 03:08:00,11439.24
2019-08-07 04:08:00,11522.38
2019-08-07 05:08:00,11598.99
2019-08-07 06:08:00,11601.24
2019-08-07 07:08:00,11652.37
2019-08-07 08:08:00,11640.46
2019-08-07 09:08:00,11618.33
2019-08-07 10:08:00,11563.53
2019-08-07 11:08:00,11523.41
2019-08-07 12:08:00,11576.42
2019-08-07 13:08:00,11656.99
2019-08-07 14:08:00,11660.5
2019-08-07 15:08:00,11746.21
2019-08-07 16:08:00,12004.53
2019-08-07 17:08:00,12067.37
2019-08-07 18:08:00,11738.9
2019-08-07 19:08:00,11589.44
2019-08-07 20:08:00,11702.37
2019-08-07 21:08:00,11762.88
2019-08-07 22:08:00,11735
2019-08-07 23:08:00,11824.03
2019-08-07 24:08:00,11941.56
2019-08-08 01:08:00,11966.38
2019-08-08 02:08:00,11946.5
2019-08-08 03:08:00,11943.18
2019-08-08 04:08:00,11891.87
2019-08-08 05:08:00,11911.27
2019-08-08 06:08:00,11970.02
2019-08-08 07:08:00,11914.83
2019-08-08 08:08:00,11935.43
2019-08-08 09:08:00,11845.86
2019-08-08 10:08:00,11920.3
2019-08-08 11:08:00,11979.34
2019-08-08 12:08:00,11883.11
2019-08-08 13:08:00,11844.48
2019-08-08 14:08:00,11848.29
2019-08-08 15:08:00,11838.44
2019-08-08 16:08:00,11767.14
2019-08-08 17:08:00,11689.87
2019-08-08 18:08:00,11716.48
2019-08-08 19:08:00,11720.99
2019-08-08 20:08:00,11580.46
2019-08-08 21:08:00,11592.47
2019-08-08 22:08:00,11578.56
2019-08-08 23:08:00,11560.01
2019-08-08 24:08:00,11683.23
2019-08-09 01:08:00,11788.17
2019-08-09 02:08:00,11956.39
2019-08-09 03:08:00,11960
2019-08-09 04:08:00,11889.33
2019-08-09 05:08:00,11869.46
2019-08-09 06:08:00,11893.55
2019-08-09 07:08:00,11908.37
2019-08-09 08:08:00,11865.74
2019-08-09 09:08:00,11821.28
2019-08-09 10:08:00,11825.63
2019-08-09 11:08:00,11892.87
2019-08-09 12:08:00,11758.67
2019-08-09 13:08:00,11737.01
2019-08-09 14:08:00,11724.29
2019-08-09 15:08:00,11739.54
2019-08-09 16:08:00,11831.93
2019-08-09 17:08:00,11739.61
2019-08-09 18:08:00,11734.57
2019-08-09 19:08:00,11774.47
2019-08-09 20:08:00,11759.75
2019-08-09 21:08:00,11807.55
2019-08-09 22:08:00,11853.12
2019-08-09 23:08:00,11857.72
2019-08-09 24:08:00,11897.72
2019-08-10 01:08:00,11908.77
2019-08-10 02:08:00,11868.16
2019-08-10 03:08:00,11930.06
2019-08-10 04:08:00,11895.3
2019-08-10 05:08:00,11809.19
2019-08-10 06:08:00,11814.52
2019-08-10 07:08:00,11817.99
2019-08-10 08:08:00,11847.41
2019-08-10 09:08:00,11822.38
2019-08-10 10:08:00,11827.88
2019-08-10 11:08:00,11863.69
2019-08-10 12:08:00,11873.31
2019-08-10 13:08:00,11876.29
2019-08-10 14:08:00,11442.99
2019-08-10 15:08:00,11351.02
2019-08-10 16:08:00,11414.61
2019-08-10 17:08:00,11378.07
2019-08-10 18:08:00,11391.08
2019-08-10 19:08:00,11368.91
2019-08-10 20:08:00,11339.58
2019-08-10 21:08:00,11355.04
2019-08-10 22:08:00,11319.72
2019-08-10 23:08:00,11338.37
2019-08-10 24:08:00,11289.15
2019-08-11 01:08:00,11287.32
2019-08-11 02:08:00,11329.14
2019-08-11 03:08:00,11357.58
2019-08-11 04:08:00,11358.96
2019-08-11 05:08:00,11368.89
2019-08-11 06:08:00,11384.42
2019-08-11 07:08:00,11395.18
2019-08-11 08:08:00,11359.3
2019-08-11 09:08:00,11355.49
2019-08-11 10:08:00,11357.1
2019-08-11 11:08:00,11327.7
2019-08-11 12:08:00,11209.87
2019-08-11 13:08:00,11356.66
2019-08-11 14:08:00,11414.23
2019-08-11 15:08:00,11445.44
2019-08-11 16:08:00,11414.65
2019-08-11 17:08:00,11396.59
2019-08-11 18:08:00,11388.4
2019-08-11 19:08:00,11402.99
2019-08-11 20:08:00,11391.21
2019-08-11 21:08:00,11379.85
2019-08-11 22:08:00,11381.97
2019-08-11 23:08:00,11377.37
2019-08-11 24:08:00,11499.37
2019-08-12 01:08:00,11505.78
2019-08-12 02:08:00,11541.65
2019-08-12 03:08:00,11498.18
2019-08-12 04:08:00,11499.48
2019-08-12 05:08:00,11470.71
2019-08-12 06:08:00,11434.66
2019-08-12 07:08:00,11449.09
2019-08-12 08:08:00,11404.88
2019-08-12 09:08:00,11379.01
2019-08-12 10:08:00,11374.67
2019-08-12 11:08:00,11341.56
2019-08-12 12:08:00,11367.8
2019-08-12 13:08:00,11384.49
2019-08-12 14:08:00,11335.67
2019-08-12 15:08:00,11320.56
2019-08-12 16:08:00,11370.19
2019-08-12 17:08:00,11376.35
2019-08-12 18:08:00,11366.32
2019-08-12 19:08:00,11392.55
2019-08-12 20:08:00,11404.3
2019-08-12 21:08:00,11392.9
2019-08-12 22:08:00,11401.42
2019-08-12 23:08:00,11431.91
2019-08-12 24:08:00,11393.26
2019-08-13 01:08:00,11392.63
2019-08-13 02:08:00,11385.4
2019-08-13 03:08:00,11385.01
2019-08-13 04:08:00,11408.41
2019-08-13 05:08:00,11390.47
2019-08-13 06:08:00,11369.14
2019-08-13 07:08:00,11358.6
2019-08-13 08:08:00,11360.63
2019-08-13 09:08:00,11362.5
2019-08-13 10:08:00,11326.46
2019-08-13 11:08:00,11322.21
2019-08-13 12:08:00,11271.06
2019-08-13 13:08:00,11228.61
2019-08-13 14:08:00,11260.07
2019-08-13 15:08:00,11239.74
2019-08-13 16:08:00,11157.26
2019-08-13 17:08:00,10986.66
2019-08-13 18:08:00,10927.41
2019-08-13 19:08:00,10870.52
2019-08-13 20:08:00,10822.93
2019-08-13 21:08:00,10889.76
2019-08-13 22:08:00,10909.11
2019-08-13 23:08:00,10930.61
2019-08-13 24:08:00,10850.21
2019-08-14 01:08:00,10865.7
2019-08-14 02:08:00,10890.68
2019-08-14 03:08:00,10801.59
2019-08-14 04:08:00,10640.16
2019-08-14 05:08:00,10575.8
2019-08-14 06:08:00,10607.76
2019-08-14 07:08:00,10580.66
2019-08-14 08:08:00,10566.85
2019-08-14 09:08:00,10606.96
2019-08-14 10:08:00,10597.58
2019-08-14 11:08:00,10480.12
2019-08-14 12:08:00,10434.28
2019-08-14 13:08:00,10528.03
2019-08-14 14:08:00,10504.55
2019-08-14 15:08:00,10603.89
2019-08-14 16:08:00,10603.31
2019-08-14 17:08:00,10489.12
2019-08-14 18:08:00,10493.25
2019-08-14 19:08:00,10404.39
2019-08-14 20:08:00,10179
2019-08-14 21:08:00,10205.93
2019-08-14 22:08:00,10177.38
2019-08-14 23:08:00,10150.73
2019-08-14 24:08:00,10210.73
2019-08-15 01:08:00,10231.01
2019-08-15 02:08:00,10034.9
2019-08-15 03:08:00,10120.15
2019-08-15 04:08:00,10052.34
2019-08-15 05:08:00,9975.18
2019-08-15 06:08:00,9893.9
2019-08-15 07:08:00,9745.99
2019-08-15 08:08:00,9727.48
2019-08-15 09:08:00,9583.24
2019-08-15 10:08:00,9762.14
2019-08-15 11:08:00,9883.26
2019-08-15 12:08:00,9931.73
2019-08-15 13:08:00,10068.68
2019-08-15 14:08:00,10137.56
2019-08-15 15:08:00,10033.3
2019-08-15 16:08:00,9987.52
2019-08-15 17:08:00,10033.21
2019-08-15 18:08:00,10065.94
2019-08-15 19:08:00,10078.76
2019-08-15 20:08:00,10019.43
2019-08-15 21:08:00,10066.61
2019-08-15 22:08:00,10101.03
2019-08-15 23:08:00,10279.73
2019-08-15 24:08:00,10366.62
2019-08-16 01:08:00,10400.67
2019-08-16 02:08:00,10349.24
2019-08-16 03:08:00,10316.07
2019-08-16 04:08:00,10370.8
2019-08-16 05:08:00,10390.25
2019-08-16 06:08:00,10328.89
2019-08-16 07:08:00,10186.93
2019-08-16 08:08:00,9911.98
2019-08-16 09:08:00,9927.08
2019-08-16 10:08:00,9918
2019-08-16 11:08:00,9996.06
2019-08-16 12:08:00,10090.23
2019-08-16 13:08:00,10084.69
2019-08-16 14:08:00,10025.42
2019-08-16 15:08:00,10175.31
2019-08-16 16:08:00,10130.34
2019-08-16 17:08:00,10115.3
2019-08-16 18:08:00,10323.75
2019-08-16 19:08:00,10395.48
2019-08-16 20:08:00,10497.51
2019-08-16 21:08:00,10444.96
2019-08-16 22:08:00,10473.21
2019-08-16 23:08:00,10443.47
2019-08-16 24:08:00,10439.7
2019-08-17 01:08:00,10371.64
2019-08-17 02:08:00,10383.03
2019-08-17 03:08:00,10287.4
2019-08-17 04:08:00,10335.4
2019-08-17 05:08:00,10375.63
2019-08-17 06:08:00,10356.32
2019-08-17 07:08:00,10333.39
2019-08-17 08:08:00,10363.29
2019-08-17 09:08:00,10387.57
2019-08-17 10:08:00,10406.7
2019-08-17 11:08:00,10411.08
2019-08-17 12:08:00,10447.11
2019-08-17 13:08:00,10445.25
2019-08-17 14:08:00,10382.12
2019-08-17 15:08:00,10335.28
2019-08-17 16:08:00,10355.67
2019-08-17 17:08:00,10367.06
2019-08-17 18:08:00,10322.48
2019-08-17 19:08:00,10346.12
2019-08-17 20:08:00,10153.63
2019-08-17 21:08:00,10127.46
2019-08-17 22:08:00,10206.4
2019-08-17 23:08:00,10113.11
2019-08-17 24:08:00,10138.7
2019-08-18 01:08:00,10191.31
2019-08-18 02:08:00,10216.28
2019-08-18 03:08:00,10240.73
2019-08-18 04:08:00,10204.45
2019-08-18 05:08:00,10177.88
2019-08-18 06:08:00,10140.48
2019-08-18 07:08:00,10105.46
2019-08-18 08:08:00,10148.42
2019-08-18 09:08:00,10177.82
2019-08-18 10:08:00,10153.9
2019-08-18 11:08:00,10143.36
2019-08-18 12:08:00,10198.73
2019-08-18 13:08:00,10341.13
2019-08-18 14:08:00,10389.97
2019-08-18 15:08:00,10409.24
2019-08-18 16:08:00,10447.51
2019-08-18 17:08:00,10463.24
2019-08-18 18:08:00,10437.01
2019-08-18 19:08:00,10458.17
2019-08-18 20:08:00,10413.77
2019-08-18 21:08:00,10393.17
2019-08-18 22:08:00,10379.67
2019-08-18 23:08:00,10366.57
2019-08-18 24:08:00,10393.14
2019-08-19 01:08:00,10376.82
2019-08-19 02:08:00,10337.42
2019-08-19 03:08:00,10307.3
2019-08-19 04:08:00,10352.83
2019-08-19 05:08:00,10407.05
2019-08-19 06:08:00,10401.75
2019-08-19 07:08:00,10403.73
2019-08-19 08:08:00,10375.41
2019-08-19 09:08:00,10436
2019-08-19 10:08:00,10655.29
2019-08-19 11:08:00,10708
2019-08-19 12:08:00,10708.91
2019-08-19 13:08:00,10703.65
2019-08-19 14:08:00,10736.58
2019-08-19 15:08:00,10682.81
2019-08-19 16:08:00,10709.33
2019-08-19 17:08:00,10733.34
2019-08-19 18:08:00,10709.04
2019-08-19 19:08:00,10699.42
2019-08-19 20:08:00,10707.42
2019-08-19 21:08:00,10729.42
2019-08-19 22:08:00,10753.16
2019-08-19 23:08:00,10677.58
2019-08-19 24:08:00,10715.21
2019-08-20 01:08:00,10769.25
2019-08-20 02:08:00,10874.52
2019-08-20 03:08:00,10927.66
2019-08-20 04:08:00,10896.64
2019-08-20 05:08:00,10877.52
2019-08-20 06:08:00,10823.46
2019-08-20 07:08:00,10816.14
2019-08-20 08:08:00,10797.76
2019-08-20 09:08:00,10787.49
2019-08-20 10:08:00,10813.89
2019-08-20 11:08:00,10727.36
2019-08-20 12:08:00,10642
2019-08-20 13:08:00,10690.04
2019-08-20 14:08:00,10662.77
2019-08-20 15:08:00,10674.24
2019-08-20 16:08:00,10676.98
2019-08-20 17:08:00,10620.64
2019-08-20 18:08:00,10677.86
2019-08-20 19:08:00,10757.97
2019-08-20 20:08:00,10761.24
2019-08-20 21:08:00,10738.73
2019-08-20 22:08:00,10749.26
2019-08-20 23:08:00,10695.08
2019-08-20 24:08:00,10785.59
2019-08-21 01:08:00,10812.43
2019-08-21 02:08:00,10797.28
2019-08-21 03:08:00,10742.66
2019-08-21 04:08:00,10692.65
2019-08-21 05:08:00,10621.88
2019-08-21 06:08:00,10378.06
2019-08-21 07:08:00,10220.43
2019-08-21 08:08:00,10221.96
2019-08-21 09:08:00,10145.97
2019-08-21 10:08:00,10185.03
2019-08-21 11:08:00,10160.05
2019-08-21 12:08:00,10189.6
2019-08-21 13:08:00,10117.61
2019-08-21 14:08:00,10140.5
2019-08-21 15:08:00,9988.42
2019-08-21 16:08:00,9948.44
2019-08-21 17:08:00,10012.69
2019-08-21 18:08:00,10024.32
2019-08-21 19:08:00,10027.4
2019-08-21 20:08:00,10108.61
2019-08-21 21:08:00,10110.25
2019-08-21 22:08:00,10091.91
2019-08-21 23:08:00,10153.06
2019-08-21 24:08:00,10126.36
2019-08-22 01:08:00,10080.34
2019-08-22 02:08:00,10066.91
2019-08-22 03:08:00,10099.54
2019-08-22 04:08:00,9889.54
2019-08-22 05:08:00,9845.43
2019-08-22 06:08:00,9913.47
2019-08-22 07:08:00,9943.85
2019-08-22 08:08:00,9948.28
2019-08-22 09:08:00,9958.91
2019-08-22 10:08:00,9953.74
2019-08-22 11:08:00,9946.58
2019-08-22 12:08:00,9974.41
2019-08-22 13:08:00,10036.43
2019-08-22 14:08:00,9941.87
2019-08-22 15:08:00,10021.99
2019-08-22 16:08:00,10115.12
2019-08-22 17:08:00,10093.59
2019-08-22 18:08:00,10137.92
2019-08-22 19:08:00,10105.61
2019-08-22 20:08:00,10160.93
2019-08-22 21:08:00,10209.06
2019-08-22 22:08:00,10188.55
2019-08-22 23:08:00,10197.82
2019-08-22 24:08:00,10154.29
2019-08-23 01:08:00,10184.39
2019-08-23 02:08:00,10123.33
2019-08-23 03:08:00,10099.98
2019-08-23 04:08:00,10114.39
2019-08-23 05:08:00,10126.17
2019-08-23 06:08:00,10147
2019-08-23 07:08:00,10183.84
2019-08-23 08:08:00,10151.44
2019-08-23 09:08:00,10192.55
2019-08-23 10:08:00,10229.49
2019-08-23 11:08:00,10205.46
2019-08-23 12:08:00,10174.8
2019-08-23 13:08:00,10122.62
2019-08-23 14:08:00,10150.39
2019-08-23 15:08:00,10184.69
2019-08-23 16:08:00,10349.67
2019-08-23 17:08:00,10407.04
2019-08-23 18:08:00,10417.22
2019-08-23 19:08:00,10415.23
2019-08-23 20:08:00,10417.66
2019-08-23 21:08:00,10417.41
2019-08-23 22:08:00,10427.82
2019-08-23 23:08:00,10361.36
2019-08-23 24:08:00,10410.17
2019-08-24 01:08:00,10426.06
2019-08-24 02:08:00,10409.33
2019-08-24 03:08:00,10421.16
2019-08-24 04:08:00,10413.41
2019-08-24 05:08:00,10370.23
2019-08-24 06:08:00,10351
2019-08-24 07:08:00,10376.8
2019-08-24 08:08:00,10369.37
2019-08-24 09:08:00,10358.46
2019-08-24 10:08:00,10306.27
2019-08-24 11:08:00,10169.11
2019-08-24 12:08:00,9981.3
2019-08-24 13:08:00,9998.71
2019-08-24 14:08:00,10023.83
2019-08-24 15:08:00,9990.95
2019-08-24 16:08:00,10020.46
2019-08-24 17:08:00,10006.99
2019-08-24 18:08:00,10000.47
2019-08-24 19:08:00,10058.19
2019-08-24 20:08:00,10078.73
2019-08-24 21:08:00,10086.53
2019-08-24 22:08:00,10112.75
2019-08-24 23:08:00,10139.9
2019-08-24 24:08:00,10092.41
2019-08-25 01:08:00,10098.56
2019-08-25 02:08:00,10149.58
2019-08-25 03:08:00,10170.56
2019-08-25 04:08:00,10104.75
2019-08-25 05:08:00,10127
2019-08-25 06:08:00,10121.42
2019-08-25 07:08:00,10095.57
2019-08-25 08:08:00,10088.26
2019-08-25 09:08:00,10117.71
2019-08-25 10:08:00,10129.44
2019-08-25 11:08:00,10110.95
2019-08-25 12:08:00,10141.13
2019-08-25 13:08:00,10165.9
2019-08-25 14:08:00,10150.14
2019-08-25 15:08:00,10256.94
2019-08-25 16:08:00,10279.2
2019-08-25 17:08:00,10062.12
2019-08-25 18:08:00,10089.07
2019-08-25 19:08:00,10092.01
2019-08-25 20:08:00,10100.04
2019-08-25 21:08:00,10096.19
2019-08-25 22:08:00,10049.28
2019-08-25 23:08:00,10039.68
2019-08-25 24:08:00,9971.17
2019-08-26 01:08:00,10036.54
2019-08-26 02:08:00,10113.7
2019-08-26 03:08:00,10475.39
2019-08-26 04:08:00,10495.01
2019-08-26 05:08:00,10428.08
2019-08-26 06:08:00,10316.96
2019-08-26 07:08:00,10332.78
2019-08-26 08:08:00,10320.38
2019-08-26 09:08:00,10369.69
2019-08-26 10:08:00,10360.49
2019-08-26 11:08:00,10327.39
2019-08-26 12:08:00,10355.81
2019-08-26 13:08:00,10373.76
2019-08-26 14:08:00,10372.03
2019-08-26 15:08:00,10391.54
2019-08-26 16:08:00,10344.25
2019-08-26 17:08:00,10333.15
2019-08-26 18:08:00,10346.41
2019-08-26 19:08:00,10321.35
2019-08-26 20:08:00,10316.61
2019-08-26 21:08:00,10299.85
2019-08-26 22:08:00,10317.25
2019-08-26 23:08:00,10246.68
2019-08-26 24:08:00,10267.51
2019-08-27 01:08:00,10314.72
2019-08-27 02:08:00,10368.54
2019-08-27 03:08:00,10355.36
2019-08-27 04:08:00,10326.42
2019-08-27 05:08:00,10256.86
2019-08-27 06:08:00,10154.88
2019-08-27 07:08:00,10184.53
2019-08-27 08:08:00,10206.27
2019-08-27 09:08:00,10228.6
2019-08-27 10:08:00,10171.75
2019-08-27 11:08:00,10189.1
2019-08-27 12:08:00,10181.44
2019-08-27 13:08:00,10126.39
2019-08-27 14:08:00,10134.46
2019-08-27 15:08:00,10068.55
2019-08-27 16:08:00,10161.45
2019-08-27 17:08:00,10170.81
2019-08-27 18:08:00,10156.7
2019-08-27 19:08:00,10199.57
2019-08-27 20:08:00,10194.63
2019-08-27 21:08:00,10204
2019-08-27 22:08:00,10171.06
2019-08-27 23:08:00,10175.13
2019-08-27 24:08:00,10177.87
2019-08-28 01:08:00,10141.93
2019-08-28 02:08:00,10202.91
2019-08-28 03:08:00,10178.96
2019-08-28 04:08:00,10145.54
2019-08-28 05:08:00,10127.64
2019-08-28 06:08:00,10117.96
2019-08-28 07:08:00,10127.6
2019-08-28 08:08:00,10111.17
2019-08-28 09:08:00,10186.16
2019-08-28 10:08:00,10184.91
2019-08-28 11:08:00,10149.64
2019-08-28 12:08:00,10150.81
2019-08-28 13:08:00,10142.08
2019-08-28 14:08:00,10144.35
2019-08-28 15:08:00,10179.21
2019-08-28 16:08:00,10239.87
2019-08-28 17:08:00,10196.13
2019-08-28 18:08:00,10251.67
2019-08-28 19:08:00,10245.76
2019-08-28 20:08:00,10243.86
2019-08-28 21:08:00,9771.59
2019-08-28 22:08:00,9691.64
2019-08-28 23:08:00,9686.45
2019-08-28 24:08:00,9702.34
2019-08-29 01:08:00,9723.79
2019-08-29 02:08:00,9739.59
2019-08-29 03:08:00,9712.8
2019-08-29 04:08:00,9701.7
2019-08-29 05:08:00,9694.29
2019-08-29 06:08:00,9598.77
2019-08-29 07:08:00,9602.67
2019-08-29 08:08:00,9624.9
2019-08-29 09:08:00,9540.25
2019-08-29 10:08:00,9417.6
2019-08-29 11:08:00,9433.03
2019-08-29 12:08:00,9461.19
2019-08-29 13:08:00,9466.51
2019-08-29 14:08:00,9477.51
2019-08-29 15:08:00,9442.81
2019-08-29 16:08:00,9475.42
2019-08-29 17:08:00,9439.24
2019-08-29 18:08:00,9517.91
2019-08-29 19:08:00,9517.96
2019-08-29 20:08:00,9534.4
2019-08-29 21:08:00,9539.89
2019-08-29 22:08:00,9497.6
2019-08-29 23:08:00,9524.64
2019-08-29 24:08:00,9506.58
2019-08-30 01:08:00,9519.88
2019-08-30 02:08:00,9485.68
2019-08-30 03:08:00,9478.95
2019-08-30 04:08:00,9411.89
2019-08-30 05:08:00,9495.18
2019-08-30 06:08:00,9495.29
2019-08-30 07:08:00,9499.07
2019-08-30 08:08:00,9521.56
2019-08-30 09:08:00,9517.45
2019-08-30 10:08:00,9498.82
2019-08-30 11:08:00,9539.27
2019-08-30 12:08:00,9568.89
2019-08-30 13:08:00,9606.13
2019-08-30 14:08:00,9586.16
2019-08-30 15:08:00,9589.78
2019-08-30 16:08:00,9603.96
2019-08-30 17:08:00,9597.57
2019-08-30 18:08:00,9594.67
2019-08-30 19:08:00,9586.23
2019-08-30 20:08:00,9564.87
2019-08-30 21:08:00,9543.14
2019-08-30 22:08:00,9526.95
2019-08-30 23:08:00,9650.37
2019-08-30 24:08:00,9641.15
2019-08-31 01:08:00,9634.26
2019-08-31 02:08:00,9607.2
2019-08-31 03:08:00,9626.03
2019-08-31 04:08:00,9639.21
2019-08-31 05:08:00,9669.62
2019-08-31 06:08:00,9685.95
2019-08-31 07:08:00,9642.12
2019-08-31 08:08:00,9700.26
2019-08-31 09:08:00,9675.33
2019-08-31 10:08:00,9637.85
2019-08-31 11:08:00,9601.19
2019-08-31 12:08:00,9587.38
2019-08-31 13:08:00,9623.52
2019-08-31 14:08:00,9611.31
2019-08-31 15:08:00,9626.74
2019-08-31 16:08:00,9631.02
2019-08-31 17:08:00,9605.36
2019-08-31 18:08:00,9612.12
2019-08-31 19:08:00,9617.5
2019-08-31 20:08:00,9642.69
2019-08-31 21:08:00,9612.15
2019-08-31 22:08:00,9601.72
2019-08-31 23:08:00,9512.5
2019-08-31 24:08:00,9605.74
2019-09-01 01:09:00,9666.42
2019-09-01 02:09:00,9657.91
2019-09-01 03:09:00,9647.55
2019-09-01 04:09:00,9675.76
2019-09-01 05:09:00,9671.72
2019-09-01 06:09:00,9689.87
2019-09-01 07:09:00,9687.36
2019-09-01 08:09:00,9671.27
2019-09-01 09:09:00,9660.05
2019-09-01 10:09:00,9677.83
2019-09-01 11:09:00,9630.9
2019-09-01 12:09:00,9633.12
2019-09-01 13:09:00,9648.58
2019-09-01 14:09:00,9643.76
2019-09-01 15:09:00,9634.71
2019-09-01 16:09:00,9613.51
2019-09-01 17:09:00,9626.22
2019-09-01 18:09:00,9644.57
2019-09-01 19:09:00,9608.47
2019-09-01 20:09:00,9607.96
2019-09-01 21:09:00,9640.28
2019-09-01 22:09:00,9632.24
2019-09-01 23:09:00,9660.59
2019-09-01 24:09:00,9739.62
2019-09-02 01:09:00,9782.37
2019-09-02 02:09:00,9779.2
2019-09-02 03:09:00,9788.86
2019-09-02 04:09:00,9788.65
2019-09-02 05:09:00,9793.42
2019-09-02 06:09:00,9801.76
2019-09-02 07:09:00,9812.5
2019-09-02 08:09:00,9800.58
2019-09-02 09:09:00,9782.18
2019-09-02 10:09:00,9786.46
2019-09-02 11:09:00,9800.73
2019-09-02 12:09:00,9809.42
2019-09-02 13:09:00,9817.45
2019-09-02 14:09:00,9845.43
2019-09-02 15:09:00,9845.8
2019-09-02 16:09:00,9903.05
2019-09-02 17:09:00,9948.88
2019-09-02 18:09:00,9908.34
2019-09-02 19:09:00,9942.14
2019-09-02 20:09:00,10057.78
2019-09-02 21:09:00,10150.38
2019-09-02 22:09:00,10161.58
2019-09-02 23:09:00,10345.72
2019-09-02 24:09:00,10411.17
2019-09-03 01:09:00,10423.91
2019-09-03 02:09:00,10382.76
2019-09-03 03:09:00,10416.71
2019-09-03 04:09:00,10360.54
2019-09-03 05:09:00,10374.27
2019-09-03 06:09:00,10453.14
2019-09-03 07:09:00,10405.44
2019-09-03 08:09:00,10433.28
2019-09-03 09:09:00,10418.24
2019-09-03 10:09:00,10408.1
2019-09-03 11:09:00,10408.11
2019-09-03 12:09:00,10361.52
2019-09-03 13:09:00,10345.21
2019-09-03 14:09:00,10442.08
2019-09-03 15:09:00,10516.16
2019-09-03 16:09:00,10671.83
2019-09-03 17:09:00,10702.45
2019-09-03 18:09:00,10638.31
2019-09-03 19:09:00,10685.23
2019-09-03 20:09:00,10653.21
2019-09-03 21:09:00,10652.94
2019-09-03 22:09:00,10658.18
2019-09-03 23:09:00,10706.51
2019-09-03 24:09:00,10706.79
2019-09-04 01:09:00,10706.28
2019-09-04 02:09:00,10604.97
2019-09-04 03:09:00,10600.49
2019-09-04 04:09:00,10505.33
2019-09-04 05:09:00,10540.44
2019-09-04 06:09:00,10589.34
2019-09-04 07:09:00,10611.8
2019-09-04 08:09:00,10585.14
2019-09-04 09:09:00,10609.53
2019-09-04 10:09:00,10587.61
2019-09-04 11:09:00,10522.7
2019-09-04 12:09:00,10529.57
2019-09-04 13:09:00,10544.94
2019-09-04 14:09:00,10553.12
2019-09-04 15:09:00,10530.18
2019-09-04 16:09:00,10421.5
2019-09-04 17:09:00,10440.44
2019-09-04 18:09:00,10443.4
2019-09-04 19:09:00,10549.09
2019-09-04 20:09:00,10649.24
2019-09-04 21:09:00,10630.13
2019-09-04 22:09:00,10682.18
2019-09-04 23:09:00,10729.93
2019-09-04 24:09:00,10641.07
2019-09-05 01:09:00,10600.08
2019-09-05 02:09:00,10580.65
2019-09-05 03:09:00,10551.41
2019-09-05 04:09:00,10567.18
2019-09-05 05:09:00,10581.28
2019-09-05 06:09:00,10549.31
2019-09-05 07:09:00,10606.75
2019-09-05 08:09:00,10632.42
2019-09-05 09:09:00,10595.81
2019-09-05 10:09:00,10567.76
2019-09-05 11:09:00,10583.24
2019-09-05 12:09:00,10590.17
2019-09-05 13:09:00,10554.4
2019-09-05 14:09:00,10606.01
2019-09-05 15:09:00,10590.65
2019-09-05 16:09:00,10599.25
2019-09-05 17:09:00,10574.07
2019-09-05 18:09:00,10570.42
2019-09-05 19:09:00,10561.01
2019-09-05 20:09:00,10521.87
2019-09-05 21:09:00,10537.96
2019-09-05 22:09:00,10538.96
2019-09-05 23:09:00,10556.17
2019-09-05 24:09:00,10556.12
2019-09-06 01:09:00,10594.31
2019-09-06 02:09:00,10592.66
2019-09-06 03:09:00,10586.42
2019-09-06 04:09:00,10587.63
2019-09-06 05:09:00,10656.95
2019-09-06 06:09:00,10698.06
2019-09-06 07:09:00,10705.85
2019-09-06 08:09:00,10767.78
2019-09-06 09:09:00,10734.7
2019-09-06 10:09:00,10753.71
2019-09-06 11:09:00,10761.49
2019-09-06 12:09:00,10743.18
2019-09-06 13:09:00,10775.65
2019-09-06 14:09:00,10860.65
2019-09-06 15:09:00,10906.4
2019-09-06 16:09:00,10856.71
2019-09-06 17:09:00,10879.68
2019-09-06 18:09:00,10900.58
2019-09-06 19:09:00,10887.33
2019-09-06 20:09:00,10533.5
2019-09-06 21:09:00,10411.85
2019-09-06 22:09:00,10390
2019-09-06 23:09:00,10284.57
2019-09-06 24:09:00,10373.95
2019-09-07 01:09:00,10390.66
2019-09-07 02:09:00,10332.38
2019-09-07 03:09:00,10359.61
2019-09-07 04:09:00,10387.28
2019-09-07 05:09:00,10398.25
2019-09-07 06:09:00,10407.75
2019-09-07 07:09:00,10373.92
2019-09-07 08:09:00,10378.52
2019-09-07 09:09:00,10396.64
2019-09-07 10:09:00,10395.9
2019-09-07 11:09:00,10448.28
2019-09-07 12:09:00,10430.32
2019-09-07 13:09:00,10395.47
2019-09-07 14:09:00,10421
2019-09-07 15:09:00,10476.9
2019-09-07 16:09:00,10424.63
2019-09-07 17:09:00,10433.65
2019-09-07 18:09:00,10465.15
2019-09-07 19:09:00,10485.68
2019-09-07 20:09:00,10531.46
2019-09-07 21:09:00,10515.16
2019-09-07 22:09:00,10503.5
2019-09-07 23:09:00,10521.3
2019-09-07 24:09:00,10524.42
2019-09-08 01:09:00,10558.72
2019-09-08 02:09:00,10513.62
2019-09-08 03:09:00,10527.46
2019-09-08 04:09:00,10572.46
2019-09-08 05:09:00,10515.93
2019-09-08 06:09:00,10542.91
2019-09-08 07:09:00,10587.47
2019-09-08 08:09:00,10567.1
2019-09-08 09:09:00,10576.46
2019-09-08 10:09:00,10601.66
2019-09-08 11:09:00,10563.18
2019-09-08 12:09:00,10568.24
2019-09-08 13:09:00,10542.1
2019-09-08 14:09:00,10357.6
2019-09-08 15:09:00,10443.98
2019-09-08 16:09:00,10427.97
2019-09-08 17:09:00,10429.19
2019-09-08 18:09:00,10448.45
2019-09-08 19:09:00,10415.48
2019-09-08 20:09:00,10412.59
2019-09-08 21:09:00,10387.62
2019-09-08 22:09:00,10372.71
2019-09-08 23:09:00,10385.08
2019-09-08 24:09:00,10378.37
2019-09-09 01:09:00,10429.88
2019-09-09 02:09:00,10433.87
2019-09-09 03:09:00,10423.68
2019-09-09 04:09:00,10424.97
2019-09-09 05:09:00,10367.22
2019-09-09 06:09:00,10316.97
2019-09-09 07:09:00,10315.75
2019-09-09 08:09:00,10353.8
2019-09-09 09:09:00,10304.5
2019-09-09 10:09:00,10172.99
2019-09-09 11:09:00,10136.75
2019-09-09 12:09:00,10230.29
2019-09-09 13:09:00,10256.07
2019-09-09 14:09:00,10417.27
2019-09-09 15:09:00,10415.19
2019-09-09 16:09:00,10368.48
2019-09-09 17:09:00,10344.83
2019-09-09 18:09:00,10350.54
2019-09-09 19:09:00,10258.64
2019-09-09 20:09:00,10285.77
2019-09-09 21:09:00,10290.57
2019-09-09 22:09:00,10290.26
2019-09-09 23:09:00,10291.01
2019-09-09 24:09:00,10281.08
2019-09-10 01:09:00,10361.23
2019-09-10 02:09:00,10370.68
2019-09-10 03:09:00,10365.47
2019-09-10 04:09:00,10389.41
2019-09-10 05:09:00,10351.2
2019-09-10 06:09:00,10319.56
2019-09-10 07:09:00,10354.26
2019-09-10 08:09:00,10310.93
2019-09-10 09:09:00,10292.1
2019-09-10 10:09:00,10304.36
2019-09-10 11:09:00,10325.08
2019-09-10 12:09:00,10255.72
2019-09-10 13:09:00,10273.92
2019-09-10 14:09:00,10315.39
2019-09-10 15:09:00,10276.74
2019-09-10 16:09:00,10295.38
2019-09-10 17:09:00,10222.03
2019-09-10 18:09:00,10207.43
2019-09-10 19:09:00,10228.1
2019-09-10 20:09:00,10236.73
2019-09-10 21:09:00,10232.59
2019-09-10 22:09:00,10031.85
2019-09-10 23:09:00,10024.84
2019-09-10 24:09:00,10100.3
2019-09-11 01:09:00,10121.33
2019-09-11 02:09:00,10094.32
2019-09-11 03:09:00,10195.29
2019-09-11 04:09:00,10138.22
2019-09-11 05:09:00,10106.41
2019-09-11 06:09:00,10130
2019-09-11 07:09:00,10102.07
2019-09-11 08:09:00,10028.28
2019-09-11 09:09:00,9943.08
2019-09-11 10:09:00,10038.51
2019-09-11 11:09:00,10048.47
2019-09-11 12:09:00,10016.68
2019-09-11 13:09:00,10067.29
2019-09-11 14:09:00,10109.34
2019-09-11 15:09:00,10082.49
2019-09-11 16:09:00,10054.7
2019-09-11 17:09:00,10013.9
2019-09-11 18:09:00,10013.69
2019-09-11 19:09:00,10033.22
2019-09-11 20:09:00,10076.9
2019-09-11 21:09:00,10101.96
2019-09-11 22:09:00,10087.16
2019-09-11 23:09:00,10117.26
2019-09-11 24:09:00,10157.67
2019-09-12 01:09:00,10167.92
2019-09-12 02:09:00,10155.26
2019-09-12 03:09:00,10204.85
2019-09-12 04:09:00,10210.69
2019-09-12 05:09:00,10168.66
2019-09-12 06:09:00,10157.89
2019-09-12 07:09:00,10122.11
2019-09-12 08:09:00,10168.47
2019-09-12 09:09:00,10091.19
2019-09-12 10:09:00,10158.88
2019-09-12 11:09:00,10141.16
2019-09-12 12:09:00,10169.67
2019-09-12 13:09:00,10180
2019-09-12 14:09:00,10185.69
2019-09-12 15:09:00,10219.45
2019-09-12 16:09:00,10292.59
2019-09-12 17:09:00,10319.96
2019-09-12 18:09:00,10342.78
2019-09-12 19:09:00,10293.86
2019-09-12 20:09:00,10311.46
2019-09-12 21:09:00,10342.33
2019-09-12 22:09:00,10327.23
2019-09-12 23:09:00,10354.28
2019-09-12 24:09:00,10408.46
2019-09-13 01:09:00,10447.34
2019-09-13 02:09:00,10425.2
2019-09-13 03:09:00,10435.12
2019-09-13 04:09:00,10436.75
2019-09-13 05:09:00,10392.92
2019-09-13 06:09:00,10420.29
2019-09-13 07:09:00,10422.89
2019-09-13 08:09:00,10329.58
2019-09-13 09:09:00,10352.07
2019-09-13 10:09:00,10318.19
2019-09-13 11:09:00,10345.33
2019-09-13 12:09:00,10358.74
2019-09-13 13:09:00,10329.81
2019-09-13 14:09:00,10296.08
2019-09-13 15:09:00,10341.52
2019-09-13 16:09:00,10366.47
2019-09-13 17:09:00,10325.18
2019-09-13 18:09:00,10339.41
2019-09-13 19:09:00,10338.26
2019-09-13 20:09:00,10246.39
2019-09-13 21:09:00,10239.07
2019-09-13 22:09:00,10235.46
2019-09-13 23:09:00,10236.05
2019-09-13 24:09:00,10314.98
2019-09-14 01:09:00,10323.36
2019-09-14 02:09:00,10371.35
2019-09-14 03:09:00,10372.06
2019-09-14 04:09:00,10376.13
2019-09-14 05:09:00,10329.31
2019-09-14 06:09:00,10346.79
2019-09-14 07:09:00,10336.64
2019-09-14 08:09:00,10372
2019-09-14 09:09:00,10343.26
2019-09-14 10:09:00,10348.56
2019-09-14 11:09:00,10373.19
2019-09-14 12:09:00,10380.77
2019-09-14 13:09:00,10356.97
2019-09-14 14:09:00,10370.55
2019-09-14 15:09:00,10285.82
2019-09-14 16:09:00,10340.76
2019-09-14 17:09:00,10365.69
2019-09-14 18:09:00,10379.91
2019-09-14 19:09:00,10373.12
2019-09-14 20:09:00,10411.54
2019-09-14 21:09:00,10414.49
2019-09-14 22:09:00,10406.64
2019-09-14 23:09:00,10427.17
2019-09-14 24:09:00,10424.49
2019-09-15 01:09:00,10383.22
2019-09-15 02:09:00,10405.13
2019-09-15 03:09:00,10374.71
2019-09-15 04:09:00,10420
2019-09-15 05:09:00,10376.4
2019-09-15 06:09:00,10404.01
2019-09-15 07:09:00,10351.4
2019-09-15 08:09:00,10410.89
2019-09-15 09:09:00,10408.5
2019-09-15 10:09:00,10401.39
2019-09-15 11:09:00,10390.5
2019-09-15 12:09:00,10326.43
2019-09-15 13:09:00,10363.27
2019-09-15 14:09:00,10388.29
2019-09-15 15:09:00,10324.07
2019-09-15 16:09:00,10368.45
2019-09-15 17:09:00,10319.34
2019-09-15 18:09:00,10328.62
2019-09-15 19:09:00,10346.54
2019-09-15 20:09:00,10347.21
2019-09-15 21:09:00,10350.84
2019-09-15 22:09:00,10340.6
2019-09-15 23:09:00,10297.59
2019-09-15 24:09:00,10320.87
2019-09-16 01:09:00,10335.58
2019-09-16 02:09:00,10419.01
2019-09-16 03:09:00,10380.93
2019-09-16 04:09:00,10387.49
2019-09-16 05:09:00,10396.05
2019-09-16 06:09:00,10371.1
2019-09-16 07:09:00,10358.1
2019-09-16 08:09:00,10407.95
2019-09-16 09:09:00,10321.79
2019-09-16 10:09:00,10337.86
2019-09-16 11:09:00,10388.28
2019-09-16 12:09:00,10378.49
2019-09-16 13:09:00,10336.41
2019-09-16 14:09:00,10326.63
2019-09-16 15:09:00,10180.03
2019-09-16 16:09:00,10184.76
2019-09-16 17:09:00,10161.28
2019-09-16 18:09:00,10147.55
2019-09-16 19:09:00,10134.37
2019-09-16 20:09:00,10193.94
2019-09-16 21:09:00,10165.37
2019-09-16 22:09:00,10178.36
2019-09-16 23:09:00,10180.39
2019-09-16 24:09:00,10326.58
2019-09-17 01:09:00,10347.58
2019-09-17 02:09:00,10303.51
2019-09-17 03:09:00,10254.74
2019-09-17 04:09:00,10264.28
2019-09-17 05:09:00,10270.76
2019-09-17 06:09:00,10284.9
2019-09-17 07:09:00,10270.51
2019-09-17 08:09:00,10231.19
2019-09-17 09:09:00,10235.36
2019-09-17 10:09:00,10248.44
2019-09-17 11:09:00,10224.34
2019-09-17 12:09:00,10181
2019-09-17 13:09:00,10235.71
2019-09-17 14:09:00,10217.95
2019-09-17 15:09:00,10209.08
2019-09-17 16:09:00,10218.59
2019-09-17 17:09:00,10206.96
2019-09-17 18:09:00,10242.22
2019-09-17 19:09:00,10252.22
2019-09-17 20:09:00,10274.44
2019-09-17 21:09:00,10246.79
2019-09-17 22:09:00,10265.94
2019-09-17 23:09:00,10267.73
2019-09-17 24:09:00,10248.88
2019-09-18 01:09:00,10250.98
2019-09-18 02:09:00,10214.48
2019-09-18 03:09:00,10222.97
2019-09-18 04:09:00,10253.57
2019-09-18 05:09:00,10250.23
2019-09-18 06:09:00,10231.04
2019-09-18 07:09:00,10244.11
2019-09-18 08:09:00,10243.42
2019-09-18 09:09:00,10226.85
2019-09-18 10:09:00,10229.99
2019-09-18 11:09:00,10182.2
2019-09-18 12:09:00,10188.78
2019-09-18 13:09:00,10205.33
2019-09-18 14:09:00,10168.82
2019-09-18 15:09:00,10155.28
2019-09-18 16:09:00,10205.33
2019-09-18 17:09:00,10193.56
2019-09-18 18:09:00,10192.72
2019-09-18 19:09:00,10192.78
2019-09-18 20:09:00,10203.7
2019-09-18 21:09:00,10198.68
2019-09-18 22:09:00,10198.86
2019-09-18 23:09:00,10182.07
2019-09-18 24:09:00,10225.33
2019-09-19 01:09:00,10204.56
2019-09-19 02:09:00,10187.25
2019-09-19 03:09:00,10191.99
2019-09-19 04:09:00,10162.86
2019-09-19 05:09:00,10131.33
2019-09-19 06:09:00,9802.38
2019-09-19 07:09:00,9825.53
2019-09-19 08:09:00,9876.65
2019-09-19 09:09:00,9910.35
2019-09-19 10:09:00,9884.9
2019-09-19 11:09:00,9899.16
2019-09-19 12:09:00,9939.01
2019-09-19 13:09:00,9876.2
2019-09-19 14:09:00,9887.02
2019-09-19 15:09:00,9903.19
2019-09-19 16:09:00,9913.01
2019-09-19 17:09:00,9891.34
2019-09-19 18:09:00,9903.14
2019-09-19 19:09:00,10014.71
2019-09-19 20:09:00,10072.67
2019-09-19 21:09:00,10065.24
2019-09-19 22:09:00,10097.99
2019-09-19 23:09:00,10288.03
2019-09-19 24:09:00,10306.42
2019-09-20 01:09:00,10268.37
2019-09-20 02:09:00,10280.48
2019-09-20 03:09:00,10289.71
2019-09-20 04:09:00,10257.37
2019-09-20 05:09:00,10221.89
2019-09-20 06:09:00,10237.97
2019-09-20 07:09:00,10240.27
2019-09-20 08:09:00,10206.1
2019-09-20 09:09:00,10209.41
2019-09-20 10:09:00,10201.23
2019-09-20 11:09:00,10186.5
2019-09-20 12:09:00,10159.76
2019-09-20 13:09:00,10177.32
2019-09-20 14:09:00,10167.63
2019-09-20 15:09:00,10214.49
2019-09-20 16:09:00,10212.18
2019-09-20 17:09:00,10190.28
2019-09-20 18:09:00,10169.2
2019-09-20 19:09:00,10142.96
2019-09-20 20:09:00,10123.33
2019-09-20 21:09:00,10159.94
2019-09-20 22:09:00,10182.65
2019-09-20 23:09:00,10156.98
2019-09-20 24:09:00,10117.81
2019-09-21 01:09:00,10196.05
2019-09-21 02:09:00,10189.81
2019-09-21 03:09:00,10198.95
2019-09-21 04:09:00,10199.07
2019-09-21 05:09:00,10178.41
2019-09-21 06:09:00,10191.32
2019-09-21 07:09:00,10121.55
2019-09-21 08:09:00,10136.79
2019-09-21 09:09:00,10040.9
2019-09-21 10:09:00,10134.51
2019-09-21 11:09:00,10036.33
2019-09-21 12:09:00,10036.4
2019-09-21 13:09:00,10018.79
2019-09-21 14:09:00,10040.9
2019-09-21 15:09:00,9988.85
2019-09-21 16:09:00,9990.8
2019-09-21 17:09:00,10030.99
2019-09-21 18:09:00,10060.15
2019-09-21 19:09:00,10029.73
2019-09-21 20:09:00,9997.55
2019-09-21 21:09:00,10017.77
2019-09-21 22:09:00,10032.37
2019-09-21 23:09:00,9990.17
2019-09-21 24:09:00,10001.64
2019-09-22 01:09:00,10000.9
2019-09-22 02:09:00,10037.35
2019-09-22 03:09:00,9974.72
2019-09-22 04:09:00,9912.78
2019-09-22 05:09:00,9961.45
2019-09-22 06:09:00,9949.97
2019-09-22 07:09:00,9919.04
2019-09-22 08:09:00,9970.2
2019-09-22 09:09:00,9992.88
2019-09-22 10:09:00,10008.81
2019-09-22 11:09:00,10073.98
2019-09-22 12:09:00,10030.74
2019-09-22 13:09:00,10059.44
2019-09-22 14:09:00,10063.38
2019-09-22 15:09:00,10070.14
2019-09-22 16:09:00,10000
2019-09-22 17:09:00,9994.59
2019-09-22 18:09:00,9994.13
2019-09-22 19:09:00,10022.58
2019-09-22 20:09:00,10051.18
2019-09-22 21:09:00,10000.71
2019-09-22 22:09:00,10030.29
2019-09-22 23:09:00,10018.85
2019-09-22 24:09:00,10034.11
2019-09-23 01:09:00,10072.59
2019-09-23 02:09:00,10085.47
2019-09-23 03:09:00,10010.85
2019-09-23 04:09:00,10011.38
2019-09-23 05:09:00,10057.35
2019-09-23 06:09:00,9977.87
2019-09-23 07:09:00,10026.57
2019-09-23 08:09:00,9960.78
2019-09-23 09:09:00,9915.66
2019-09-23 10:09:00,9932.21
2019-09-23 11:09:00,9955.33
2019-09-23 12:09:00,9978.17
2019-09-23 13:09:00,9941.13
2019-09-23 14:09:00,9964.09
2019-09-23 15:09:00,9923.09
2019-09-23 16:09:00,9945.82
2019-09-23 17:09:00,9828.54
2019-09-23 18:09:00,9891.66
2019-09-23 19:09:00,9809.65
2019-09-23 20:09:00,9811.23
2019-09-23 21:09:00,9824.81
2019-09-23 22:09:00,9830.25
2019-09-23 23:09:00,9803.1
2019-09-23 24:09:00,9727.6
2019-09-24 01:09:00,9685.3
2019-09-24 02:09:00,9730.92
2019-09-24 03:09:00,9694.99
2019-09-24 04:09:00,9784.93
2019-09-24 05:09:00,9754.38
2019-09-24 06:09:00,9730.9
2019-09-24 07:09:00,9746.05
2019-09-24 08:09:00,9769.83
2019-09-24 09:09:00,9784.48
2019-09-24 10:09:00,9768.19
2019-09-24 11:09:00,9720.88
2019-09-24 12:09:00,9752.36
2019-09-24 13:09:00,9758.02
2019-09-24 14:09:00,9741
2019-09-24 15:09:00,9699.28
2019-09-24 16:09:00,9617.38
2019-09-24 17:09:00,9541.71
2019-09-24 18:09:00,9481.19
2019-09-24 19:09:00,9528.04
2019-09-24 20:09:00,9472.48
2019-09-24 21:09:00,9058.85
2019-09-24 22:09:00,8496.68
2019-09-24 23:09:00,8466.48
2019-09-24 24:09:00,8635.68
2019-09-25 01:09:00,8706.07
2019-09-25 02:09:00,8657.87
2019-09-25 03:09:00,8659.96
2019-09-25 04:09:00,8699.75
2019-09-25 05:09:00,8675.83
2019-09-25 06:09:00,8628.64
2019-09-25 07:09:00,8530
2019-09-25 08:09:00,8516.04
2019-09-25 09:09:00,8537.9
2019-09-25 10:09:00,8399.27
2019-09-25 11:09:00,8311.18
2019-09-25 12:09:00,8379.56
2019-09-25 13:09:00,8446.13
2019-09-25 14:09:00,8391.58
2019-09-25 15:09:00,8288.92
2019-09-25 16:09:00,8399.52
2019-09-25 17:09:00,8437.76
2019-09-25 18:09:00,8391.33
2019-09-25 19:09:00,8310.24
2019-09-25 20:09:00,8389.58
2019-09-25 21:09:00,8375.38
2019-09-25 22:09:00,8363.28
2019-09-25 23:09:00,8475.6
2019-09-25 24:09:00,8566.11
2019-09-26 01:09:00,8555.13
2019-09-26 02:09:00,8415.08
2019-09-26 03:09:00,8432.35
2019-09-26 04:09:00,8396.48
2019-09-26 05:09:00,8381.41
2019-09-26 06:09:00,8412.6
2019-09-26 07:09:00,8406.33
2019-09-26 08:09:00,8430.66
2019-09-26 09:09:00,8439.71
2019-09-26 10:09:00,8409.88
2019-09-26 11:09:00,8459.15
2019-09-26 12:09:00,8452.56
2019-09-26 13:09:00,8434.32
2019-09-26 14:09:00,8451.82
2019-09-26 15:09:00,8426.21
2019-09-26 16:09:00,8228.46
2019-09-26 17:09:00,8269.82
2019-09-26 18:09:00,8031.8
2019-09-26 19:09:00,7889.46
2019-09-26 20:09:00,7938.54
2019-09-26 21:09:00,8045.02
2019-09-26 22:09:00,8096.01
2019-09-26 23:09:00,8130.82
2019-09-26 24:09:00,8077.9
2019-09-27 01:09:00,8117.37
2019-09-27 02:09:00,8128.15
2019-09-27 03:09:00,8042.39
2019-09-27 04:09:00,7993.97
2019-09-27 05:09:00,8054.28
2019-09-27 06:09:00,8051.62
2019-09-27 07:09:00,8020.95
2019-09-27 08:09:00,8066.47
2019-09-27 09:09:00,8061.06
2019-09-27 10:09:00,8101.13
2019-09-27 11:09:00,8107.16
2019-09-27 12:09:00,8067.25
2019-09-27 13:09:00,8122.19
2019-09-27 14:09:00,8005.3
2019-09-27 15:09:00,8027.71
2019-09-27 16:09:00,8057.29
2019-09-27 17:09:00,8015.49
2019-09-27 18:09:00,7959.94
2019-09-27 19:09:00,8030.4
2019-09-27 20:09:00,8061.87
2019-09-27 21:09:00,8080.22
2019-09-27 22:09:00,8059.62
2019-09-27 23:09:00,8067.94
2019-09-27 24:09:00,8187.85
2019-09-28 01:09:00,8236.83
2019-09-28 02:09:00,8198.93
2019-09-28 03:09:00,8232.32
2019-09-28 04:09:00,8236.55
2019-09-28 05:09:00,8189.74
2019-09-28 06:09:00,8230.53
2019-09-28 07:09:00,8228.63
2019-09-28 08:09:00,8224.15
2019-09-28 09:09:00,8266.79
2019-09-28 10:09:00,8236.04
2019-09-28 11:09:00,8248.26
2019-09-28 12:09:00,8264.13
2019-09-28 13:09:00,8234.44
2019-09-28 14:09:00,8185.51
2019-09-28 15:09:00,8120.98
2019-09-28 16:09:00,8111.37
2019-09-28 17:09:00,8129.86
2019-09-28 18:09:00,8084.18
2019-09-28 19:09:00,8142.54
2019-09-28 20:09:00,8179.39
2019-09-28 21:09:00,8192.2
2019-09-28 22:09:00,8187.94
2019-09-28 23:09:00,8216.54
2019-09-28 24:09:00,8205.31
2019-09-29 01:09:00,8228.85
2019-09-29 02:09:00,8216.37
2019-09-29 03:09:00,8259.77
2019-09-29 04:09:00,8284.87
2019-09-29 05:09:00,8260.29
2019-09-29 06:09:00,8196.33
2019-09-29 07:09:00,8231.85
2019-09-29 08:09:00,8293.82
2019-09-29 09:09:00,8153.68
2019-09-29 10:09:00,8119.92
2019-09-29 11:09:00,8155.53
2019-09-29 12:09:00,8169.98
2019-09-29 13:09:00,8131.38
2019-09-29 14:09:00,8136.08
2019-09-29 15:09:00,8014.62
2019-09-29 16:09:00,8034.79
2019-09-29 17:09:00,8046.03
2019-09-29 18:09:00,7970.96
2019-09-29 19:09:00,8027.7
2019-09-29 20:09:00,8075.87
2019-09-29 21:09:00,8026.7
2019-09-29 22:09:00,7988.1
2019-09-29 23:09:00,8013.52
2019-09-29 24:09:00,8068.75
2019-09-30 01:09:00,8118.37
2019-09-30 02:09:00,8137.48
2019-09-30 03:09:00,8074.39
2019-09-30 04:09:00,8082.41
2019-09-30 05:09:00,8023.79
2019-09-30 06:09:00,8006.29
2019-09-30 07:09:00,7833.24
2019-09-30 08:09:00,7839.13
2019-09-30 09:09:00,7801.86
2019-09-30 10:09:00,7815.01
2019-09-30 11:09:00,7873.16
2019-09-30 12:09:00,7977.91
2019-09-30 13:09:00,8061.88
2019-09-30 14:09:00,8077.13
2019-09-30 15:09:00,8047.13
2019-09-30 16:09:00,8144.35
2019-09-30 17:09:00,8201.3
2019-09-30 18:09:00,8286.81
2019-09-30 19:09:00,8306.43
2019-09-30 20:09:00,8271.54
2019-09-30 21:09:00,8305.56
2019-09-30 22:09:00,8286.51
2019-09-30 23:09:00,8230.43
2019-09-30 24:09:00,8250.56
2019-10-01 01:10:00,8284.41
2019-10-01 02:10:00,8293.3
2019-10-01 03:10:00,8275.66
2019-10-01 04:10:00,8258.93
2019-10-01 05:10:00,8389.29
2019-10-01 06:10:00,8483.25
2019-10-01 07:10:00,8472.08
2019-10-01 08:10:00,8469.41
2019-10-01 09:10:00,8418.75
2019-10-01 10:10:00,8423.23
2019-10-01 11:10:00,8431.24
2019-10-01 12:10:00,8363.97
2019-10-01 13:10:00,8375.78
2019-10-01 14:10:00,8370.49
2019-10-01 15:10:00,8397.68
2019-10-01 16:10:00,8372.94
2019-10-01 17:10:00,8381.84
2019-10-01 18:10:00,8371.21
2019-10-01 19:10:00,8440.7
2019-10-01 20:10:00,8406.27
2019-10-01 21:10:00,8323.53
2019-10-01 22:10:00,8295
2019-10-01 23:10:00,8352.58
2019-10-01 24:10:00,8381.28
2019-10-02 01:10:00,8360.2
2019-10-02 02:10:00,8339.82
2019-10-02 03:10:00,8337.32
2019-10-02 04:10:00,8350.52
2019-10-02 05:10:00,8316.53
2019-10-02 06:10:00,8267.36
2019-10-02 07:10:00,8265.65
2019-10-02 08:10:00,8224.78
2019-10-02 09:10:00,8261.9
2019-10-02 10:10:00,8255.63
2019-10-02 11:10:00,8287.54
2019-10-02 12:10:00,8290.71
2019-10-02 13:10:00,8314.96
2019-10-02 14:10:00,8302.5
2019-10-02 15:10:00,8273.91
2019-10-02 16:10:00,8258.21
2019-10-02 17:10:00,8262.6
2019-10-02 18:10:00,8271.78
2019-10-02 19:10:00,8279.82
2019-10-02 20:10:00,8235.19
2019-10-02 21:10:00,8279.97
2019-10-02 22:10:00,8284.55
2019-10-02 23:10:00,8266.07
2019-10-02 24:10:00,8289.51
2019-10-03 01:10:00,8293.4
2019-10-03 02:10:00,8371.14
2019-10-03 03:10:00,8390.32
2019-10-03 04:10:00,8375.75
2019-10-03 05:10:00,8406.35
2019-10-03 06:10:00,8410.01
2019-10-03 07:10:00,8408.58
2019-10-03 08:10:00,8351.56
2019-10-03 09:10:00,8338.45
2019-10-03 10:10:00,8344.88
2019-10-03 11:10:00,8316.67
2019-10-03 12:10:00,8331.97
2019-10-03 13:10:00,8265.04
2019-10-03 14:10:00,8259.1
2019-10-03 15:10:00,8265.03
2019-10-03 16:10:00,8250.65
2019-10-03 17:10:00,8149.4
2019-10-03 18:10:00,8142.13
2019-10-03 19:10:00,8176.86
2019-10-03 20:10:00,8177.68
2019-10-03 21:10:00,8176.97
2019-10-03 22:10:00,8146.91
2019-10-03 23:10:00,8179.65
2019-10-03 24:10:00,8186.67
2019-10-04 01:10:00,8207.16
2019-10-04 02:10:00,8261.9
2019-10-04 03:10:00,8160.39
2019-10-04 04:10:00,8123.87
2019-10-04 05:10:00,8154.33
2019-10-04 06:10:00,8109.71
2019-10-04 07:10:00,8098.22
2019-10-04 08:10:00,8075.62
2019-10-04 09:10:00,8180.45
2019-10-04 10:10:00,8185.15
2019-10-04 11:10:00,8137.1
2019-10-04 12:10:00,8155.56
2019-10-04 13:10:00,8177.39
2019-10-04 14:10:00,8174.35
2019-10-04 15:10:00,8196.71
2019-10-04 16:10:00,8173.26
2019-10-04 17:10:00,8193.26
2019-10-04 18:10:00,8167.89
2019-10-04 19:10:00,8193.95
2019-10-04 20:10:00,8191.47
2019-10-04 21:10:00,8203.3
2019-10-04 22:10:00,8217.97
2019-10-04 23:10:00,8214.01
2019-10-04 24:10:00,8197.62
2019-10-05 01:10:00,8217.21
2019-10-05 02:10:00,8195.87
2019-10-05 03:10:00,8176.05
2019-10-05 04:10:00,8213.97
2019-10-05 05:10:00,8190.36
2019-10-05 06:10:00,8244.4
2019-10-05 07:10:00,8275.64
2019-10-05 08:10:00,8223.44
2019-10-05 09:10:00,8209.35
2019-10-05 10:10:00,8187.66
2019-10-05 11:10:00,8129.64
2019-10-05 12:10:00,8179.6
2019-10-05 13:10:00,8136.27
2019-10-05 14:10:00,8185.81
2019-10-05 15:10:00,8126.09
2019-10-05 16:10:00,8068.61
2019-10-05 17:10:00,8095.07
2019-10-05 18:10:00,8122.16
2019-10-05 19:10:00,8157.3
2019-10-05 20:10:00,8099.99
2019-10-05 21:10:00,8122.68
2019-10-05 22:10:00,8140.44
2019-10-05 23:10:00,8125.21
2019-10-05 24:10:00,8197.52
2019-10-06 01:10:00,8206.71
2019-10-06 02:10:00,8195.35
2019-10-06 03:10:00,8209.83
2019-10-06 04:10:00,8154.93
2019-10-06 05:10:00,8082.34
2019-10-06 06:10:00,8122.72
2019-10-06 07:10:00,8162.89
2019-10-06 08:10:00,8220.08
2019-10-06 09:10:00,8011.97
2019-10-06 10:10:00,8026.73
2019-10-06 11:10:00,7972.54
2019-10-06 12:10:00,7981.29
2019-10-06 13:10:00,7981.48
2019-10-06 14:10:00,8001.19
2019-10-06 15:10:00,8022.2
2019-10-06 16:10:00,7946.41
2019-10-06 17:10:00,7928.19
2019-10-06 18:10:00,8036.66
2019-10-06 19:10:00,8031.72
2019-10-06 20:10:00,8032.64
2019-10-06 21:10:00,7876.8
2019-10-06 22:10:00,7889.16
2019-10-06 23:10:00,7920.55
2019-10-06 24:10:00,7923.04
2019-10-07 01:10:00,7924.62
2019-10-07 02:10:00,7871.94
2019-10-07 03:10:00,7827.02
2019-10-07 04:10:00,7839.3
2019-10-07 05:10:00,7873.93
2019-10-07 06:10:00,7897.97
2019-10-07 07:10:00,7904.79
2019-10-07 08:10:00,7898.16
2019-10-07 09:10:00,7900.31
2019-10-07 10:10:00,7904.46
2019-10-07 11:10:00,7948.67
2019-10-07 12:10:00,7936.65
2019-10-07 13:10:00,8036.32
2019-10-07 14:10:00,8034.96
2019-10-07 15:10:00,8124.53
2019-10-07 16:10:00,8181.92
2019-10-07 17:10:00,8169.77
2019-10-07 18:10:00,8204.19
2019-10-07 19:10:00,8224.72
2019-10-07 20:10:00,8275.39
2019-10-07 21:10:00,8283.67
2019-10-07 22:10:00,8252.58
2019-10-07 23:10:00,8245.44
2019-10-07 24:10:00,8228.89
2019-10-08 01:10:00,8248.11
2019-10-08 02:10:00,8265.85
2019-10-08 03:10:00,8265.1
2019-10-08 04:10:00,8281.97
2019-10-08 05:10:00,8324.17
2019-10-08 06:10:00,8295.14
2019-10-08 07:10:00,8289.62
2019-10-08 08:10:00,8258.32
2019-10-08 09:10:00,8281.76
2019-10-08 10:10:00,8257.38
2019-10-08 11:10:00,8194.33
2019-10-08 12:10:00,8224
2019-10-08 13:10:00,8222.63
2019-10-08 14:10:00,8221.63
2019-10-08 15:10:00,8206.46
2019-10-08 16:10:00,8247.81
2019-10-08 17:10:00,8211.55
2019-10-08 18:10:00,8226.17
2019-10-08 19:10:00,8203.18
2019-10-08 20:10:00,8200.67
2019-10-08 21:10:00,8206.53
2019-10-08 22:10:00,8205.42
2019-10-08 23:10:00,8149.5
2019-10-08 24:10:00,8166.78
2019-10-09 01:10:00,8206.82
2019-10-09 02:10:00,8216.3
2019-10-09 03:10:00,8196.48
2019-10-09 04:10:00,8225.09
2019-10-09 05:10:00,8167.39
2019-10-09 06:10:00,8182.18
2019-10-09 07:10:00,8184.99
2019-10-09 08:10:00,8179.2
2019-10-09 09:10:00,8219.3
2019-10-09 10:10:00,8220.61
2019-10-09 11:10:00,8204.67
2019-10-09 12:10:00,8221.58
2019-10-09 13:10:00,8232.67
2019-10-09 14:10:00,8208.87
2019-10-09 15:10:00,8198.71
2019-10-09 16:10:00,8212.45
2019-10-09 17:10:00,8400.49
2019-10-09 18:10:00,8559.82
2019-10-09 19:10:00,8595.83
2019-10-09 20:10:00,8618.87
2019-10-09 21:10:00,8649.88
2019-10-09 22:10:00,8608.87
2019-10-09 23:10:00,8615.07
2019-10-09 24:10:00,8595.98
2019-10-10 01:10:00,8624.32
2019-10-10 02:10:00,8628.91
2019-10-10 03:10:00,8611.05
2019-10-10 04:10:00,8593.37
2019-10-10 05:10:00,8568.17
2019-10-10 06:10:00,8599.36
2019-10-10 07:10:00,8639.85
2019-10-10 08:10:00,8611.98
2019-10-10 09:10:00,8606.97
2019-10-10 10:10:00,8643.94
2019-10-10 11:10:00,8618.33
2019-10-10 12:10:00,8557.99
2019-10-10 13:10:00,8532.47
2019-10-10 14:10:00,8569.43
2019-10-10 15:10:00,8506.54
2019-10-10 16:10:00,8512.67
2019-10-10 17:10:00,8526.52
2019-10-10 18:10:00,8553.26
2019-10-10 19:10:00,8564.8
2019-10-10 20:10:00,8579.56
2019-10-10 21:10:00,8545.4
2019-10-10 22:10:00,8585.23
2019-10-10 23:10:00,8598.82
2019-10-10 24:10:00,8609.78
2019-10-11 01:10:00,8606.94
2019-10-11 02:10:00,8612.69
2019-10-11 03:10:00,8578.75
2019-10-11 04:10:00,8596.86
2019-10-11 05:10:00,8615.45
2019-10-11 06:10:00,8632.38
2019-10-11 07:10:00,8698.35
2019-10-11 08:10:00,8559.22
2019-10-11 09:10:00,8437.43
2019-10-11 10:10:00,8430.35
2019-10-11 11:10:00,8367.74
2019-10-11 12:10:00,8417.69
2019-10-11 13:10:00,8394.57
2019-10-11 14:10:00,8351.75
2019-10-11 15:10:00,8352.57
2019-10-11 16:10:00,8368.84
2019-10-11 17:10:00,8329.54
2019-10-11 18:10:00,8351.97
2019-10-11 19:10:00,8330.68
2019-10-11 20:10:00,8375.06
2019-10-11 21:10:00,8364.06
2019-10-11 22:10:00,8376.64
2019-10-11 23:10:00,8371.72
2019-10-11 24:10:00,8334.06
2019-10-12 01:10:00,8407.29
2019-10-12 02:10:00,8287.37
2019-10-12 03:10:00,8308.99
2019-10-12 04:10:00,8367.68
2019-10-12 05:10:00,8410.44
2019-10-12 06:10:00,8375.58
2019-10-12 07:10:00,8444.25
2019-10-12 08:10:00,8395.8
2019-10-12 09:10:00,8401.99
2019-10-12 10:10:00,8442.26
2019-10-12 11:10:00,8398.84
2019-10-12 12:10:00,8414.88
2019-10-12 13:10:00,8359.13
2019-10-12 14:10:00,8403.45
2019-10-12 15:10:00,8400.38
2019-10-12 16:10:00,8404.66
2019-10-12 17:10:00,8398.51
2019-10-12 18:10:00,8410.1
2019-10-12 19:10:00,8400.29
2019-10-12 20:10:00,8369.81
2019-10-12 21:10:00,8343.45
2019-10-12 22:10:00,8363.89
2019-10-12 23:10:00,8443.96
2019-10-12 24:10:00,8398.54
2019-10-13 01:10:00,8448.76
2019-10-13 02:10:00,8388
2019-10-13 03:10:00,8367.64
2019-10-13 04:10:00,8409.46
2019-10-13 05:10:00,8451.79
2019-10-13 06:10:00,8439.08
2019-10-13 07:10:00,8438.84
2019-10-13 08:10:00,8378.49
2019-10-13 09:10:00,8383.41
2019-10-13 10:10:00,8397.36
2019-10-13 11:10:00,8502.34
2019-10-13 12:10:00,8408.03
2019-10-13 13:10:00,8511.86
2019-10-13 14:10:00,8409.18
2019-10-13 15:10:00,8425.36
2019-10-13 16:10:00,8446.89
2019-10-13 17:10:00,8444.58
2019-10-13 18:10:00,8465.63
2019-10-13 19:10:00,8461.14
2019-10-13 20:10:00,8459.11
2019-10-13 21:10:00,8498.6
2019-10-13 22:10:00,8463.31
2019-10-13 23:10:00,8263.49
2019-10-13 24:10:00,8262.79
2019-10-14 01:10:00,8305.68
2019-10-14 02:10:00,8326.22
2019-10-14 03:10:00,8355.75
2019-10-14 04:10:00,8353.58
2019-10-14 05:10:00,8338.95
2019-10-14 06:10:00,8346.31
2019-10-14 07:10:00,8360.48
2019-10-14 08:10:00,8362.06
2019-10-14 09:10:00,8369.84
2019-10-14 10:10:00,8360.3
2019-10-14 11:10:00,8360.77
2019-10-14 12:10:00,8364.08
2019-10-14 13:10:00,8331.53
2019-10-14 14:10:00,8310.63
2019-10-14 15:10:00,8275.9
2019-10-14 16:10:00,8309.25
2019-10-14 17:10:00,8302.16
2019-10-14 18:10:00,8287.08
2019-10-14 19:10:00,8331.35
2019-10-14 20:10:00,8361.93
2019-10-14 21:10:00,8392.36
2019-10-14 22:10:00,8381.79
2019-10-14 23:10:00,8401.35
2019-10-14 24:10:00,8316.79
2019-10-15 01:10:00,8380.27
2019-10-15 02:10:00,8407.04
2019-10-15 03:10:00,8406.5
2019-10-15 04:10:00,8428.04
2019-10-15 05:10:00,8379.94
2019-10-15 06:10:00,8373.28
2019-10-15 07:10:00,8387.8
2019-10-15 08:10:00,8342.65
2019-10-15 09:10:00,8329.18
2019-10-15 10:10:00,8304.45
2019-10-15 11:10:00,8311.35
2019-10-15 12:10:00,8328.94
2019-10-15 13:10:00,8381.6
2019-10-15 14:10:00,8340.21
2019-10-15 15:10:00,8339.41
2019-10-15 16:10:00,8328.24
2019-10-15 17:10:00,8305.74
2019-10-15 18:10:00,8311.14
2019-10-15 19:10:00,8175.26
2019-10-15 20:10:00,8195.24
2019-10-15 21:10:00,8173.79
2019-10-15 22:10:00,8192.49
2019-10-15 23:10:00,8183.02
2019-10-15 24:10:00,8147.82
2019-10-16 01:10:00,8189.46
2019-10-16 02:10:00,8186.75
2019-10-16 03:10:00,8190.01
2019-10-16 04:10:00,8203.59
2019-10-16 05:10:00,8200.8
2019-10-16 06:10:00,8194.93
2019-10-16 07:10:00,8213.73
2019-10-16 08:10:00,8259.78
2019-10-16 09:10:00,8228.46
2019-10-16 10:10:00,8178.27
2019-10-16 11:10:00,8145.28
2019-10-16 12:10:00,8155.76
2019-10-16 13:10:00,8170.25
2019-10-16 14:10:00,8070.01
2019-10-16 15:10:00,8000.62
2019-10-16 16:10:00,8004.29
2019-10-16 17:10:00,7980.24
2019-10-16 18:10:00,7978.56
2019-10-16 19:10:00,7987
2019-10-16 20:10:00,7983.73
2019-10-16 21:10:00,7998.1
2019-10-16 22:10:00,7960.81
2019-10-16 23:10:00,8000.3
2019-10-16 24:10:00,8048.84
2019-10-17 01:10:00,8010.61
2019-10-17 02:10:00,8075.02
2019-10-17 03:10:00,8042.99
2019-10-17 04:10:00,8061.79
2019-10-17 05:10:00,8050.7
2019-10-17 06:10:00,8087.55
2019-10-17 07:10:00,8004.34
2019-10-17 08:10:00,7994.83
2019-10-17 09:10:00,8034.31
2019-10-17 10:10:00,8040.88
2019-10-17 11:10:00,8061.66
2019-10-17 12:10:00,8092.89
2019-10-17 13:10:00,8109.79
2019-10-17 14:10:00,8144.59
2019-10-17 15:10:00,8061.88
2019-10-17 16:10:00,8080.28
2019-10-17 17:10:00,8130.25
2019-10-17 18:10:00,8101.43
2019-10-17 19:10:00,8121.41
2019-10-17 20:10:00,8134.67
2019-10-17 21:10:00,8128.01
2019-10-17 22:10:00,8099.56
2019-10-17 23:10:00,8090.42
2019-10-17 24:10:00,8096.67
2019-10-18 01:10:00,8111.91
2019-10-18 02:10:00,8198.17
2019-10-18 03:10:00,8133.05
2019-10-18 04:10:00,8160.47
2019-10-18 05:10:00,8155.89
2019-10-18 06:10:00,8120.47
2019-10-18 07:10:00,8234.86
2019-10-18 08:10:00,7960.87
2019-10-18 09:10:00,7933.77
2019-10-18 10:10:00,7972.98
2019-10-18 11:10:00,7888.35
2019-10-18 12:10:00,7940.85
2019-10-18 13:10:00,7909.04
2019-10-18 14:10:00,7952.14
2019-10-18 15:10:00,7975.16
2019-10-18 16:10:00,7972.4
2019-10-18 17:10:00,7956.01
2019-10-18 18:10:00,7947.21
2019-10-18 19:10:00,7977.72
2019-10-18 20:10:00,7949.02
2019-10-18 21:10:00,7976.26
2019-10-18 22:10:00,7972.37
2019-10-18 23:10:00,7961.76
2019-10-18 24:10:00,8008.3
2019-10-19 01:10:00,8005.38
2019-10-19 02:10:00,8006.14
2019-10-19 03:10:00,7975.28
2019-10-19 04:10:00,8027.78
2019-10-19 05:10:00,7951.03
2019-10-19 06:10:00,8005.19
2019-10-19 07:10:00,7999.7
2019-10-19 08:10:00,8053.5
2019-10-19 09:10:00,7961.2
2019-10-19 10:10:00,7980.42
2019-10-19 11:10:00,8000.58
2019-10-19 12:10:00,8015.73
2019-10-19 13:10:00,7957.14
2019-10-19 14:10:00,8051.77
2019-10-19 15:10:00,8004.22
2019-10-19 16:10:00,8067.01
2019-10-19 17:10:00,8052.65
2019-10-19 18:10:00,8047.3
2019-10-19 19:10:00,8000.86
2019-10-19 20:10:00,8018.98
2019-10-19 21:10:00,8042.27
2019-10-19 22:10:00,8013.69
2019-10-19 23:10:00,7955.93
2019-10-19 24:10:00,8046.03
2019-10-20 01:10:00,8029.56
2019-10-20 02:10:00,8089.34
2019-10-20 03:10:00,7989.04
2019-10-20 04:10:00,7999.91
2019-10-20 05:10:00,7942.4
2019-10-20 06:10:00,7983.61
2019-10-20 07:10:00,8039.32
2019-10-20 08:10:00,8115.08
2019-10-20 09:10:00,8091.08
2019-10-20 10:10:00,8036.26
2019-10-20 11:10:00,7948.03
2019-10-20 12:10:00,8012.9
2019-10-20 13:10:00,8012.63
2019-10-20 14:10:00,8094.36
2019-10-20 15:10:00,8036.88
2019-10-20 16:10:00,8062.27
2019-10-20 17:10:00,8022.56
2019-10-20 18:10:00,8055.09
2019-10-20 19:10:00,8086.05
2019-10-20 20:10:00,8127.27
2019-10-20 21:10:00,8175.03
2019-10-20 22:10:00,8219.23
2019-10-20 23:10:00,8269.88
2019-10-20 24:10:00,8251.59
2019-10-21 01:10:00,8269.2
2019-10-21 02:10:00,8243.45
2019-10-21 03:10:00,8259.01
2019-10-21 04:10:00,8296.1
2019-10-21 05:10:00,8294.95
2019-10-21 06:10:00,8262.01
2019-10-21 07:10:00,8288.61
2019-10-21 08:10:00,8302.64
2019-10-21 09:10:00,8285.84
2019-10-21 10:10:00,8280.85
2019-10-21 11:10:00,8269.91
2019-10-21 12:10:00,8279.6
2019-10-21 13:10:00,8275.03
2019-10-21 14:10:00,8291.75
2019-10-21 15:10:00,8272.51
2019-10-21 16:10:00,8267.32
2019-10-21 17:10:00,8277.74
2019-10-21 18:10:00,8249.05
2019-10-21 19:10:00,8203.65
2019-10-21 20:10:00,8231.45
2019-10-21 21:10:00,8207.51
2019-10-21 22:10:00,8217.73
2019-10-21 23:10:00,8230.37
2019-10-21 24:10:00,8247.46
2019-10-22 01:10:00,8221.28
2019-10-22 02:10:00,8232.67
2019-10-22 03:10:00,8243.9
2019-10-22 04:10:00,8244.84
2019-10-22 05:10:00,8234.61
2019-10-22 06:10:00,8244.63
2019-10-22 07:10:00,8241.54
2019-10-22 08:10:00,8287.87
2019-10-22 09:10:00,8278.23
2019-10-22 10:10:00,8254.62
2019-10-22 11:10:00,8276.7
2019-10-22 12:10:00,8288.25
2019-10-22 13:10:00,8272.12
2019-10-22 14:10:00,8307.69
2019-10-22 15:10:00,8286.81
2019-10-22 16:10:00,8245.09
2019-10-22 17:10:00,8236.19
2019-10-22 18:10:00,8208.35
2019-10-22 19:10:00,8241.24
2019-10-22 20:10:00,8223.7
2019-10-22 21:10:00,8228.42
2019-10-22 22:10:00,8186.8
2019-10-22 23:10:00,8117.63
2019-10-22 24:10:00,8143.2
2019-10-23 01:10:00,8113.48
2019-10-23 02:10:00,8049.94
2019-10-23 03:10:00,8054.29
2019-10-23 04:10:00,8076.12
2019-10-23 05:10:00,8076.12
2019-10-23 06:10:00,7993.33
2019-10-23 07:10:00,7977.32
2019-10-23 08:10:00,7988.86
2019-10-23 09:10:00,8010.93
2019-10-23 10:10:00,8004.51
2019-10-23 11:10:00,8016.05
2019-10-23 12:10:00,8022.25
2019-10-23 13:10:00,8034.65
2019-10-23 14:10:00,8008.12
2019-10-23 15:10:00,7677.53
2019-10-23 16:10:00,7491
2019-10-23 17:10:00,7489.69
2019-10-23 18:10:00,7471.27
2019-10-23 19:10:00,7425.76
2019-10-23 20:10:00,7494.55
2019-10-23 21:10:00,7517.8
2019-10-23 22:10:00,7512.92
2019-10-23 23:10:00,7491.98
2019-10-23 24:10:00,7482.39
2019-10-24 01:10:00,7445.72
2019-10-24 02:10:00,7466.28
2019-10-24 03:10:00,7496.3
2019-10-24 04:10:00,7467.37
2019-10-24 05:10:00,7462.18
2019-10-24 06:10:00,7440.02
2019-10-24 07:10:00,7454.23
2019-10-24 08:10:00,7481.26
2019-10-24 09:10:00,7405.67
2019-10-24 10:10:00,7449.83
2019-10-24 11:10:00,7476.87
2019-10-24 12:10:00,7510.45
2019-10-24 13:10:00,7481.76
2019-10-24 14:10:00,7506.08
2019-10-24 15:10:00,7503.37
2019-10-24 16:10:00,7483.11
2019-10-24 17:10:00,7511.45
2019-10-24 18:10:00,7465.93
2019-10-24 19:10:00,7495.73
2019-10-24 20:10:00,7483.57
2019-10-24 21:10:00,7494.27
2019-10-24 22:10:00,7491.95
2019-10-24 23:10:00,7490.31
2019-10-24 24:10:00,7483.21
2019-10-25 01:10:00,7493.95
2019-10-25 02:10:00,7480.91
2019-10-25 03:10:00,7461.21
2019-10-25 04:10:00,7520.03
2019-10-25 05:10:00,7485.95
2019-10-25 06:10:00,7499.97
2019-10-25 07:10:00,7505.03
2019-10-25 08:10:00,7450.87
2019-10-25 09:10:00,7501.79
2019-10-25 10:10:00,7494.12
2019-10-25 11:10:00,7518.74
2019-10-25 12:10:00,7515.72
2019-10-25 13:10:00,7567.61
2019-10-25 14:10:00,7624.08
2019-10-25 15:10:00,7648.54
2019-10-25 16:10:00,7671.87
2019-10-25 17:10:00,7691.42
2019-10-25 18:10:00,8108.98
2019-10-25 19:10:00,8407.66
2019-10-25 20:10:00,8591.99
2019-10-25 21:10:00,8596.85
2019-10-25 22:10:00,8617.13
2019-10-25 23:10:00,8637.11
2019-10-25 24:10:00,8614.51
2019-10-26 01:10:00,8659.73
2019-10-26 02:10:00,8655.18
2019-10-26 03:10:00,9037.56
2019-10-26 04:10:00,9764.46
2019-10-26 05:10:00,9883.24
2019-10-26 06:10:00,9605.84
2019-10-26 07:10:00,9610.71
2019-10-26 08:10:00,9711.38
2019-10-26 09:10:00,9602.23
2019-10-26 10:10:00,9470.07
2019-10-26 11:10:00,9428.18
2019-10-26 12:10:00,9203.22
2019-10-26 13:10:00,9285.52
2019-10-26 14:10:00,9228.97
2019-10-26 15:10:00,9357.96
2019-10-26 16:10:00,9170.85
2019-10-26 17:10:00,9154.41
2019-10-26 18:10:00,9240.56
2019-10-26 19:10:00,9157.27
2019-10-26 20:10:00,9137.7
2019-10-26 21:10:00,9060.3
2019-10-26 22:10:00,9033.4
2019-10-26 23:10:00,9095.91
2019-10-26 24:10:00,9202.4
2019-10-27 02:10:00,9256.37
2019-10-27 03:10:00,9316.21
2019-10-27 03:10:00,9189.08
2019-10-27 04:10:00,9238.64
2019-10-27 05:10:00,9199.41
2019-10-27 06:10:00,9149.16
2019-10-27 07:10:00,9206.43
2019-10-27 08:10:00,9213.73
2019-10-27 09:10:00,9217.63
2019-10-27 10:10:00,9254.88
2019-10-27 11:10:00,9302.62
2019-10-27 12:10:00,9380.83
2019-10-27 13:10:00,9473.18
2019-10-27 14:10:00,9309.03
2019-10-27 15:10:00,9452
2019-10-27 16:10:00,9507.33
2019-10-27 17:10:00,9554.87
2019-10-27 18:10:00,9643.02
2019-10-27 19:10:00,9663.66
2019-10-27 20:10:00,9674.6
2019-10-27 21:10:00,9733.87
2019-10-27 22:10:00,9689.05
2019-10-27 23:10:00,9614.72
2019-10-27 24:10:00,9632.31
2019-10-28 01:10:00,9547.71
2019-10-28 02:10:00,9650.79
2019-10-28 03:10:00,9825.36
2019-10-28 04:10:00,9742.31
2019-10-28 05:10:00,9700.8
2019-10-28 06:10:00,9625.17
2019-10-28 07:10:00,9669
2019-10-28 08:10:00,9479.74
2019-10-28 09:10:00,9420.11
2019-10-28 10:10:00,9366.2
2019-10-28 11:10:00,9409.15
2019-10-28 12:10:00,9432.44
2019-10-28 13:10:00,9419.65
2019-10-28 14:10:00,9341.58
2019-10-28 15:10:00,9380.14
2019-10-28 16:10:00,9355.6
2019-10-28 17:10:00,9387.24
2019-10-28 18:10:00,9393.92
2019-10-28 19:10:00,9382.6
2019-10-28 20:10:00,9444.98
2019-10-28 21:10:00,9422.79
2019-10-28 22:10:00,9436.34
2019-10-28 23:10:00,9480.69
2019-10-28 24:10:00,9469.6
2019-10-29 01:10:00,9302.69
2019-10-29 02:10:00,9291.83
2019-10-29 03:10:00,9296.17
2019-10-29 04:10:00,9306.79
2019-10-29 05:10:00,9302.85
2019-10-29 06:10:00,9413.19
2019-10-29 07:10:00,9484.83
2019-10-29 08:10:00,9448.49
2019-10-29 09:10:00,9492.54
2019-10-29 10:10:00,9443.94
2019-10-29 11:10:00,9425.52
2019-10-29 12:10:00,9484.05
2019-10-29 13:10:00,9440.02
2019-10-29 14:10:00,9425.97
2019-10-29 15:10:00,9354.54
2019-10-29 16:10:00,9358.08
2019-10-29 17:10:00,9363.23
2019-10-29 18:10:00,9340.41
2019-10-29 19:10:00,9344.41
2019-10-29 20:10:00,9381.13
2019-10-29 21:10:00,9206.54
2019-10-29 22:10:00,9416.4
2019-10-29 23:10:00,9458.01
2019-10-29 24:10:00,9457.58
2019-10-30 01:10:00,9462.32
2019-10-30 02:10:00,9366.52
2019-10-30 03:10:00,9369.14
2019-10-30 04:10:00,9363.46
2019-10-30 05:10:00,9327.24
2019-10-30 06:10:00,9296.63
2019-10-30 07:10:00,9224.77
2019-10-30 08:10:00,9242.84
2019-10-30 09:10:00,9238.98
2019-10-30 10:10:00,9217.26
2019-10-30 11:10:00,9255.58
2019-10-30 12:10:00,9129.99
2019-10-30 13:10:00,9099.63
2019-10-30 14:10:00,9133.72
2019-10-30 15:10:00,9113.71
2019-10-30 16:10:00,9101.2
2019-10-30 17:10:00,9072.44
2019-10-30 18:10:00,9094.01
2019-10-30 19:10:00,9119.38
2019-10-30 20:10:00,9144.61
2019-10-30 21:10:00,9192.93
2019-10-30 22:10:00,9203.38
2019-10-30 23:10:00,9179.02
2019-10-30 24:10:00,9220.29
2019-10-31 01:10:00,9234.64
2019-10-31 02:10:00,9212.31
2019-10-31 03:10:00,9112.35
2019-10-31 04:10:00,9135.72
2019-10-31 05:10:00,9142.63
2019-10-31 06:10:00,9137.45
2019-10-31 07:10:00,9169.41
2019-10-31 08:10:00,9172.73
2019-10-31 09:10:00,9125.43
2019-10-31 10:10:00,9147.4
2019-10-31 11:10:00,9088.88
2019-10-31 12:10:00,9018.5
2019-10-31 13:10:00,9134.55
2019-10-31 14:10:00,9325.35
2019-10-31 15:10:00,9325.07
2019-10-31 16:10:00,9276.22
2019-10-31 17:10:00,9257.88
2019-10-31 18:10:00,9262.35
2019-10-31 19:10:00,9278.2
2019-10-31 20:10:00,9257.7
2019-10-31 21:10:00,9253.39
2019-10-31 22:10:00,9195.36
2019-10-31 23:10:00,9123.66
2019-10-31 24:10:00,9145.69
2019-11-01 01:11:00,9182.74
2019-11-01 02:11:00,9158.59
2019-11-01 03:11:00,9149
2019-11-01 04:11:00,9122.1
2019-11-01 05:11:00,9135.51
2019-11-01 06:11:00,9113.62
2019-11-01 07:11:00,9135.72
2019-11-01 08:11:00,9138.35
2019-11-01 09:11:00,9139.65
2019-11-01 10:11:00,9168.05
2019-11-01 11:11:00,9156.92
2019-11-01 12:11:00,9172
2019-11-01 13:11:00,9234.4
2019-11-01 14:11:00,9238.4
2019-11-01 15:11:00,9139.19
2019-11-01 16:11:00,9117.53
2019-11-01 17:11:00,9181.89
2019-11-01 18:11:00,9139.94
2019-11-01 19:11:00,9193.52
2019-11-01 20:11:00,9202.05
2019-11-01 21:11:00,9216.25
2019-11-01 22:11:00,9218.51
2019-11-01 23:11:00,9253.39
2019-11-01 24:11:00,9266.41
2019-11-02 01:11:00,9299.51
2019-11-02 02:11:00,9309.69
2019-11-02 03:11:00,9309.12
2019-11-02 04:11:00,9306.59
2019-11-02 05:11:00,9364.33
2019-11-02 06:11:00,9254.92
2019-11-02 07:11:00,9323.88
2019-11-02 08:11:00,9276.93
2019-11-02 09:11:00,9318.12
2019-11-02 10:11:00,9267.2
2019-11-02 11:11:00,9376.42
2019-11-02 12:11:00,9305.45
2019-11-02 13:11:00,9299.27
2019-11-02 14:11:00,9313.77
2019-11-02 15:11:00,9377.25
2019-11-02 16:11:00,9379.22
2019-11-02 17:11:00,9333.55
2019-11-02 18:11:00,9365.41
2019-11-02 19:11:00,9343.47
2019-11-02 20:11:00,9320.7
2019-11-02 21:11:00,9337.51
2019-11-02 22:11:00,9343.32
2019-11-02 23:11:00,9349.41
2019-11-02 24:11:00,9368.17
2019-11-03 01:11:00,9321.72
2019-11-03 02:11:00,9359.22
2019-11-03 03:11:00,9379.03
2019-11-03 04:11:00,9383.65
2019-11-03 05:11:00,9374.93
2019-11-03 06:11:00,9310.15
2019-11-03 07:11:00,9323.18
2019-11-03 08:11:00,9354.45
2019-11-03 09:11:00,9404.45
2019-11-03 10:11:00,9247.13
2019-11-03 11:11:00,9317.98
2019-11-03 12:11:00,9178.02
2019-11-03 13:11:00,9202.56
2019-11-03 14:11:00,9188.78
2019-11-03 15:11:00,9190.93
2019-11-03 16:11:00,9282.71
2019-11-03 17:11:00,9232.31
2019-11-03 18:11:00,9220.08
2019-11-03 19:11:00,9157.43
2019-11-03 20:11:00,9183.9
2019-11-03 21:11:00,9185.71
2019-11-03 22:11:00,9172.47
2019-11-03 23:11:00,9129.8
2019-11-03 24:11:00,9220.97
2019-11-04 01:11:00,9271.09
2019-11-04 02:11:00,9228.03
2019-11-04 03:11:00,9232.73
2019-11-04 04:11:00,9299.67
2019-11-04 05:11:00,9225.23
2019-11-04 06:11:00,9181.77
2019-11-04 07:11:00,9197.91
2019-11-04 08:11:00,9219.47
2019-11-04 09:11:00,9221.65
2019-11-04 10:11:00,9253.99
2019-11-04 11:11:00,9216.19
2019-11-04 12:11:00,9239.5
2019-11-04 13:11:00,9275.47
2019-11-04 14:11:00,9291.42
2019-11-04 15:11:00,9278.63
2019-11-04 16:11:00,9309.69
2019-11-04 17:11:00,9314
2019-11-04 18:11:00,9334.84
2019-11-04 19:11:00,9337.07
2019-11-04 20:11:00,9316.67
2019-11-04 21:11:00,9296.36
2019-11-04 22:11:00,9494.55
2019-11-04 23:11:00,9477.71
2019-11-04 24:11:00,9428.71
2019-11-05 01:11:00,9447.08
2019-11-05 02:11:00,9406.12
2019-11-05 03:11:00,9457.11
2019-11-05 04:11:00,9480.44
2019-11-05 05:11:00,9450.76
2019-11-05 06:11:00,9416.48
2019-11-05 07:11:00,9428.32
2019-11-05 08:11:00,9358.74
2019-11-05 09:11:00,9226.51
2019-11-05 10:11:00,9259.12
2019-11-05 11:11:00,9313.11
2019-11-05 12:11:00,9310.34
2019-11-05 13:11:00,9329.5
2019-11-05 14:11:00,9344.68
2019-11-05 15:11:00,9285.55
2019-11-05 16:11:00,9330.47
2019-11-05 17:11:00,9378.93
2019-11-05 18:11:00,9336.19
2019-11-05 19:11:00,9382.54
2019-11-05 20:11:00,9382.14
2019-11-05 21:11:00,9388.95
2019-11-05 22:11:00,9372.92
2019-11-05 23:11:00,9391.96
2019-11-05 24:11:00,9341.32
2019-11-06 01:11:00,9347.77
2019-11-06 02:11:00,9325.14
2019-11-06 03:11:00,9327.48
2019-11-06 04:11:00,9350.64
2019-11-06 05:11:00,9333.4
2019-11-06 06:11:00,9351.87
2019-11-06 07:11:00,9361.21
2019-11-06 08:11:00,9384.9
2019-11-06 09:11:00,9412.24
2019-11-06 10:11:00,9408.29
2019-11-06 11:11:00,9387.4
2019-11-06 12:11:00,9367.98
2019-11-06 13:11:00,9392.58
2019-11-06 14:11:00,9367.71
2019-11-06 15:11:00,9349.95
2019-11-06 16:11:00,9344.49
2019-11-06 17:11:00,9346.57
2019-11-06 18:11:00,9318.04
2019-11-06 19:11:00,9294.24
2019-11-06 20:11:00,9338.6
2019-11-06 21:11:00,9351.13
2019-11-06 22:11:00,9368.05
2019-11-06 23:11:00,9318.16
2019-11-06 24:11:00,9357.84
2019-11-07 01:11:00,9358.24
2019-11-07 02:11:00,9361.59
2019-11-07 03:11:00,9365.22
2019-11-07 04:11:00,9331.63
2019-11-07 05:11:00,9338.15
2019-11-07 06:11:00,9328.01
2019-11-07 07:11:00,9306.21
2019-11-07 08:11:00,9319.46
2019-11-07 09:11:00,9271.85
2019-11-07 10:11:00,9259.97
2019-11-07 11:11:00,9257.86
2019-11-07 12:11:00,9179.51
2019-11-07 13:11:00,9205.3
2019-11-07 14:11:00,9191.55
2019-11-07 15:11:00,9206.7
2019-11-07 16:11:00,9222.75
2019-11-07 17:11:00,9214.03
2019-11-07 18:11:00,9215.09
2019-11-07 19:11:00,9216.17
2019-11-07 20:11:00,9208.82
2019-11-07 21:11:00,9227.05
2019-11-07 22:11:00,9207.92
2019-11-07 23:11:00,9149.63
2019-11-07 24:11:00,9238.75
2019-11-08 01:11:00,9238.16
2019-11-08 02:11:00,9198.56
2019-11-08 03:11:00,9232.55
2019-11-08 04:11:00,9259.44
2019-11-08 05:11:00,9261.99
2019-11-08 06:11:00,9242.86
2019-11-08 07:11:00,9217.56
2019-11-08 08:11:00,9215.21
2019-11-08 09:11:00,9149.63
2019-11-08 10:11:00,9074.88
2019-11-08 11:11:00,8988.32
2019-11-08 12:11:00,9011.9
2019-11-08 13:11:00,9029.69
2019-11-08 14:11:00,9005.81
2019-11-08 15:11:00,8837.14
2019-11-08 16:11:00,8746.42
2019-11-08 17:11:00,8753.21
2019-11-08 18:11:00,8763.8
2019-11-08 19:11:00,8766.98
2019-11-08 20:11:00,8803.9
2019-11-08 21:11:00,8815.13
2019-11-08 22:11:00,8822.02
2019-11-08 23:11:00,8860.65
2019-11-08 24:11:00,8859.07
2019-11-09 01:11:00,8792.06
2019-11-09 02:11:00,8783.75
2019-11-09 03:11:00,8829.3
2019-11-09 04:11:00,8831.86
2019-11-09 05:11:00,8852.22
2019-11-09 06:11:00,8843.17
2019-11-09 07:11:00,8857.16
2019-11-09 08:11:00,8873.27
2019-11-09 09:11:00,8861.58
2019-11-09 10:11:00,8847.33
2019-11-09 11:11:00,8888.97
2019-11-09 12:11:00,8871.2
2019-11-09 13:11:00,8878.79
2019-11-09 14:11:00,8864.15
2019-11-09 15:11:00,8880.85
2019-11-09 16:11:00,8831.38
2019-11-09 17:11:00,8809.85
2019-11-09 18:11:00,8771.34
2019-11-09 19:11:00,8777.87
2019-11-09 20:11:00,8807.45
2019-11-09 21:11:00,8793.51
2019-11-09 22:11:00,8794.53
2019-11-09 23:11:00,8821.11
2019-11-09 24:11:00,8831.36
2019-11-10 01:11:00,8834.71
2019-11-10 02:11:00,8827.32
2019-11-10 03:11:00,8811.71
2019-11-10 04:11:00,8830.34
2019-11-10 05:11:00,8809.59
2019-11-10 06:11:00,8816.43
2019-11-10 07:11:00,8846.31
2019-11-10 08:11:00,8876.61
2019-11-10 09:11:00,8867.68
2019-11-10 10:11:00,8870.13
2019-11-10 11:11:00,8858.94
2019-11-10 12:11:00,8928.56
2019-11-10 13:11:00,8913.08
2019-11-10 14:11:00,8867.51
2019-11-10 15:11:00,8844.03
2019-11-10 16:11:00,8843.48
2019-11-10 17:11:00,8870.14
2019-11-10 18:11:00,9024.1
2019-11-10 19:11:00,9055.87
2019-11-10 20:11:00,9060.99
2019-11-10 21:11:00,9065.64
2019-11-10 22:11:00,9067.71
2019-11-10 23:11:00,9081.16
2019-11-10 24:11:00,9082.45
2019-11-11 01:11:00,9081.06
2019-11-11 02:11:00,9071.19
2019-11-11 03:11:00,9070.64
2019-11-11 04:11:00,9084.89
2019-11-11 05:11:00,9042.67
2019-11-11 06:11:00,8976.45
2019-11-11 07:11:00,8910.01
2019-11-11 08:11:00,8790.77
2019-11-11 09:11:00,8797.52
2019-11-11 10:11:00,8798.61
2019-11-11 11:11:00,8675.3
2019-11-11 12:11:00,8691.21
2019-11-11 13:11:00,8716.02
2019-11-11 14:11:00,8727.4
2019-11-11 15:11:00,8724.79
2019-11-11 16:11:00,8733.95
2019-11-11 17:11:00,8718.34
2019-11-11 18:11:00,8735.81
2019-11-11 19:11:00,8739.25
2019-11-11 20:11:00,8754.84
2019-11-11 21:11:00,8748.39
2019-11-11 22:11:00,8752.95
2019-11-11 23:11:00,8749.23
2019-11-11 24:11:00,8747.63
2019-11-12 01:11:00,8726.78
2019-11-12 02:11:00,8768.29
2019-11-12 03:11:00,8769.23
2019-11-12 04:11:00,8771.36
2019-11-12 05:11:00,8759.43
2019-11-12 06:11:00,8763.15
2019-11-12 07:11:00,8773.08
2019-11-12 08:11:00,8775.05
2019-11-12 09:11:00,8802.9
2019-11-12 10:11:00,8772.19
2019-11-12 11:11:00,8743.7
2019-11-12 12:11:00,8774.59
2019-11-12 13:11:00,8761.39
2019-11-12 14:11:00,8774.13
2019-11-12 15:11:00,8670.39
2019-11-12 16:11:00,8673.97
2019-11-12 17:11:00,8646.18
2019-11-12 18:11:00,8706.12
2019-11-12 19:11:00,8737.02
2019-11-12 20:11:00,8749.43
2019-11-12 21:11:00,8773.39
2019-11-12 22:11:00,8789.33
2019-11-12 23:11:00,8792.04
2019-11-12 24:11:00,8786.5
2019-11-13 01:11:00,8791.33
2019-11-13 02:11:00,8813.05
2019-11-13 03:11:00,8812.9
2019-11-13 04:11:00,8759.1
2019-11-13 05:11:00,8797.94
2019-11-13 06:11:00,8742.69
2019-11-13 07:11:00,8770.74
2019-11-13 08:11:00,8755.47
2019-11-13 09:11:00,8759.49
2019-11-13 10:11:00,8769.36
2019-11-13 11:11:00,8773.7
2019-11-13 12:11:00,8796.72
2019-11-13 13:11:00,8799.43
2019-11-13 14:11:00,8780.59
2019-11-13 15:11:00,8722.08
2019-11-13 16:11:00,8768.54
2019-11-13 17:11:00,8753.44
2019-11-13 18:11:00,8763.61
2019-11-13 19:11:00,8787.05
2019-11-13 20:11:00,8778.46
2019-11-13 21:11:00,8766.38
2019-11-13 22:11:00,8808.93
2019-11-13 23:11:00,8782.72
2019-11-13 24:11:00,8805.52
2019-11-14 01:11:00,8807.85
2019-11-14 02:11:00,8796.59
2019-11-14 03:11:00,8799.09
2019-11-14 04:11:00,8776.45
2019-11-14 05:11:00,8766.15
2019-11-14 06:11:00,8694.18
2019-11-14 07:11:00,8680.59
2019-11-14 08:11:00,8695.73
2019-11-14 09:11:00,8680.87
2019-11-14 10:11:00,8609.45
2019-11-14 11:11:00,8623.62
2019-11-14 12:11:00,8635.28
2019-11-14 13:11:00,8622.71
2019-11-14 14:11:00,8610.95
2019-11-14 15:11:00,8653.57
2019-11-14 16:11:00,8665.37
2019-11-14 17:11:00,8634.02
2019-11-14 18:11:00,8637.22
2019-11-14 19:11:00,8666.67
2019-11-14 20:11:00,8655.63
2019-11-14 21:11:00,8655.84
2019-11-14 22:11:00,8662.08
2019-11-14 23:11:00,8684.18
2019-11-14 24:11:00,8654.23
2019-11-15 01:11:00,8684.78
2019-11-15 02:11:00,8630
2019-11-15 03:11:00,8564.56
2019-11-15 04:11:00,8544.83
2019-11-15 05:11:00,8539.83
2019-11-15 06:11:00,8578.11
2019-11-15 07:11:00,8563.73
2019-11-15 08:11:00,8580.37
2019-11-15 09:11:00,8590.29
2019-11-15 10:11:00,8595.76
2019-11-15 11:11:00,8685.15
2019-11-15 12:11:00,8629.69
2019-11-15 13:11:00,8652.53
2019-11-15 14:11:00,8661.45
2019-11-15 15:11:00,8684.04
2019-11-15 16:11:00,8490.45
2019-11-15 17:11:00,8457.02
2019-11-15 18:11:00,8456.16
2019-11-15 19:11:00,8470.3
2019-11-15 20:11:00,8485.67
2019-11-15 21:11:00,8484.93
2019-11-15 22:11:00,8485.39
2019-11-15 23:11:00,8479.84
2019-11-15 24:11:00,8489.47
2019-11-16 01:11:00,8486.66
2019-11-16 02:11:00,8468.65
2019-11-16 03:11:00,8490.45
2019-11-16 04:11:00,8478.68
2019-11-16 05:11:00,8481.76
2019-11-16 06:11:00,8520.88
2019-11-16 07:11:00,8513.2
2019-11-16 08:11:00,8535.26
2019-11-16 09:11:00,8516.76
2019-11-16 10:11:00,8521.24
2019-11-16 11:11:00,8530.83
2019-11-16 12:11:00,8535.7
2019-11-16 13:11:00,8523.2
2019-11-16 14:11:00,8493.62
2019-11-16 15:11:00,8534.66
2019-11-16 16:11:00,8498.8
2019-11-16 17:11:00,8527.06
2019-11-16 18:11:00,8509.33
2019-11-16 19:11:00,8499.77
2019-11-16 20:11:00,8497
2019-11-16 21:11:00,8519.04
2019-11-16 22:11:00,8482.94
2019-11-16 23:11:00,8525.82
2019-11-16 24:11:00,8516.58
2019-11-17 01:11:00,8518.22
2019-11-17 02:11:00,8539.71
2019-11-17 03:11:00,8534.01
2019-11-17 04:11:00,8588.7
2019-11-17 05:11:00,8550.75
2019-11-17 06:11:00,8576.62
2019-11-17 07:11:00,8579.52
2019-11-17 08:11:00,8571.65
2019-11-17 09:11:00,8472.37
2019-11-17 10:11:00,8488.29
2019-11-17 11:11:00,8565.44
2019-11-17 12:11:00,8568.58
2019-11-17 13:11:00,8571.73
2019-11-17 14:11:00,8579.62
2019-11-17 15:11:00,8562.8
2019-11-17 16:11:00,8540.91
2019-11-17 17:11:00,8566.45
2019-11-17 18:11:00,8564.74
2019-11-17 19:11:00,8581.36
2019-11-17 20:11:00,8585.13
2019-11-17 21:11:00,8571
2019-11-17 22:11:00,8599.98
2019-11-17 23:11:00,8581.46
2019-11-17 24:11:00,8570.08
2019-11-18 01:11:00,8541.9
2019-11-18 02:11:00,8493.51
2019-11-18 03:11:00,8545.85
2019-11-18 04:11:00,8489.86
2019-11-18 05:11:00,8477.63
2019-11-18 06:11:00,8524.53
2019-11-18 07:11:00,8508.14
2019-11-18 08:11:00,8491.58
2019-11-18 09:11:00,8466.76
2019-11-18 10:11:00,8487.99
2019-11-18 11:11:00,8549.74
2019-11-18 12:11:00,8498.59
2019-11-18 13:11:00,8461.51
2019-11-18 14:11:00,8415.15
2019-11-18 15:11:00,8441.99
2019-11-18 16:11:00,8485.36
2019-11-18 17:11:00,8430.99
2019-11-18 18:11:00,8437.55
2019-11-18 19:11:00,8356.62
2019-11-18 20:11:00,8187.5
2019-11-18 21:11:00,8200.1
2019-11-18 22:11:00,8196.25
2019-11-18 23:11:00,8220.69
2019-11-18 24:11:00,8216.94
2019-11-19 01:11:00,8212.26
2019-11-19 02:11:00,8205.31
2019-11-19 03:11:00,8220.58
2019-11-19 04:11:00,8228.84
2019-11-19 05:11:00,8173.97
2019-11-19 06:11:00,8163.13
2019-11-19 07:11:00,8173.42
2019-11-19 08:11:00,8164.95
2019-11-19 09:11:00,8142.9
2019-11-19 10:11:00,8156.97
2019-11-19 11:11:00,8181.44
2019-11-19 12:11:00,8133.18
2019-11-19 13:11:00,8062.97
2019-11-19 14:11:00,8073.75
2019-11-19 15:11:00,8060.13
2019-11-19 16:11:00,8093.41
2019-11-19 17:11:00,8100.89
2019-11-19 18:11:00,8134.9
2019-11-19 19:11:00,8083.97
2019-11-19 20:11:00,8105.52
2019-11-19 21:11:00,8115.47
2019-11-19 22:11:00,8094.32
2019-11-19 23:11:00,8136.01
2019-11-19 24:11:00,8134.78
2019-11-20 01:11:00,8156.56
2019-11-20 02:11:00,8132.25
2019-11-20 03:11:00,8143.7
2019-11-20 04:11:00,8159.32
2019-11-20 05:11:00,8148.77
2019-11-20 06:11:00,8146.4
2019-11-20 07:11:00,8113.4
2019-11-20 08:11:00,8143.95
2019-11-20 09:11:00,8171.16
2019-11-20 10:11:00,8130.06
2019-11-20 11:11:00,8089.16
2019-11-20 12:11:00,8075.83
2019-11-20 13:11:00,8100.91
2019-11-20 14:11:00,8108.59
2019-11-20 15:11:00,8111.44
2019-11-20 16:11:00,8123.08
2019-11-20 17:11:00,8139.48
2019-11-20 18:11:00,8146.32
2019-11-20 19:11:00,8145.25
2019-11-20 20:11:00,8158.78
2019-11-20 21:11:00,8093.67
2019-11-20 22:11:00,8085.39
2019-11-20 23:11:00,8101.1
2019-11-20 24:11:00,8101.09
2019-11-21 01:11:00,8101.44
2019-11-21 02:11:00,8100.79
2019-11-21 03:11:00,8123.35
2019-11-21 04:11:00,8140.59
2019-11-21 05:11:00,8106.31
2019-11-21 06:11:00,8136.9
2019-11-21 07:11:00,8128.78
2019-11-21 08:11:00,8108.39
2019-11-21 09:11:00,8097.86
2019-11-21 10:11:00,7972.82
2019-11-21 11:11:00,7943.29
2019-11-21 12:11:00,7923.48
2019-11-21 13:11:00,7888.27
2019-11-21 14:11:00,7866.01
2019-11-21 15:11:00,7894.27
2019-11-21 16:11:00,7824.67
2019-11-21 17:11:00,7581.81
2019-11-21 18:11:00,7615.14
2019-11-21 19:11:00,7580.77
2019-11-21 20:11:00,7609.64
2019-11-21 21:11:00,7607.31
2019-11-21 22:11:00,7621.25
2019-11-21 23:11:00,7614.53
2019-11-21 24:11:00,7635.89
2019-11-22 01:11:00,7636.13
2019-11-22 02:11:00,7664.39
2019-11-22 03:11:00,7678.13
2019-11-22 04:11:00,7668.68
2019-11-22 05:11:00,7625.31
2019-11-22 06:11:00,7648.72
2019-11-22 07:11:00,7579.09
2019-11-22 08:11:00,7507.15
2019-11-22 09:11:00,7501.08
2019-11-22 10:11:00,7624.28
2019-11-22 11:11:00,7440.99
2019-11-22 12:11:00,7150.85
2019-11-22 13:11:00,7128.57
2019-11-22 14:11:00,7136.91
2019-11-22 15:11:00,7073.51
2019-11-22 16:11:00,6945.68
2019-11-22 17:11:00,7112.72
2019-11-22 18:11:00,7169.33
2019-11-22 19:11:00,7168.97
2019-11-22 20:11:00,7191.64
2019-11-22 21:11:00,7293.3
2019-11-22 22:11:00,7348.17
2019-11-22 23:11:00,7348.61
2019-11-22 24:11:00,7315.49
2019-11-23 01:11:00,7277.2
2019-11-23 02:11:00,7240.12
2019-11-23 03:11:00,7260.13
2019-11-23 04:11:00,7275.44
2019-11-23 05:11:00,7301.86
2019-11-23 06:11:00,7299.47
2019-11-23 07:11:00,7238.76
2019-11-23 08:11:00,7263.78
2019-11-23 09:11:00,7237.73
2019-11-23 10:11:00,7191.54
2019-11-23 11:11:00,7185.41
2019-11-23 12:11:00,7223.71
2019-11-23 13:11:00,7233.94
2019-11-23 14:11:00,7209.88
2019-11-23 15:11:00,7202.6
2019-11-23 16:11:00,7262.45
2019-11-23 17:11:00,7310.91
2019-11-23 18:11:00,7332.44
2019-11-23 19:11:00,7301.17
2019-11-23 20:11:00,7339.47
2019-11-23 21:11:00,7337.43
2019-11-23 22:11:00,7294.92
2019-11-23 23:11:00,7309.38
2019-11-23 24:11:00,7341.8
2019-11-24 01:11:00,7355.23
2019-11-24 02:11:00,7303.73
2019-11-24 03:11:00,7297.82
2019-11-24 04:11:00,7328.04
2019-11-24 05:11:00,7253.01
2019-11-24 06:11:00,7232.66
2019-11-24 07:11:00,7244.17
2019-11-24 08:11:00,7244.35
2019-11-24 09:11:00,7234.44
2019-11-24 10:11:00,7280.03
2019-11-24 11:11:00,7255.81
2019-11-24 12:11:00,7192.16
2019-11-24 13:11:00,7239.2
2019-11-24 14:11:00,7209.85
2019-11-24 15:11:00,7185.08
2019-11-24 16:11:00,7093.31
2019-11-24 17:11:00,7053.68
2019-11-24 18:11:00,6999.89
2019-11-24 19:11:00,7093.48
2019-11-24 20:11:00,7110.5
2019-11-24 21:11:00,7094.74
2019-11-24 22:11:00,7062.34
2019-11-24 23:11:00,7108.44
2019-11-24 24:11:00,7077.47
2019-11-25 01:11:00,6964.01
2019-11-25 02:11:00,6891.58
2019-11-25 03:11:00,6786.9
2019-11-25 04:11:00,6772.19
2019-11-25 05:11:00,6758.49
2019-11-25 06:11:00,6692.55
2019-11-25 07:11:00,6605
2019-11-25 08:11:00,6628.21
2019-11-25 09:11:00,6712.28
2019-11-25 10:11:00,6704.26
2019-11-25 11:11:00,6781.96
2019-11-25 12:11:00,6841.43
2019-11-25 13:11:00,6913.14
2019-11-25 14:11:00,7108.81
2019-11-25 15:11:00,7204.6
2019-11-25 16:11:00,7195.46
2019-11-25 17:11:00,7254.13
2019-11-25 18:11:00,7300.54
2019-11-25 19:11:00,7211.76
2019-11-25 20:11:00,7264.88
2019-11-25 21:11:00,7240.55
2019-11-25 22:11:00,7188.18
2019-11-25 23:11:00,7216.6
2019-11-25 24:11:00,7241.46
2019-11-26 01:11:00,7160.97
2019-11-26 02:11:00,7144.3
2019-11-26 03:11:00,7198.04
2019-11-26 04:11:00,7204.89
2019-11-26 05:11:00,7201.44
2019-11-26 06:11:00,7237.44
2019-11-26 07:11:00,7271.37
2019-11-26 08:11:00,7269.27
2019-11-26 09:11:00,7190.54
2019-11-26 10:11:00,7209.89
2019-11-26 11:11:00,7228.03
2019-11-26 12:11:00,7219.68
2019-11-26 13:11:00,7115.6
2019-11-26 14:11:00,7175.35
2019-11-26 15:11:00,7097.07
2019-11-26 16:11:00,7089.5
2019-11-26 17:11:00,7090.06
2019-11-26 18:11:00,7124.77
2019-11-26 19:11:00,7097.88
2019-11-26 20:11:00,7087.9
2019-11-26 21:11:00,7111
2019-11-26 22:11:00,7109.24
2019-11-26 23:11:00,7141.26
2019-11-26 24:11:00,7139.97
2019-11-27 01:11:00,7185.21
2019-11-27 02:11:00,7181.3
2019-11-27 03:11:00,7191.1
2019-11-27 04:11:00,7183.85
2019-11-27 05:11:00,7112.74
2019-11-27 06:11:00,7095.91
2019-11-27 07:11:00,7102.65
2019-11-27 08:11:00,7111.4
2019-11-27 09:11:00,7114.92
2019-11-27 10:11:00,7087.19
2019-11-27 11:11:00,6944.15
2019-11-27 12:11:00,6918.7
2019-11-27 13:11:00,7084.47
2019-11-27 14:11:00,7285.82
2019-11-27 15:11:00,7276.02
2019-11-27 16:11:00,7241.72
2019-11-27 17:11:00,7309.95
2019-11-27 18:11:00,7401.71
2019-11-27 19:11:00,7554.51
2019-11-27 20:11:00,7607.53
2019-11-27 21:11:00,7583.37
2019-11-27 22:11:00,7613.57
2019-11-27 23:11:00,7532.68
2019-11-27 24:11:00,7588.11
2019-11-28 01:11:00,7550.2
2019-11-28 02:11:00,7579.17
2019-11-28 03:11:00,7559.47
2019-11-28 04:11:00,7533.51
2019-11-28 05:11:00,7550.1
2019-11-28 06:11:00,7530.8
2019-11-28 07:11:00,7472.48
2019-11-28 08:11:00,7504.07
2019-11-28 09:11:00,7552.46
2019-11-28 10:11:00,7518.63
2019-11-28 11:11:00,7531.11
2019-11-28 12:11:00,7494.74
2019-11-28 13:11:00,7491.46
2019-11-28 14:11:00,7465.1
2019-11-28 15:11:00,7486.53
2019-11-28 16:11:00,7486.64
2019-11-28 17:11:00,7583.25
2019-11-28 18:11:00,7583.41
2019-11-28 19:11:00,7609.69
2019-11-28 20:11:00,7625.22
2019-11-28 21:11:00,7635.68
2019-11-28 22:11:00,7608.9
2019-11-28 23:11:00,7594.77
2019-11-28 24:11:00,7468.68
2019-11-29 01:11:00,7435.51
2019-11-29 02:11:00,7474.1
2019-11-29 03:11:00,7501.05
2019-11-29 04:11:00,7502.83
2019-11-29 05:11:00,7517.27
2019-11-29 06:11:00,7524.38
2019-11-29 07:11:00,7502.86
2019-11-29 08:11:00,7501.71
2019-11-29 09:11:00,7504.45
2019-11-29 10:11:00,7553.95
2019-11-29 11:11:00,7571.36
2019-11-29 12:11:00,7588.25
2019-11-29 13:11:00,7559.34
2019-11-29 14:11:00,7553.76
2019-11-29 15:11:00,7711.24
2019-11-29 16:11:00,7759.78
2019-11-29 17:11:00,7796.93
2019-11-29 18:11:00,7794.51
2019-11-29 19:11:00,7769.27
2019-11-29 20:11:00,7774.86
2019-11-29 21:11:00,7751.73
2019-11-29 22:11:00,7766.84
2019-11-29 23:11:00,7739.51
2019-11-29 24:11:00,7755.38
2019-11-30 01:11:00,7775.65
2019-11-30 02:11:00,7787.03
2019-11-30 03:11:00,7795.53
2019-11-30 04:11:00,7787.63
2019-11-30 05:11:00,7780.83
2019-11-30 06:11:00,7781.03
2019-11-30 07:11:00,7785.08
2019-11-30 08:11:00,7783.42
2019-11-30 09:11:00,7787.19
2019-11-30 10:11:00,7791.95
2019-11-30 11:11:00,7729.35
2019-11-30 12:11:00,7744.52
2019-11-30 13:11:00,7693
2019-11-30 14:11:00,7711.81
2019-11-30 15:11:00,7687.75
2019-11-30 16:11:00,7601.22
2019-11-30 17:11:00,7577.17
2019-11-30 18:11:00,7574
2019-11-30 19:11:00,7512.76
2019-11-30 20:11:00,7507.29
2019-11-30 21:11:00,7518.08
2019-11-30 22:11:00,7527.59
2019-11-30 23:11:00,7551.43
2019-11-30 24:11:00,7585.27
2019-12-01 01:12:00,7586.27
2019-12-01 02:12:00,7539.63
2019-12-01 03:12:00,7424.92
2019-12-01 04:12:00,7380.49
2019-12-01 05:12:00,7299.31
2019-12-01 06:12:00,7329.68
2019-12-01 07:12:00,7325.89
2019-12-01 08:12:00,7341.25
2019-12-01 09:12:00,7338.49
2019-12-01 10:12:00,7319.12
2019-12-01 11:12:00,7319.93
2019-12-01 12:12:00,7366.95
2019-12-01 13:12:00,7380.68
2019-12-01 14:12:00,7379.37
2019-12-01 15:12:00,7440.46
2019-12-01 16:12:00,7449.79
2019-12-01 17:12:00,7360.15
2019-12-01 18:12:00,7342.57
2019-12-01 19:12:00,7348.49
2019-12-01 20:12:00,7335.23
2019-12-01 21:12:00,7331.68
2019-12-01 22:12:00,7387.4
2019-12-01 23:12:00,7371.19
2019-12-01 24:12:00,7404.01
2019-12-02 01:12:00,7435.71
2019-12-02 02:12:00,7396.03
2019-12-02 03:12:00,7409.04
2019-12-02 04:12:00,7430.97
2019-12-02 05:12:00,7413.18
2019-12-02 06:12:00,7374.56
2019-12-02 07:12:00,7308.65
2019-12-02 08:12:00,7233.97
2019-12-02 09:12:00,7267.83
2019-12-02 10:12:00,7235.06
2019-12-02 11:12:00,7314.35
2019-12-02 12:12:00,7342.34
2019-12-02 13:12:00,7310.68
2019-12-02 14:12:00,7303.92
2019-12-02 15:12:00,7330.55
2019-12-02 16:12:00,7324.65
2019-12-02 17:12:00,7325.35
2019-12-02 18:12:00,7316.63
2019-12-02 19:12:00,7287.05
2019-12-02 20:12:00,7294.23
2019-12-02 21:12:00,7295.67
2019-12-02 22:12:00,7315.82
2019-12-02 23:12:00,7335.97
2019-12-02 24:12:00,7354.33
2019-12-03 01:12:00,7339.71
2019-12-03 02:12:00,7383.71
2019-12-03 03:12:00,7380.97
2019-12-03 04:12:00,7371.35
2019-12-03 05:12:00,7379.77
2019-12-03 06:12:00,7328.92
2019-12-03 07:12:00,7310.83
2019-12-03 08:12:00,7331.39
2019-12-03 09:12:00,7331.2
2019-12-03 10:12:00,7323.02
2019-12-03 11:12:00,7326.54
2019-12-03 12:12:00,7287
2019-12-03 13:12:00,7307.44
2019-12-03 14:12:00,7312.37
2019-12-03 15:12:00,7323.16
2019-12-03 16:12:00,7341.21
2019-12-03 17:12:00,7354.55
2019-12-03 18:12:00,7341.39
2019-12-03 19:12:00,7356
2019-12-03 20:12:00,7363.89
2019-12-03 21:12:00,7357.93
2019-12-03 22:12:00,7330.65
2019-12-03 23:12:00,7330.47
2019-12-03 24:12:00,7341.3
2019-12-04 01:12:00,7334.72
2019-12-04 02:12:00,7212.45
2019-12-04 03:12:00,7174.07
2019-12-04 04:12:00,7175.36
2019-12-04 05:12:00,7185.75
2019-12-04 06:12:00,7173.98
2019-12-04 07:12:00,7164.13
2019-12-04 08:12:00,7175.1
2019-12-04 09:12:00,7171.11
2019-12-04 10:12:00,7164.05
2019-12-04 11:12:00,7210.05
2019-12-04 12:12:00,7233.67
2019-12-04 13:12:00,7233.9
2019-12-04 14:12:00,7245.61
2019-12-04 15:12:00,7542.4
2019-12-04 16:12:00,7499.71
2019-12-04 17:12:00,7481.8
2019-12-04 18:12:00,7484.62
2019-12-04 19:12:00,7491.13
2019-12-04 20:12:00,7492.37
2019-12-04 21:12:00,7505.24
2019-12-04 22:12:00,7303.94
2019-12-04 23:12:00,7204.54
2019-12-04 24:12:00,7212.85
2019-12-05 01:12:00,7245.3
2019-12-05 02:12:00,7224.23
2019-12-05 03:12:00,7241.89
2019-12-05 04:12:00,7244.93
2019-12-05 05:12:00,7220.83
2019-12-05 06:12:00,7263.74
2019-12-05 07:12:00,7302.66
2019-12-05 08:12:00,7327.6
2019-12-05 09:12:00,7312.84
2019-12-05 10:12:00,7338.47
2019-12-05 11:12:00,7377.67
2019-12-05 12:12:00,7370.99
2019-12-05 13:12:00,7403.02
2019-12-05 14:12:00,7438.64
2019-12-05 15:12:00,7445.69
2019-12-05 16:12:00,7410.51
2019-12-05 17:12:00,7355.37
2019-12-05 18:12:00,7332.55
2019-12-05 19:12:00,7326.87
2019-12-05 20:12:00,7375.62
2019-12-05 21:12:00,7407.41
2019-12-05 22:12:00,7402
2019-12-05 23:12:00,7390.59
2019-12-05 24:12:00,7404.42
2019-12-06 01:12:00,7426.44
2019-12-06 02:12:00,7368.3
2019-12-06 03:12:00,7409.05
2019-12-06 04:12:00,7432.11
2019-12-06 05:12:00,7405.37
2019-12-06 06:12:00,7410.21
2019-12-06 07:12:00,7429.13
2019-12-06 08:12:00,7388.23
2019-12-06 09:12:00,7392.51
2019-12-06 10:12:00,7385.89
2019-12-06 11:12:00,7396.56
2019-12-06 12:12:00,7383.79
2019-12-06 13:12:00,7364.8
2019-12-06 14:12:00,7389.85
2019-12-06 15:12:00,7393.51
2019-12-06 16:12:00,7396.22
2019-12-06 17:12:00,7405.49
2019-12-06 18:12:00,7422.99
2019-12-06 19:12:00,7515.51
2019-12-06 20:12:00,7465.7
2019-12-06 21:12:00,7459.49
2019-12-06 22:12:00,7455.45
2019-12-06 23:12:00,7483.52
2019-12-06 24:12:00,7535.53
2019-12-07 01:12:00,7541.61
2019-12-07 02:12:00,7556.29
2019-12-07 03:12:00,7560.38
2019-12-07 04:12:00,7571.16
2019-12-07 05:12:00,7574.07
2019-12-07 06:12:00,7598.73
2019-12-07 07:12:00,7586.91
2019-12-07 08:12:00,7575.84
2019-12-07 09:12:00,7558.29
2019-12-07 10:12:00,7537.04
2019-12-07 11:12:00,7547.25
2019-12-07 12:12:00,7532.03
2019-12-07 13:12:00,7562.31
2019-12-07 14:12:00,7571.3
2019-12-07 15:12:00,7559.6
2019-12-07 16:12:00,7569.37
2019-12-07 17:12:00,7553.05
2019-12-07 18:12:00,7562.98
2019-12-07 19:12:00,7550.02
2019-12-07 20:12:00,7539.39
2019-12-07 21:12:00,7545.91
2019-12-07 22:12:00,7551.26
2019-12-07 23:12:00,7533.48
2019-12-07 24:12:00,7544.96
2019-12-08 01:12:00,7545.8
2019-12-08 02:12:00,7496.5
2019-12-08 03:12:00,7470.13
2019-12-08 04:12:00,7434.99
2019-12-08 05:12:00,7469.21
2019-12-08 06:12:00,7432.03
2019-12-08 07:12:00,7475.48
2019-12-08 08:12:00,7489.65
2019-12-08 09:12:00,7509.47
2019-12-08 10:12:00,7471.77
2019-12-08 11:12:00,7513.66
2019-12-08 12:12:00,7530.64
2019-12-08 13:12:00,7551.2
2019-12-08 14:12:00,7557.11
2019-12-08 15:12:00,7584.2
2019-12-08 16:12:00,7554.16
2019-12-08 17:12:00,7577.74
2019-12-08 18:12:00,7553.42
2019-12-08 19:12:00,7562.6
2019-12-08 20:12:00,7574.2
2019-12-08 21:12:00,7557.48
2019-12-08 22:12:00,7564.39
2019-12-08 23:12:00,7578.47
2019-12-08 24:12:00,7567.19
2019-12-09 01:12:00,7561.96
2019-12-09 02:12:00,7567.95
2019-12-09 03:12:00,7510.79
2019-12-09 04:12:00,7507.15
2019-12-09 05:12:00,7534.03
2019-12-09 06:12:00,7542.57
2019-12-09 07:12:00,7542.67
2019-12-09 08:12:00,7523.9
2019-12-09 09:12:00,7499.16
2019-12-09 10:12:00,7484.13
2019-12-09 11:12:00,7503.84
2019-12-09 12:12:00,7504.45
2019-12-09 13:12:00,7503.18
2019-12-09 14:12:00,7508.22
2019-12-09 15:12:00,7527.7
2019-12-09 16:12:00,7540.5
2019-12-09 17:12:00,7542.28
2019-12-09 18:12:00,7432.08
2019-12-09 19:12:00,7442.77
2019-12-09 20:12:00,7463.9
2019-12-09 21:12:00,7407.5
2019-12-09 22:12:00,7335.06
2019-12-09 23:12:00,7340.24
2019-12-09 24:12:00,7345.8
2019-12-10 01:12:00,7358.01
2019-12-10 02:12:00,7336.43
2019-12-10 03:12:00,7370.72
2019-12-10 04:12:00,7381.4
2019-12-10 05:12:00,7387.06
2019-12-10 06:12:00,7390.24
2019-12-10 07:12:00,7376.37
2019-12-10 08:12:00,7381.34
2019-12-10 09:12:00,7366.52
2019-12-10 10:12:00,7324.85
2019-12-10 11:12:00,7345.34
2019-12-10 12:12:00,7357.25
2019-12-10 13:12:00,7371.74
2019-12-10 14:12:00,7354
2019-12-10 15:12:00,7344.1
2019-12-10 16:12:00,7304.65
2019-12-10 17:12:00,7267.01
2019-12-10 18:12:00,7247.42
2019-12-10 19:12:00,7224.87
2019-12-10 20:12:00,7209.57
2019-12-10 21:12:00,7230.93
2019-12-10 22:12:00,7214.09
2019-12-10 23:12:00,7244.72
2019-12-10 24:12:00,7288.37
2019-12-11 01:12:00,7263.84
2019-12-11 02:12:00,7269.5
2019-12-11 03:12:00,7271.17
2019-12-11 04:12:00,7297.04
2019-12-11 05:12:00,7249.88
2019-12-11 06:12:00,7252.82
2019-12-11 07:12:00,7252.38
2019-12-11 08:12:00,7222.78
2019-12-11 09:12:00,7265.2
2019-12-11 10:12:00,7259.36
2019-12-11 11:12:00,7267.49
2019-12-11 12:12:00,7280.27
2019-12-11 13:12:00,7289.82
2019-12-11 14:12:00,7272.88
2019-12-11 15:12:00,7286.1
2019-12-11 16:12:00,7262.85
2019-12-11 17:12:00,7184.27
2019-12-11 18:12:00,7196.78
2019-12-11 19:12:00,7206.35
2019-12-11 20:12:00,7219.77
2019-12-11 21:12:00,7219.12
2019-12-11 22:12:00,7203.07
2019-12-11 23:12:00,7212.33
2019-12-11 24:12:00,7217.66
2019-12-12 01:12:00,7255.81
2019-12-12 02:12:00,7216.58
2019-12-12 03:12:00,7151
2019-12-12 04:12:00,7186.58
2019-12-12 05:12:00,7187.74
2019-12-12 06:12:00,7183.18
2019-12-12 07:12:00,7181.5
2019-12-12 08:12:00,7187.57
2019-12-12 09:12:00,7187.82
2019-12-12 10:12:00,7150.49
2019-12-12 11:12:00,7178.91
2019-12-12 12:12:00,7185.1
2019-12-12 13:12:00,7202.31
2019-12-12 14:12:00,7220.08
2019-12-12 15:12:00,7207.8
2019-12-12 16:12:00,7183.92
2019-12-12 17:12:00,7174.43
2019-12-12 18:12:00,7210.04
2019-12-12 19:12:00,7222.03
2019-12-12 20:12:00,7214.13
2019-12-12 21:12:00,7216.57
2019-12-12 22:12:00,7229.56
2019-12-12 23:12:00,7249.15
2019-12-12 24:12:00,7243.44
2019-12-13 01:12:00,7217.17
2019-12-13 02:12:00,7217.15
2019-12-13 03:12:00,7216.56
2019-12-13 04:12:00,7225.17
2019-12-13 05:12:00,7245.93
2019-12-13 06:12:00,7241.14
2019-12-13 07:12:00,7243.42
2019-12-13 08:12:00,7254.38
2019-12-13 09:12:00,7232.36
2019-12-13 10:12:00,7221.93
2019-12-13 11:12:00,7242.25
2019-12-13 12:12:00,7244.41
2019-12-13 13:12:00,7241.42
2019-12-13 14:12:00,7230.96
2019-12-13 15:12:00,7238.76
2019-12-13 16:12:00,7242.92
2019-12-13 17:12:00,7256.16
2019-12-13 18:12:00,7285.62
2019-12-13 19:12:00,7285.87
2019-12-13 20:12:00,7260.85
2019-12-13 21:12:00,7262.11
2019-12-13 22:12:00,7273.54
2019-12-13 23:12:00,7266.36
2019-12-13 24:12:00,7251.02
2019-12-14 01:12:00,7282
2019-12-14 02:12:00,7279.74
2019-12-14 03:12:00,7278.76
2019-12-14 04:12:00,7275.77
2019-12-14 05:12:00,7287.61
2019-12-14 06:12:00,7293.71
2019-12-14 07:12:00,7286.75
2019-12-14 08:12:00,7296.18
2019-12-14 09:12:00,7290.29
2019-12-14 10:12:00,7208.52
2019-12-14 11:12:00,7213.43
2019-12-14 12:12:00,7234.84
2019-12-14 13:12:00,7200.31
2019-12-14 14:12:00,7202.11
2019-12-14 15:12:00,7175.47
2019-12-14 16:12:00,7142.98
2019-12-14 17:12:00,7093.82
2019-12-14 18:12:00,7053.32
2019-12-14 19:12:00,7094.09
2019-12-14 20:12:00,7102.03
2019-12-14 21:12:00,7108.86
2019-12-14 22:12:00,7098.01
2019-12-14 23:12:00,7119.66
2019-12-14 24:12:00,7121.32
2019-12-15 01:12:00,7110.82
2019-12-15 02:12:00,7061.33
2019-12-15 03:12:00,7068.19
2019-12-15 04:12:00,7095.82
2019-12-15 05:12:00,7122.75
2019-12-15 06:12:00,7073.18
2019-12-15 07:12:00,7085.06
2019-12-15 08:12:00,7085.38
2019-12-15 09:12:00,7132.09
2019-12-15 10:12:00,7165.55
2019-12-15 11:12:00,7160.45
2019-12-15 12:12:00,7132.76
2019-12-15 13:12:00,7134.73
2019-12-15 14:12:00,7110.29
2019-12-15 15:12:00,7108.07
2019-12-15 16:12:00,7121.07
2019-12-15 17:12:00,7142.77
2019-12-15 18:12:00,7117.98
2019-12-15 19:12:00,7132.76
2019-12-15 20:12:00,7126.07
2019-12-15 21:12:00,7134.49
2019-12-15 22:12:00,7138.4
2019-12-15 23:12:00,7167.67
2019-12-15 24:12:00,7150.68
2019-12-16 01:12:00,7143.54
2019-12-16 02:12:00,7116.21
2019-12-16 03:12:00,7121.82
2019-12-16 04:12:00,7125.9
2019-12-16 05:12:00,7119.9
2019-12-16 06:12:00,7071.03
2019-12-16 07:12:00,7120.12
2019-12-16 08:12:00,7112.65
2019-12-16 09:12:00,7109.84
2019-12-16 10:12:00,7099.32
2019-12-16 11:12:00,7097.56
2019-12-16 12:12:00,7087.25
2019-12-16 13:12:00,7096.89
2019-12-16 14:12:00,7106.45
2019-12-16 15:12:00,7137.36
2019-12-16 16:12:00,7150.75
2019-12-16 17:12:00,7101.48
2019-12-16 18:12:00,7121.34
2019-12-16 19:12:00,7111
2019-12-16 20:12:00,6947.12
2019-12-16 21:12:00,6909.41
2019-12-16 22:12:00,6887.53
2019-12-16 23:12:00,6895.4
2019-12-16 24:12:00,6933.27
2019-12-17 01:12:00,6912.39
2019-12-17 02:12:00,6929.71
2019-12-17 03:12:00,6929.57
2019-12-17 04:12:00,6925.1
2019-12-17 05:12:00,6891.08
2019-12-17 06:12:00,6933.55
2019-12-17 07:12:00,6938.69
2019-12-17 08:12:00,6949.4
2019-12-17 09:12:00,6911.54
2019-12-17 10:12:00,6909.95
2019-12-17 11:12:00,6917.65
2019-12-17 12:12:00,6921.57
2019-12-17 13:12:00,6908.56
2019-12-17 14:12:00,6922.91
2019-12-17 15:12:00,6806.43
2019-12-17 16:12:00,6742.3
2019-12-17 17:12:00,6742.35
2019-12-17 18:12:00,6702.58
2019-12-17 19:12:00,6728.98
2019-12-17 20:12:00,6736.19
2019-12-17 21:12:00,6656.24
2019-12-17 22:12:00,6624.61
2019-12-17 23:12:00,6629.82
2019-12-17 24:12:00,6642.45
2019-12-18 01:12:00,6623.54
2019-12-18 02:12:00,6641.07
2019-12-18 03:12:00,6675.23
2019-12-18 04:12:00,6700.18
2019-12-18 05:12:00,6719.21
2019-12-18 06:12:00,6694.3
2019-12-18 07:12:00,6688.94
2019-12-18 08:12:00,6668.43
2019-12-18 09:12:00,6624.4
2019-12-18 10:12:00,6663.96
2019-12-18 11:12:00,6660.49
2019-12-18 12:12:00,6657.13
2019-12-18 13:12:00,6649.37
2019-12-18 14:12:00,6575.43
2019-12-18 15:12:00,6551.67
2019-12-18 16:12:00,6693.17
2019-12-18 17:12:00,6804.94
2019-12-18 18:12:00,6852.03
2019-12-18 19:12:00,6885.56
2019-12-18 20:12:00,6864.7
2019-12-18 21:12:00,6931.54
2019-12-18 22:12:00,7118.79
2019-12-18 23:12:00,7165.54
2019-12-18 24:12:00,7297.21
2019-12-19 01:12:00,7306.82
2019-12-19 02:12:00,7301.11
2019-12-19 03:12:00,7183.62
2019-12-19 04:12:00,7178.78
2019-12-19 05:12:00,7185.84
2019-12-19 06:12:00,7172.19
2019-12-19 07:12:00,7159.66
2019-12-19 08:12:00,7161.48
2019-12-19 09:12:00,7131.7
2019-12-19 10:12:00,7101.12
2019-12-19 11:12:00,7082.74
2019-12-19 12:12:00,7177.22
2019-12-19 13:12:00,7180.33
2019-12-19 14:12:00,7190.85
2019-12-19 15:12:00,7160.67
2019-12-19 16:12:00,7122.86
2019-12-19 17:12:00,7160.83
2019-12-19 18:12:00,7157.25
2019-12-19 19:12:00,7136.57
2019-12-19 20:12:00,7163.71
2019-12-19 21:12:00,7166.8
2019-12-19 22:12:00,7172.97
2019-12-19 23:12:00,7172.25
2019-12-19 24:12:00,7159.38
2019-12-20 01:12:00,7187.61
2019-12-20 02:12:00,7132.36
2019-12-20 03:12:00,7121.98
2019-12-20 04:12:00,7162.35
2019-12-20 05:12:00,7167.92
2019-12-20 06:12:00,7155.55
2019-12-20 07:12:00,7127.95
2019-12-20 08:12:00,7132.39
2019-12-20 09:12:00,7161.77
2019-12-20 10:12:00,7162.17
2019-12-20 11:12:00,7166.89
2019-12-20 12:12:00,7167.04
2019-12-20 13:12:00,7178.12
2019-12-20 14:12:00,7178.37
2019-12-20 15:12:00,7203.53
2019-12-20 16:12:00,7181.8
2019-12-20 17:12:00,7191.96
2019-12-20 18:12:00,7162.87
2019-12-20 19:12:00,7188.13
2019-12-20 20:12:00,7204.94
2019-12-20 21:12:00,7209.59
2019-12-20 22:12:00,7218.86
2019-12-20 23:12:00,7220.49
2019-12-20 24:12:00,7203.35
2019-12-21 01:12:00,7214.84
2019-12-21 02:12:00,7202.2
2019-12-21 03:12:00,7197.8
2019-12-21 04:12:00,7240.21
2019-12-21 05:12:00,7205.81
2019-12-21 06:12:00,7188.97
2019-12-21 07:12:00,7202.75
2019-12-21 08:12:00,7194.01
2019-12-21 09:12:00,7194.22
2019-12-21 10:12:00,7191.02
2019-12-21 11:12:00,7138.74
2019-12-21 12:12:00,7170.43
2019-12-21 13:12:00,7177.92
2019-12-21 14:12:00,7171.91
2019-12-21 15:12:00,7160.65
2019-12-21 16:12:00,7153.89
2019-12-21 17:12:00,7154.07
2019-12-21 18:12:00,7172.1
2019-12-21 19:12:00,7178.69
2019-12-21 20:12:00,7197.65
2019-12-21 21:12:00,7179.87
2019-12-21 22:12:00,7176.53
2019-12-21 23:12:00,7165.89
2019-12-21 24:12:00,7177.62
2019-12-22 01:12:00,7193.07
2019-12-22 02:12:00,7227.03
2019-12-22 03:12:00,7207.72
2019-12-22 04:12:00,7193.72
2019-12-22 05:12:00,7196.55
2019-12-22 06:12:00,7175.37
2019-12-22 07:12:00,7189.48
2019-12-22 08:12:00,7166.97
2019-12-22 09:12:00,7177.72
2019-12-22 10:12:00,7192.54
2019-12-22 11:12:00,7210.85
2019-12-22 12:12:00,7188.71
2019-12-22 13:12:00,7212.64
2019-12-22 14:12:00,7237.36
2019-12-22 15:12:00,7188.97
2019-12-22 16:12:00,7221.88
2019-12-22 17:12:00,7204.49
2019-12-22 18:12:00,7239.01
2019-12-22 19:12:00,7313.03
2019-12-22 20:12:00,7389.86
2019-12-22 21:12:00,7426.78
2019-12-22 22:12:00,7439.06
2019-12-22 23:12:00,7443.97
2019-12-22 24:12:00,7425.84
2019-12-23 01:12:00,7483.42
2019-12-23 02:12:00,7579.98
2019-12-23 03:12:00,7593.92
2019-12-23 04:12:00,7604.53
2019-12-23 05:12:00,7601.82
2019-12-23 06:12:00,7593.14
2019-12-23 07:12:00,7586.78
2019-12-23 08:12:00,7516.32
2019-12-23 09:12:00,7517.82
2019-12-23 10:12:00,7533.41
2019-12-23 11:12:00,7544.55
2019-12-23 12:12:00,7550.8
2019-12-23 13:12:00,7577.64
2019-12-23 14:12:00,7568.91
2019-12-23 15:12:00,7568.64
2019-12-23 16:12:00,7542.1
2019-12-23 17:12:00,7588.63
2019-12-23 18:12:00,7610.87
2019-12-23 19:12:00,7455.82
2019-12-23 20:12:00,7430.15
2019-12-23 21:12:00,7423.97
2019-12-23 22:12:00,7418.45
2019-12-23 23:12:00,7329.18
2019-12-23 24:12:00,7302.72
2019-12-24 01:12:00,7340.74
2019-12-24 02:12:00,7318.68
2019-12-24 03:12:00,7327.56
2019-12-24 04:12:00,7355.35
2019-12-24 05:12:00,7343.26
2019-12-24 06:12:00,7362.45
2019-12-24 07:12:00,7360.2
2019-12-24 08:12:00,7392.47
2019-12-24 09:12:00,7293.31
2019-12-24 10:12:00,7294.99
2019-12-24 11:12:00,7361.49
2019-12-24 12:12:00,7389.78
2019-12-24 13:12:00,7385.5
2019-12-24 14:12:00,7387.85
2019-12-24 15:12:00,7408.45
2019-12-24 16:12:00,7386.62
2019-12-24 17:12:00,7286.73
2019-12-24 18:12:00,7269.01
2019-12-24 19:12:00,7281.48
2019-12-24 20:12:00,7208.86
2019-12-24 21:12:00,7232.25
2019-12-24 22:12:00,7248.93
2019-12-24 23:12:00,7257.54
2019-12-24 24:12:00,7259.82
2019-12-25 01:12:00,7269.26
2019-12-25 02:12:00,7284.02
2019-12-25 03:12:00,7265.32
2019-12-25 04:12:00,7305.27
2019-12-25 05:12:00,7277.67
2019-12-25 06:12:00,7286.3
2019-12-25 07:12:00,7275.43
2019-12-25 08:12:00,7279.56
2019-12-25 09:12:00,7273.39
2019-12-25 10:12:00,7301.14
2019-12-25 11:12:00,7270.79
2019-12-25 12:12:00,7260.42
2019-12-25 13:12:00,7257.92
2019-12-25 14:12:00,7234.17
2019-12-25 15:12:00,7202.49
2019-12-25 16:12:00,7204.11
2019-12-25 17:12:00,7194.14
2019-12-25 18:12:00,7155.48
2019-12-25 19:12:00,7157.66
2019-12-25 20:12:00,7158.57
2019-12-25 21:12:00,7208.48
2019-12-25 22:12:00,7257.77
2019-12-25 23:12:00,7252.05
2019-12-25 24:12:00,7224.43
2019-12-26 01:12:00,7256.37
2019-12-26 02:12:00,7207.97
2019-12-26 03:12:00,7206.59
2019-12-26 04:12:00,7210.04
2019-12-26 05:12:00,7268.33
2019-12-26 06:12:00,7237.89
2019-12-26 07:12:00,7186.64
2019-12-26 08:12:00,7249.36
2019-12-26 09:12:00,7218.39
2019-12-26 10:12:00,7241.93
2019-12-26 11:12:00,7235.58
2019-12-26 12:12:00,7224.65
2019-12-26 13:12:00,7213.84
2019-12-26 14:12:00,7208.02
2019-12-26 15:12:00,7207.83
2019-12-26 16:12:00,7219.96
2019-12-26 17:12:00,7232.93
2019-12-26 18:12:00,7289.98
2019-12-26 19:12:00,7361.24
2019-12-26 20:12:00,7365.28
2019-12-26 21:12:00,7349.35
2019-12-26 22:12:00,7273.28
2019-12-26 23:12:00,7220.1
2019-12-26 24:12:00,7187.1
2019-12-27 01:12:00,7225.36
2019-12-27 02:12:00,7223.43
2019-12-27 03:12:00,7237.89
2019-12-27 04:12:00,7228.72
2019-12-27 05:12:00,7225.28
2019-12-27 06:12:00,7234.54
2019-12-27 07:12:00,7217.95
2019-12-27 08:12:00,7227.61
2019-12-27 09:12:00,7186.23
2019-12-27 10:12:00,7196.87
2019-12-27 11:12:00,7208.13
2019-12-27 12:12:00,7198.15
2019-12-27 13:12:00,7123.08
2019-12-27 14:12:00,7134.73
2019-12-27 15:12:00,7210.49
2019-12-27 16:12:00,7215.47
2019-12-27 17:12:00,7228.02
2019-12-27 18:12:00,7233.91
2019-12-27 19:12:00,7214.43
2019-12-27 20:12:00,7228.51
2019-12-27 21:12:00,7225.45
2019-12-27 22:12:00,7255.26
2019-12-27 23:12:00,7242.38
2019-12-27 24:12:00,7252.65
2019-12-28 01:12:00,7254.28
2019-12-28 02:12:00,7292.29
2019-12-28 03:12:00,7328.92
2019-12-28 04:12:00,7304.53
2019-12-28 05:12:00,7362.02
2019-12-28 06:12:00,7337.74
2019-12-28 07:12:00,7344.87
2019-12-28 08:12:00,7353.42
2019-12-28 09:12:00,7329.43
2019-12-28 10:12:00,7305.33
2019-12-28 11:12:00,7366.04
2019-12-28 12:12:00,7329.51
2019-12-28 13:12:00,7318.76
2019-12-28 14:12:00,7348.09
2019-12-28 15:12:00,7319.8
2019-12-28 16:12:00,7322.97
2019-12-28 17:12:00,7322.94
2019-12-28 18:12:00,7313.91
2019-12-28 19:12:00,7338.72
2019-12-28 20:12:00,7353.51
2019-12-28 21:12:00,7347.41
2019-12-28 22:12:00,7352.18
2019-12-28 23:12:00,7347.24
2019-12-28 24:12:00,7326.68
2019-12-29 01:12:00,7339.29
2019-12-29 02:12:00,7316.56
2019-12-29 03:12:00,7349.19
2019-12-29 04:12:00,7378.36
2019-12-29 05:12:00,7412.54
2019-12-29 06:12:00,7380.29
2019-12-29 07:12:00,7357.08
2019-12-29 08:12:00,7362.8
2019-12-29 09:12:00,7415.68
2019-12-29 10:12:00,7361.7
2019-12-29 11:12:00,7371.49
2019-12-29 12:12:00,7346.99
2019-12-29 13:12:00,7365.29
2019-12-29 14:12:00,7371.45
2019-12-29 15:12:00,7388.33
2019-12-29 16:12:00,7422.86
2019-12-29 17:12:00,7403.41
2019-12-29 18:12:00,7428.31
2019-12-29 19:12:00,7424.65
2019-12-29 20:12:00,7448.22
2019-12-29 21:12:00,7460.32
2019-12-29 22:12:00,7462.75
2019-12-29 23:12:00,7393.46
2019-12-29 24:12:00,7428.95
2019-12-30 01:12:00,7432.12
2019-12-30 02:12:00,7361.22
2019-12-30 03:12:00,7397.6
2019-12-30 04:12:00,7395.8
2019-12-30 05:12:00,7368.65
2019-12-30 06:12:00,7411.5
2019-12-30 07:12:00,7391.49
2019-12-30 08:12:00,7374.71
2019-12-30 09:12:00,7391.67
2019-12-30 10:12:00,7363.02
2019-12-30 11:12:00,7356.75
2019-12-30 12:12:00,7317.26
2019-12-30 13:12:00,7325.6
2019-12-30 14:12:00,7323.65
2019-12-30 15:12:00,7317.95
2019-12-30 16:12:00,7323.2
2019-12-30 17:12:00,7272.77
2019-12-30 18:12:00,7241.51
2019-12-30 19:12:00,7239.74
2019-12-30 20:12:00,7267.09
2019-12-30 21:12:00,7236.3
2019-12-30 22:12:00,7256.03
2019-12-30 23:12:00,7280.75
2019-12-30 24:12:00,7276.42
2019-12-31 01:12:00,7265.51
2019-12-31 02:12:00,7220.89
2019-12-31 03:12:00,7279.01
2019-12-31 04:12:00,7254.26
2019-12-31 05:12:00,7246.62
2019-12-31 06:12:00,7262.17
2019-12-31 07:12:00,7278.24
2019-12-31 08:12:00,7308.18
2019-12-31 09:12:00,7277.48
2019-12-31 10:12:00,7278.74
2019-12-31 11:12:00,7272.62
2019-12-31 12:12:00,7267.22
2019-12-31 13:12:00,7282.47
2019-12-31 14:12:00,7259.73
2019-12-31 15:12:00,7283.02
2019-12-31 16:12:00,7267.43
2019-12-31 17:12:00,7207.36
2019-12-31 18:12:00,7218.61
2019-12-31 19:12:00,7183.45
2019-12-31 20:12:00,7156.82
2019-12-31 21:12:00,7187.84
2019-12-31 22:12:00,7171.37
2019-12-31 23:12:00,7215.57
2019-12-31 24:12:00,7183.59
2020-01-01 01:01:00,7213.35
2020-01-01 02:01:00,7191.93
2020-01-01 03:01:00,7206.52
2020-01-01 04:01:00,7232.05
2020-01-01 05:01:00,7247.56
2020-01-01 06:01:00,7255.28
2020-01-01 07:01:00,7276.03
2020-01-01 08:01:00,7249.32
2020-01-01 09:01:00,7272.85
2020-01-01 10:01:00,7201.42
2020-01-01 11:01:00,7239.32
2020-01-01 12:01:00,7274.24
2020-01-01 13:01:00,7221.68
2020-01-01 14:01:00,7243.89
2020-01-01 15:01:00,7257.29
2020-01-01 16:01:00,7284.58
2020-01-01 17:01:00,7256.42
2020-01-01 18:01:00,7277.26
2020-01-01 19:01:00,7268.37
2020-01-01 20:01:00,7264.67
2020-01-01 21:01:00,7220.02
2020-01-01 22:01:00,7231.51
2020-01-01 23:01:00,7265.72
2020-01-01 24:01:00,7240.05
2020-01-02 01:01:00,7212.7
2020-01-02 02:01:00,7261.63
2020-01-02 03:01:00,7237.53
2020-01-02 04:01:00,7174.09
2020-01-02 05:01:00,7143.68
2020-01-02 06:01:00,7161.53
2020-01-02 07:01:00,7167.97
2020-01-02 08:01:00,7169.76
2020-01-02 09:01:00,7105.33
2020-01-02 10:01:00,7140.51
2020-01-02 11:01:00,7184.11
2020-01-02 12:01:00,7176.45
2020-01-02 13:01:00,7207.71
2020-01-02 14:01:00,7186.19
2020-01-02 15:01:00,7129.74
2020-01-02 16:01:00,7156.94
2020-01-02 17:01:00,7145.72
2020-01-02 18:01:00,7080.32
2020-01-02 19:01:00,6968.82
2020-01-02 20:01:00,6976.46
2020-01-02 21:01:00,6985.93
2020-01-02 22:01:00,6976.23
2020-01-02 23:01:00,6973.21
2020-01-02 24:01:00,7000.45
2020-01-03 01:01:00,6988.76
2020-01-03 02:01:00,6947.23
2020-01-03 03:01:00,6914.91
2020-01-03 04:01:00,6929.29
2020-01-03 05:01:00,6956.89
2020-01-03 06:01:00,7160.04
2020-01-03 07:01:00,7203.51
2020-01-03 08:01:00,7226.5
2020-01-03 09:01:00,7221.51
2020-01-03 10:01:00,7259.51
2020-01-03 11:01:00,7306.99
2020-01-03 12:01:00,7331.07
2020-01-03 13:01:00,7326.26
2020-01-03 14:01:00,7328.1
2020-01-03 15:01:00,7344.72
2020-01-03 16:01:00,7276.04
2020-01-03 17:01:00,7292.04
2020-01-03 18:01:00,7361.75
2020-01-03 19:01:00,7369.65
2020-01-03 20:01:00,7353.02
2020-01-03 21:01:00,7324.25
2020-01-03 22:01:00,7336.17
2020-01-03 23:01:00,7313.92
2020-01-03 24:01:00,7289.56
2020-01-04 01:01:00,7321.5
2020-01-04 02:01:00,7334.92
2020-01-04 03:01:00,7331.05
2020-01-04 04:01:00,7337.49
2020-01-04 05:01:00,7346.18
2020-01-04 06:01:00,7354.28
2020-01-04 07:01:00,7361.8
2020-01-04 08:01:00,7369.87
2020-01-04 09:01:00,7368.99
2020-01-04 10:01:00,7387.16
2020-01-04 11:01:00,7357.53
2020-01-04 12:01:00,7348.06
2020-01-04 13:01:00,7352.55
2020-01-04 14:01:00,7345.24
2020-01-04 15:01:00,7307.71
2020-01-04 16:01:00,7321.92
2020-01-04 17:01:00,7333.09
2020-01-04 18:01:00,7323.16
2020-01-04 19:01:00,7346.36
2020-01-04 20:01:00,7340.04
2020-01-04 21:01:00,7316.41
2020-01-04 22:01:00,7330.43
2020-01-04 23:01:00,7359.64
2020-01-04 24:01:00,7360.11
2020-01-05 01:01:00,7354.62
2020-01-05 02:01:00,7381.53
2020-01-05 03:01:00,7440.04
2020-01-05 04:01:00,7466.02
2020-01-05 05:01:00,7475.69
2020-01-05 06:01:00,7480.88
2020-01-05 07:01:00,7468.67
2020-01-05 08:01:00,7470.41
2020-01-05 09:01:00,7480.6
2020-01-05 10:01:00,7459.28
2020-01-05 11:01:00,7434.18
2020-01-05 12:01:00,7440.77
2020-01-05 13:01:00,7457.32
2020-01-05 14:01:00,7462.08
2020-01-05 15:01:00,7451.24
2020-01-05 16:01:00,7462.65
2020-01-05 17:01:00,7465.06
2020-01-05 18:01:00,7484.96
2020-01-05 19:01:00,7481.4
2020-01-05 20:01:00,7456.27
2020-01-05 21:01:00,7449.5
2020-01-05 22:01:00,7441.03
2020-01-05 23:01:00,7402.12
2020-01-05 24:01:00,7348.54
2020-01-06 01:01:00,7350.04
2020-01-06 02:01:00,7375.12
2020-01-06 03:01:00,7404.64
2020-01-06 04:01:00,7505.96
2020-01-06 05:01:00,7536.5
2020-01-06 06:01:00,7540
2020-01-06 07:01:00,7525.03
2020-01-06 08:01:00,7538.4
2020-01-06 09:01:00,7541.23
2020-01-06 10:01:00,7539.95
2020-01-06 11:01:00,7542.24
2020-01-06 12:01:00,7564.96
2020-01-06 13:01:00,7559.55
2020-01-06 14:01:00,7568.05
2020-01-06 15:01:00,7560.6
2020-01-06 16:01:00,7540.95
2020-01-06 17:01:00,7543.23
2020-01-06 18:01:00,7541.09
2020-01-06 19:01:00,7557.82
2020-01-06 20:01:00,7552.85
2020-01-06 21:01:00,7539.67
2020-01-06 22:01:00,7557.86
2020-01-06 23:01:00,7587.56
2020-01-06 24:01:00,7683.39
2020-01-07 01:01:00,7761.76
2020-01-07 02:01:00,7895.88
2020-01-07 03:01:00,7899.59
2020-01-07 04:01:00,7924.64
2020-01-07 05:01:00,7906.17
2020-01-07 06:01:00,7867.36
2020-01-07 07:01:00,7873.93
2020-01-07 08:01:00,7892.12
2020-01-07 09:01:00,7884.94
2020-01-07 10:01:00,7892.93
2020-01-07 11:01:00,7881.89
2020-01-07 12:01:00,7886.45
2020-01-07 13:01:00,7927.16
2020-01-07 14:01:00,7890.99
2020-01-07 15:01:00,7843.22
2020-01-07 16:01:00,7874.34
2020-01-07 17:01:00,7793.95
2020-01-07 18:01:00,7845.4
2020-01-07 19:01:00,7927.15
2020-01-07 20:01:00,8054.41
2020-01-07 21:01:00,8086.29
2020-01-07 22:01:00,8130.91
2020-01-07 23:01:00,8107.26
2020-01-07 24:01:00,8021.98
2020-01-08 01:01:00,8150.97
2020-01-08 02:01:00,8328.18
2020-01-08 03:01:00,8395.81
2020-01-08 04:01:00,8349.91
2020-01-08 05:01:00,8295.62
2020-01-08 06:01:00,8319.55
2020-01-08 07:01:00,8347.26
2020-01-08 08:01:00,8339
2020-01-08 09:01:00,8318.56
2020-01-08 10:01:00,8306.96
2020-01-08 11:01:00,8303.56
2020-01-08 12:01:00,8343.56
2020-01-08 13:01:00,8358.69
2020-01-08 14:01:00,8320.19
2020-01-08 15:01:00,8334.93
2020-01-08 16:01:00,8287.62
2020-01-08 17:01:00,8295.7
2020-01-08 18:01:00,8156.64
2020-01-08 19:01:00,8064.76
2020-01-08 20:01:00,8067.41
2020-01-08 21:01:00,8008.17
2020-01-08 22:01:00,7947.89
2020-01-08 23:01:00,8009.04
2020-01-08 24:01:00,8036.34
2020-01-09 01:01:00,8071.77
2020-01-09 02:01:00,7976.11
2020-01-09 03:01:00,7996.78
2020-01-09 04:01:00,8002.42
2020-01-09 05:01:00,7966.74
2020-01-09 06:01:00,7965.61
2020-01-09 07:01:00,7954.89
2020-01-09 08:01:00,7939.12
2020-01-09 09:01:00,7954.19
2020-01-09 10:01:00,7957.94
2020-01-09 11:01:00,7893.45
2020-01-09 12:01:00,7915.02
2020-01-09 13:01:00,7892.51
2020-01-09 14:01:00,7892.88
2020-01-09 15:01:00,7924.58
2020-01-09 16:01:00,7896.79
2020-01-09 17:01:00,7906.8
2020-01-09 18:01:00,7842.24
2020-01-09 19:01:00,7809.46
2020-01-09 20:01:00,7819.24
2020-01-09 21:01:00,7891.66
2020-01-09 22:01:00,7921.26
2020-01-09 23:01:00,7791.88
2020-01-09 24:01:00,7830.97
2020-01-10 01:01:00,7816.57
2020-01-10 02:01:00,7843.99
2020-01-10 03:01:00,7829.57
2020-01-10 04:01:00,7821.83
2020-01-10 05:01:00,7805.82
2020-01-10 06:01:00,7790.8
2020-01-10 07:01:00,7762.22
2020-01-10 08:01:00,7744.47
2020-01-10 09:01:00,7735.27
2020-01-10 10:01:00,7709.36
2020-01-10 11:01:00,7735.33
2020-01-10 12:01:00,7737.95
2020-01-10 13:01:00,7811.57
2020-01-10 14:01:00,7862.44
2020-01-10 15:01:00,7900.58
2020-01-10 16:01:00,7935.81
2020-01-10 17:01:00,8032.23
2020-01-10 18:01:00,8033.59
2020-01-10 19:01:00,7948.41
2020-01-10 20:01:00,8057.09
2020-01-10 21:01:00,8050.45
2020-01-10 22:01:00,8077.96
2020-01-10 23:01:00,8075.14
2020-01-10 24:01:00,8043.26
2020-01-11 01:01:00,8141.36
2020-01-11 02:01:00,8166.88
2020-01-11 03:01:00,8221.38
2020-01-11 04:01:00,8194.33
2020-01-11 05:01:00,8164.86
2020-01-11 06:01:00,8135.82
2020-01-11 07:01:00,8079.62
2020-01-11 08:01:00,8111.8
2020-01-11 09:01:00,8114.75
2020-01-11 10:01:00,8078.48
2020-01-11 11:01:00,8108.09
2020-01-11 12:01:00,8091.33
2020-01-11 13:01:00,8045.05
2020-01-11 14:01:00,8050.62
2020-01-11 15:01:00,8083.07
2020-01-11 16:01:00,8107.24
2020-01-11 17:01:00,8093.25
2020-01-11 18:01:00,8139.66
2020-01-11 19:01:00,8185.35
2020-01-11 20:01:00,8167.11
2020-01-11 21:01:00,8159.51
2020-01-11 22:01:00,8175.08
2020-01-11 23:01:00,8189.13
2020-01-11 24:01:00,8065.53
2020-01-12 01:01:00,8032.58
2020-01-12 02:01:00,8012.22
2020-01-12 03:01:00,8071.13
2020-01-12 04:01:00,8088.25
2020-01-12 05:01:00,8093.74
2020-01-12 06:01:00,8097.61
2020-01-12 07:01:00,8105.43
2020-01-12 08:01:00,8124.81
2020-01-12 09:01:00,8104.77
2020-01-12 10:01:00,8124.88
2020-01-12 11:01:00,8145.92
2020-01-12 12:01:00,8121.51
2020-01-12 13:01:00,8135.58
2020-01-12 14:01:00,8139.23
2020-01-12 15:01:00,8150.44
2020-01-12 16:01:00,8156.48
2020-01-12 17:01:00,8168.03
2020-01-12 18:01:00,8134.24
2020-01-12 19:01:00,8121.82
2020-01-12 20:01:00,8121.82
2020-01-12 21:01:00,8139.25
2020-01-12 22:01:00,8154.66
2020-01-12 23:01:00,8141.33
2020-01-12 24:01:00,8142.9
2020-01-13 01:01:00,8173.5
2020-01-13 02:01:00,8174.03
2020-01-13 03:01:00,8155.32
2020-01-13 04:01:00,8141.7
2020-01-13 05:01:00,8109.42
2020-01-13 06:01:00,8113.91
2020-01-13 07:01:00,8095.07
2020-01-13 08:01:00,8077.05
2020-01-13 09:01:00,8074.96
2020-01-13 10:01:00,8091.64
2020-01-13 11:01:00,8104.8
2020-01-13 12:01:00,8099.76
2020-01-13 13:01:00,8110.37
2020-01-13 14:01:00,8074.85
2020-01-13 15:01:00,8096.79
2020-01-13 16:01:00,8091.94
2020-01-13 17:01:00,8075.22
2020-01-13 18:01:00,8083.59
2020-01-13 19:01:00,8109.36
2020-01-13 20:01:00,8105.94
2020-01-13 21:01:00,8121.39
2020-01-13 22:01:00,8131.34
2020-01-13 23:01:00,8147.87
2020-01-13 24:01:00,8127.18
2020-01-14 01:01:00,8129.27
2020-01-14 02:01:00,8226.65
2020-01-14 03:01:00,8388.44
2020-01-14 04:01:00,8404.09
2020-01-14 05:01:00,8421.49
2020-01-14 06:01:00,8539.09
2020-01-14 07:01:00,8509.59
2020-01-14 08:01:00,8488.86
2020-01-14 09:01:00,8514.38
2020-01-14 10:01:00,8516.81
2020-01-14 11:01:00,8517.15
2020-01-14 12:01:00,8486.56
2020-01-14 13:01:00,8510.45
2020-01-14 14:01:00,8531.81
2020-01-14 15:01:00,8532.87
2020-01-14 16:01:00,8668
2020-01-14 17:01:00,8693.48
2020-01-14 18:01:00,8595.24
2020-01-14 19:01:00,8740.74
2020-01-14 20:01:00,8768.88
2020-01-14 21:01:00,8737.12
2020-01-14 22:01:00,8711.52
2020-01-14 23:01:00,8713.96
2020-01-14 24:01:00,8741.28
2020-01-15 01:01:00,8815.43
2020-01-15 02:01:00,8809.29
2020-01-15 03:01:00,8743.49
2020-01-15 04:01:00,8779.84
2020-01-15 05:01:00,8750.33
2020-01-15 06:01:00,8627.54
2020-01-15 07:01:00,8607.46
2020-01-15 08:01:00,8641.6
2020-01-15 09:01:00,8626.22
2020-01-15 10:01:00,8621.17
2020-01-15 11:01:00,8675.37
2020-01-15 12:01:00,8748.67
2020-01-15 13:01:00,8738.12
2020-01-15 14:01:00,8739.91
2020-01-15 15:01:00,8822.08
2020-01-15 16:01:00,8821.34
2020-01-15 17:01:00,8783.63
2020-01-15 18:01:00,8749.19
2020-01-15 19:01:00,8756.01
2020-01-15 20:01:00,8737.8
2020-01-15 21:01:00,8757.15
2020-01-15 22:01:00,8778.89
2020-01-15 23:01:00,8818.79
2020-01-15 24:01:00,8833.58
2020-01-16 01:01:00,8823.2
2020-01-16 02:01:00,8749.26
2020-01-16 03:01:00,8663.13
2020-01-16 04:01:00,8651.24
2020-01-16 05:01:00,8618.28
2020-01-16 06:01:00,8648.26
2020-01-16 07:01:00,8676.28
2020-01-16 08:01:00,8693.24
2020-01-16 09:01:00,8675.95
2020-01-16 10:01:00,8672.45
2020-01-16 11:01:00,8620.56
2020-01-16 12:01:00,8623.92
2020-01-16 13:01:00,8675.98
2020-01-16 14:01:00,8741.37
2020-01-16 15:01:00,8683.85
2020-01-16 16:01:00,8667.83
2020-01-16 17:01:00,8682.39
2020-01-16 18:01:00,8640.31
2020-01-16 19:01:00,8670.74
2020-01-16 20:01:00,8664.44
2020-01-16 21:01:00,8688.17
2020-01-16 22:01:00,8708.24
2020-01-16 23:01:00,8692.78
2020-01-16 24:01:00,8707.18
2020-01-17 01:01:00,8722.38
2020-01-17 02:01:00,8690.69
2020-01-17 03:01:00,8693.5
2020-01-17 04:01:00,8736.19
2020-01-17 05:01:00,8792.73
2020-01-17 06:01:00,8776.61
2020-01-17 07:01:00,8838.79
2020-01-17 08:01:00,8934.43
2020-01-17 09:01:00,8898.86
2020-01-17 10:01:00,8941.53
2020-01-17 11:01:00,8934.87
2020-01-17 12:01:00,8932.18
2020-01-17 13:01:00,8908.18
2020-01-17 14:01:00,8833.71
2020-01-17 15:01:00,8830.72
2020-01-17 16:01:00,8798.48
2020-01-17 17:01:00,8818.43
2020-01-17 18:01:00,8872.81
2020-01-17 19:01:00,8870.35
2020-01-17 20:01:00,8893.54
2020-01-17 21:01:00,8889.39
2020-01-17 22:01:00,8887.29
2020-01-17 23:01:00,8887.4
2020-01-17 24:01:00,8909.51
2020-01-18 01:01:00,8920.87
2020-01-18 02:01:00,8932.89
2020-01-18 03:01:00,8929.2
2020-01-18 04:01:00,8911.94
2020-01-18 05:01:00,8925.48
2020-01-18 06:01:00,8855.96
2020-01-18 07:01:00,8840.6
2020-01-18 08:01:00,8840.03
2020-01-18 09:01:00,8867.75
2020-01-18 10:01:00,8841.19
2020-01-18 11:01:00,8869.36
2020-01-18 12:01:00,8876.06
2020-01-18 13:01:00,8866.66
2020-01-18 14:01:00,8892.69
2020-01-18 15:01:00,8920.74
2020-01-18 16:01:00,8932.84
2020-01-18 17:01:00,8893.01
2020-01-18 18:01:00,8884.85
2020-01-18 19:01:00,8888.17
2020-01-18 20:01:00,8880.46
2020-01-18 21:01:00,8894.01
2020-01-18 22:01:00,8902.38
2020-01-18 23:01:00,8910
2020-01-18 24:01:00,8931.06
2020-01-19 01:01:00,8943.19
2020-01-19 02:01:00,8931.36
2020-01-19 03:01:00,9095.07
2020-01-19 04:01:00,9153.12
2020-01-19 05:01:00,9153.35
2020-01-19 06:01:00,9122.53
2020-01-19 07:01:00,9118.72
2020-01-19 08:01:00,9083.83
2020-01-19 09:01:00,9050.81
2020-01-19 10:01:00,9076.83
2020-01-19 11:01:00,9086.05
2020-01-19 12:01:00,9047.05
2020-01-19 13:01:00,8674.34
2020-01-19 14:01:00,8619.05
2020-01-19 15:01:00,8614.99
2020-01-19 16:01:00,8637.77
2020-01-19 17:01:00,8628.47
2020-01-19 18:01:00,8651.91
2020-01-19 19:01:00,8652.62
2020-01-19 20:01:00,8647.2
2020-01-19 21:01:00,8650.54
2020-01-19 22:01:00,8661.34
2020-01-19 23:01:00,8715.13
2020-01-19 24:01:00,8617.9
2020-01-20 01:01:00,8679.93
2020-01-20 02:01:00,8695
2020-01-20 03:01:00,8669.72
2020-01-20 04:01:00,8654.94
2020-01-20 05:01:00,8657.03
2020-01-20 06:01:00,8668.63
2020-01-20 07:01:00,8675.13
2020-01-20 08:01:00,8685.45
2020-01-20 09:01:00,8671.15
2020-01-20 10:01:00,8631.13
2020-01-20 11:01:00,8663.35
2020-01-20 12:01:00,8660.67
2020-01-20 13:01:00,8639.89
2020-01-20 14:01:00,8586.94
2020-01-20 15:01:00,8573.16
2020-01-20 16:01:00,8623.13
2020-01-20 17:01:00,8649.02
2020-01-20 18:01:00,8664.69
2020-01-20 19:01:00,8647.4
2020-01-20 20:01:00,8660.25
2020-01-20 21:01:00,8664.71
2020-01-20 22:01:00,8668.06
2020-01-20 23:01:00,8676.85
2020-01-20 24:01:00,8688.72
2020-01-21 01:01:00,8640.44
2020-01-21 02:01:00,8626.97
2020-01-21 03:01:00,8644.23
2020-01-21 04:01:00,8654.68
2020-01-21 05:01:00,8666.65
2020-01-21 06:01:00,8673.21
2020-01-21 07:01:00,8653.74
2020-01-21 08:01:00,8633.5
2020-01-21 09:01:00,8635.4
2020-01-21 10:01:00,8620.11
2020-01-21 11:01:00,8639.8
2020-01-21 12:01:00,8635.32
2020-01-21 13:01:00,8664.3
2020-01-21 14:01:00,8640.38
2020-01-21 15:01:00,8654.66
2020-01-21 16:01:00,8650.83
2020-01-21 17:01:00,8659.99
2020-01-21 18:01:00,8637.59
2020-01-21 19:01:00,8637.88
2020-01-21 20:01:00,8629.37
2020-01-21 21:01:00,8529.97
2020-01-21 22:01:00,8654.8
2020-01-21 23:01:00,8744.11
2020-01-21 24:01:00,8709.33
2020-01-22 01:01:00,8737.79
2020-01-22 02:01:00,8734.05
2020-01-22 03:01:00,8719.88
2020-01-22 04:01:00,8710.08
2020-01-22 05:01:00,8710.32
2020-01-22 06:01:00,8721.56
2020-01-22 07:01:00,8721.74
2020-01-22 08:01:00,8730.62
2020-01-22 09:01:00,8743.22
2020-01-22 10:01:00,8671.71
2020-01-22 11:01:00,8658.49
2020-01-22 12:01:00,8674.29
2020-01-22 13:01:00,8646.37
2020-01-22 14:01:00,8648.9
2020-01-22 15:01:00,8648.23
2020-01-22 16:01:00,8650.87
2020-01-22 17:01:00,8642.8
2020-01-22 18:01:00,8632.85
2020-01-22 19:01:00,8656.84
2020-01-22 20:01:00,8659.06
2020-01-22 21:01:00,8653.31
2020-01-22 22:01:00,8658.18
2020-01-22 23:01:00,8682.6
2020-01-22 24:01:00,8668.79
2020-01-23 01:01:00,8672.06
2020-01-23 02:01:00,8661.66
2020-01-23 03:01:00,8615.55
2020-01-23 04:01:00,8573.19
2020-01-23 05:01:00,8582.42
2020-01-23 06:01:00,8580.95
2020-01-23 07:01:00,8512.51
2020-01-23 08:01:00,8532.97
2020-01-23 09:01:00,8539.8
2020-01-23 10:01:00,8547.77
2020-01-23 11:01:00,8437.67
2020-01-23 12:01:00,8410.95
2020-01-23 13:01:00,8424.07
2020-01-23 14:01:00,8403.04
2020-01-23 15:01:00,8349.25
2020-01-23 16:01:00,8323.15
2020-01-23 17:01:00,8345.63
2020-01-23 18:01:00,8333.57
2020-01-23 19:01:00,8339.09
2020-01-23 20:01:00,8315.16
2020-01-23 21:01:00,8348.72
2020-01-23 22:01:00,8365.66
2020-01-23 23:01:00,8403.35
2020-01-23 24:01:00,8419.86
2020-01-24 01:01:00,8381.06
2020-01-24 02:01:00,8396.48
2020-01-24 03:01:00,8388.49
2020-01-24 04:01:00,8315.98
2020-01-24 05:01:00,8315.51
2020-01-24 06:01:00,8314.57
2020-01-24 07:01:00,8341.19
2020-01-24 08:01:00,8355.98
2020-01-24 09:01:00,8322.71
2020-01-24 10:01:00,8351.3
2020-01-24 11:01:00,8279.1
2020-01-24 12:01:00,8261.28
2020-01-24 13:01:00,8314.51
2020-01-24 14:01:00,8404.94
2020-01-24 15:01:00,8435.98
2020-01-24 16:01:00,8465.62
2020-01-24 17:01:00,8479.83
2020-01-24 18:01:00,8488.86
2020-01-24 19:01:00,8468.05
2020-01-24 20:01:00,8489.96
2020-01-24 21:01:00,8510.44
2020-01-24 22:01:00,8486.27
2020-01-24 23:01:00,8506.05
2020-01-24 24:01:00,8469.53
2020-01-25 01:01:00,8445.38
2020-01-25 02:01:00,8368.31
2020-01-25 03:01:00,8302.01
2020-01-25 04:01:00,8308.44
2020-01-25 05:01:00,8332.6
2020-01-25 06:01:00,8311.17
2020-01-25 07:01:00,8314.21
2020-01-25 08:01:00,8366.38
2020-01-25 09:01:00,8335.69
2020-01-25 10:01:00,8340.82
2020-01-25 11:01:00,8342.83
2020-01-25 12:01:00,8364.65
2020-01-25 13:01:00,8349.14
2020-01-25 14:01:00,8310.33
2020-01-25 15:01:00,8327.95
2020-01-25 16:01:00,8369.13
2020-01-25 17:01:00,8343.81
2020-01-25 18:01:00,8359.94
2020-01-25 19:01:00,8364.44
2020-01-25 20:01:00,8358.65
2020-01-25 21:01:00,8348.24
2020-01-25 22:01:00,8370.28
2020-01-25 23:01:00,8392.76
2020-01-25 24:01:00,8388.29
2020-01-26 01:01:00,8383.13
2020-01-26 02:01:00,8308.87
2020-01-26 03:01:00,8318.66
2020-01-26 04:01:00,8338.63
2020-01-26 05:01:00,8345.08
2020-01-26 06:01:00,8365.98
2020-01-26 07:01:00,8397.66
2020-01-26 08:01:00,8363.11
2020-01-26 09:01:00,8373.79
2020-01-26 10:01:00,8427.68
2020-01-26 11:01:00,8394.27
2020-01-26 12:01:00,8432.55
2020-01-26 13:01:00,8460.41
2020-01-26 14:01:00,8462.16
2020-01-26 15:01:00,8464.14
2020-01-26 16:01:00,8445.89
2020-01-26 17:01:00,8446.05
2020-01-26 18:01:00,8471.95
2020-01-26 19:01:00,8548.97
2020-01-26 20:01:00,8578.14
2020-01-26 21:01:00,8552.1
2020-01-26 22:01:00,8570.23
2020-01-26 23:01:00,8595.16
2020-01-26 24:01:00,8576.22
2020-01-27 01:01:00,8595.77
2020-01-27 02:01:00,8652.01
2020-01-27 03:01:00,8664.67
2020-01-27 04:01:00,8643.91
2020-01-27 05:01:00,8659.46
2020-01-27 06:01:00,8646.15
2020-01-27 07:01:00,8636.94
2020-01-27 08:01:00,8642.33
2020-01-27 09:01:00,8661.57
2020-01-27 10:01:00,8596.57
2020-01-27 11:01:00,8606.61
2020-01-27 12:01:00,8632.15
2020-01-27 13:01:00,8685.7
2020-01-27 14:01:00,8715.18
2020-01-27 15:01:00,8741.08
2020-01-27 16:01:00,8726.8
2020-01-27 17:01:00,8761.22
2020-01-27 18:01:00,8774.18
2020-01-27 19:01:00,8773.66
2020-01-27 20:01:00,8797.84
2020-01-27 21:01:00,8912.69
2020-01-27 22:01:00,8935.13
2020-01-27 23:01:00,8958.5
2020-01-27 24:01:00,8906.71
2020-01-28 01:01:00,8902.68
2020-01-28 02:01:00,9013.96
2020-01-28 03:01:00,9101.44
2020-01-28 04:01:00,9099.65
2020-01-28 05:01:00,9084.31
2020-01-28 06:01:00,9087.77
2020-01-28 07:01:00,9011.02
2020-01-28 08:01:00,9016.24
2020-01-28 09:01:00,9043
2020-01-28 10:01:00,8993.26
2020-01-28 11:01:00,8977.29
2020-01-28 12:01:00,8987.44
2020-01-28 13:01:00,9069.85
2020-01-28 14:01:00,9035.25
2020-01-28 15:01:00,9059.39
2020-01-28 16:01:00,9116.92
2020-01-28 17:01:00,9003.12
2020-01-28 18:01:00,8993.67
2020-01-28 19:01:00,8939.15
2020-01-28 20:01:00,8995.3
2020-01-28 21:01:00,8997.03
2020-01-28 22:01:00,9048.44
2020-01-28 23:01:00,9071.01
2020-01-28 24:01:00,9120.68
2020-01-29 01:01:00,9307.25
2020-01-29 02:01:00,9370.74
2020-01-29 03:01:00,9344.71
2020-01-29 04:01:00,9313.53
2020-01-29 05:01:00,9328.64
2020-01-29 06:01:00,9342.54
2020-01-29 07:01:00,9339.32
2020-01-29 08:01:00,9358.94
2020-01-29 09:01:00,9340.96
2020-01-29 10:01:00,9351.7
2020-01-29 11:01:00,9343.29
2020-01-29 12:01:00,9334.13
2020-01-29 13:01:00,9285.46
2020-01-29 14:01:00,9276.46
2020-01-29 15:01:00,9303.48
2020-01-29 16:01:00,9319.48
2020-01-29 17:01:00,9296.56
2020-01-29 18:01:00,9318.32
2020-01-29 19:01:00,9344.64
2020-01-29 20:01:00,9355.18
2020-01-29 21:01:00,9358.71
2020-01-29 22:01:00,9370.88
2020-01-29 23:01:00,9368.94
2020-01-29 24:01:00,9332.91
2020-01-30 01:01:00,9320.35
2020-01-30 02:01:00,9245.16
2020-01-30 03:01:00,9263.11
2020-01-30 04:01:00,9264.28
2020-01-30 05:01:00,9259.16
2020-01-30 06:01:00,9310.95
2020-01-30 07:01:00,9317.11
2020-01-30 08:01:00,9313.88
2020-01-30 09:01:00,9348.49
2020-01-30 10:01:00,9363.49
2020-01-30 11:01:00,9331.47
2020-01-30 12:01:00,9343.73
2020-01-30 13:01:00,9325.19
2020-01-30 14:01:00,9361.68
2020-01-30 15:01:00,9370.67
2020-01-30 16:01:00,9348.41
2020-01-30 17:01:00,9360.97
2020-01-30 18:01:00,9331.93
2020-01-30 19:01:00,9462.13
2020-01-30 20:01:00,9480.45
2020-01-30 21:01:00,9484.62
2020-01-30 22:01:00,9529.04
2020-01-30 23:01:00,9540.02
2020-01-30 24:01:00,9541.52
2020-01-31 01:01:00,9508.11
2020-01-31 02:01:00,9493.66
2020-01-31 03:01:00,9471.74
2020-01-31 04:01:00,9426.95
2020-01-31 05:01:00,9442.73
2020-01-31 06:01:00,9409.54
2020-01-31 07:01:00,9375.19
2020-01-31 08:01:00,9347.02
2020-01-31 09:01:00,9326.87
2020-01-31 10:01:00,9358.73
2020-01-31 11:01:00,9367.61
2020-01-31 12:01:00,9310.05
2020-01-31 13:01:00,9314.62
2020-01-31 14:01:00,9276.26
2020-01-31 15:01:00,9244.57
2020-01-31 16:01:00,9254.07
2020-01-31 17:01:00,9284.79
2020-01-31 18:01:00,9303.63
2020-01-31 19:01:00,9277.56
2020-01-31 20:01:00,9305.82
2020-01-31 21:01:00,9297.24
2020-01-31 22:01:00,9310.9
2020-01-31 23:01:00,9339.29
2020-01-31 24:01:00,9383.48
2020-02-01 01:02:00,9366.32
2020-02-01 02:02:00,9358.77
2020-02-01 03:02:00,9399.43
2020-02-01 04:02:00,9434.56
2020-02-01 05:02:00,9421.81
2020-02-01 06:02:00,9425.05
2020-02-01 07:02:00,9399.25
2020-02-01 08:02:00,9391.13
2020-02-01 09:02:00,9425.69
2020-02-01 10:02:00,9397.77
2020-02-01 11:02:00,9375.86
2020-02-01 12:02:00,9385.96
2020-02-01 13:02:00,9347.32
2020-02-01 14:02:00,9325.35
2020-02-01 15:02:00,9343.46
2020-02-01 16:02:00,9317.59
2020-02-01 17:02:00,9348.02
2020-02-01 18:02:00,9365.25
2020-02-01 19:02:00,9396.39
2020-02-01 20:02:00,9383.45
2020-02-01 21:02:00,9372.64
2020-02-01 22:02:00,9368.83
2020-02-01 23:02:00,9363.5
2020-02-01 24:02:00,9379.88
2020-02-02 01:02:00,9389.81
2020-02-02 02:02:00,9344.55
2020-02-02 03:02:00,9325.29
2020-02-02 04:02:00,9275.32
2020-02-02 05:02:00,9267.16
2020-02-02 06:02:00,9235.27
2020-02-02 07:02:00,9309.16
2020-02-02 08:02:00,9348.16
2020-02-02 09:02:00,9366.71
2020-02-02 10:02:00,9360.61
2020-02-02 11:02:00,9365.88
2020-02-02 12:02:00,9423
2020-02-02 13:02:00,9421.22
2020-02-02 14:02:00,9449.18
2020-02-02 15:02:00,9423.1
2020-02-02 16:02:00,9423.91
2020-02-02 17:02:00,9458.79
2020-02-02 18:02:00,9438.54
2020-02-02 19:02:00,9440.8
2020-02-02 20:02:00,9452.63
2020-02-02 21:02:00,9449.65
2020-02-02 22:02:00,9442.7
2020-02-02 23:02:00,9435.9
2020-02-02 24:02:00,9404.69
2020-02-03 01:02:00,9356.34
2020-02-03 02:02:00,9346.67
2020-02-03 03:02:00,9540.07
2020-02-03 04:02:00,9369.6
2020-02-03 05:02:00,9364.38
2020-02-03 06:02:00,9375.92
2020-02-03 07:02:00,9399.07
2020-02-03 08:02:00,9387.95
2020-02-03 09:02:00,9359.19
2020-02-03 10:02:00,9355.47
2020-02-03 11:02:00,9345.84
2020-02-03 12:02:00,9308.85
2020-02-03 13:02:00,9337.95
2020-02-03 14:02:00,9343.93
2020-02-03 15:02:00,9314.54
2020-02-03 16:02:00,9319.08
2020-02-03 17:02:00,9297.23
2020-02-03 18:02:00,9278.41
2020-02-03 19:02:00,9261.77
2020-02-03 20:02:00,9281.87
2020-02-03 21:02:00,9303.56
2020-02-03 22:02:00,9326.14
2020-02-03 23:02:00,9293.28
2020-02-03 24:02:00,9283.36
2020-02-04 01:02:00,9267.45
2020-02-04 02:02:00,9322.2
2020-02-04 03:02:00,9289.99
2020-02-04 04:02:00,9286.19
2020-02-04 05:02:00,9275.31
2020-02-04 06:02:00,9270.49
2020-02-04 07:02:00,9247.71
2020-02-04 08:02:00,9272.12
2020-02-04 09:02:00,9276.47
2020-02-04 10:02:00,9256.66
2020-02-04 11:02:00,9193.3
2020-02-04 12:02:00,9172.19
2020-02-04 13:02:00,9172.2
2020-02-04 14:02:00,9128.39
2020-02-04 15:02:00,9126.48
2020-02-04 16:02:00,9147.51
2020-02-04 17:02:00,9187.04
2020-02-04 18:02:00,9209.4
2020-02-04 19:02:00,9202.93
2020-02-04 20:02:00,9203.03
2020-02-04 21:02:00,9183.84
2020-02-04 22:02:00,9163.86
2020-02-04 23:02:00,9171.63
2020-02-04 24:02:00,9174.24
2020-02-05 01:02:00,9177.42
2020-02-05 02:02:00,9195.6
2020-02-05 03:02:00,9198.21
2020-02-05 04:02:00,9185.02
2020-02-05 05:02:00,9202.21
2020-02-05 06:02:00,9211.56
2020-02-05 07:02:00,9243.12
2020-02-05 08:02:00,9271.07
2020-02-05 09:02:00,9262.98
2020-02-05 10:02:00,9246.76
2020-02-05 11:02:00,9245.95
2020-02-05 12:02:00,9329.18
2020-02-05 13:02:00,9390.25
2020-02-05 14:02:00,9442.28
2020-02-05 15:02:00,9433.12
2020-02-05 16:02:00,9440.32
2020-02-05 17:02:00,9464.93
2020-02-05 18:02:00,9534.12
2020-02-05 19:02:00,9557.66
2020-02-05 20:02:00,9660.53
2020-02-05 21:02:00,9694.5
2020-02-05 22:02:00,9673.07
2020-02-05 23:02:00,9677.64
2020-02-05 24:02:00,9632.18
2020-02-06 01:02:00,9628.37
2020-02-06 02:02:00,9569.77
2020-02-06 03:02:00,9585.95
2020-02-06 04:02:00,9587.12
2020-02-06 05:02:00,9588.28
2020-02-06 06:02:00,9628.71
2020-02-06 07:02:00,9637.31
2020-02-06 08:02:00,9640.37
2020-02-06 09:02:00,9657.46
2020-02-06 10:02:00,9632.79
2020-02-06 11:02:00,9620.25
2020-02-06 12:02:00,9653.67
2020-02-06 13:02:00,9665.64
2020-02-06 14:02:00,9759.74
2020-02-06 15:02:00,9779.41
2020-02-06 16:02:00,9785.06
2020-02-06 17:02:00,9792.78
2020-02-06 18:02:00,9788.84
2020-02-06 19:02:00,9766.18
2020-02-06 20:02:00,9715.18
2020-02-06 21:02:00,9736.76
2020-02-06 22:02:00,9751.05
2020-02-06 23:02:00,9739.39
2020-02-06 24:02:00,9706.03
2020-02-07 01:02:00,9712.14
2020-02-07 02:02:00,9777.46
2020-02-07 03:02:00,9793.52
2020-02-07 04:02:00,9814.3
2020-02-07 05:02:00,9785.51
2020-02-07 06:02:00,9761.51
2020-02-07 07:02:00,9765.79
2020-02-07 08:02:00,9759.48
2020-02-07 09:02:00,9767
2020-02-07 10:02:00,9768.44
2020-02-07 11:02:00,9763.39
2020-02-07 12:02:00,9798.9
2020-02-07 13:02:00,9826.11
2020-02-07 14:02:00,9743.51
2020-02-07 15:02:00,9759.14
2020-02-07 16:02:00,9790.25
2020-02-07 17:02:00,9790.35
2020-02-07 18:02:00,9784.96
2020-02-07 19:02:00,9778.3
2020-02-07 20:02:00,9780.28
2020-02-07 21:02:00,9767.02
2020-02-07 22:02:00,9747.3
2020-02-07 23:02:00,9743.21
2020-02-07 24:02:00,9764.98
2020-02-08 01:02:00,9796.62
2020-02-08 02:02:00,9791.78
2020-02-08 03:02:00,9763.61
2020-02-08 04:02:00,9731.69
2020-02-08 05:02:00,9688.41
2020-02-08 06:02:00,9736.31
2020-02-08 07:02:00,9752.98
2020-02-08 08:02:00,9763.28
2020-02-08 09:02:00,9744.67
2020-02-08 10:02:00,9789.18
2020-02-08 11:02:00,9789.72
2020-02-08 12:02:00,9822.84
2020-02-08 13:02:00,9803.72
2020-02-08 14:02:00,9816.2
2020-02-08 15:02:00,9818.61
2020-02-08 16:02:00,9823.94
2020-02-08 17:02:00,9844.5
2020-02-08 18:02:00,9848.32
2020-02-08 19:02:00,9864.29
2020-02-08 20:02:00,9836.91
2020-02-08 21:02:00,9863.17
2020-02-08 22:02:00,9855.6
2020-02-08 23:02:00,9901.9
2020-02-08 24:02:00,9884.5
2020-02-09 01:02:00,9900.86
2020-02-09 02:02:00,9923.09
2020-02-09 03:02:00,9929.98
2020-02-09 04:02:00,9962.99
2020-02-09 05:02:00,10007.52
2020-02-09 06:02:00,10087.91
2020-02-09 07:02:00,10081.65
2020-02-09 08:02:00,10099.06
2020-02-09 09:02:00,10127.7
2020-02-09 10:02:00,10115.68
2020-02-09 11:02:00,10084.87
2020-02-09 12:02:00,10082.45
2020-02-09 13:02:00,10109.36
2020-02-09 14:02:00,10124.56
2020-02-09 15:02:00,10109.5
2020-02-09 16:02:00,10085.54
2020-02-09 17:02:00,10055.53
2020-02-09 18:02:00,10084.92
2020-02-09 19:02:00,10090.4
2020-02-09 20:02:00,10064.5
2020-02-09 21:02:00,10070.04
2020-02-09 22:02:00,10056.17
2020-02-09 23:02:00,10062.85
2020-02-09 24:02:00,10096.7
2020-02-10 01:02:00,10137.96
2020-02-10 02:02:00,10172.66
2020-02-10 03:02:00,10152.41
2020-02-10 04:02:00,10106.59
2020-02-10 05:02:00,10066.2
2020-02-10 06:02:00,10045.12
2020-02-10 07:02:00,9919.47
2020-02-10 08:02:00,9924.51
2020-02-10 09:02:00,9973.8
2020-02-10 10:02:00,9917.04
2020-02-10 11:02:00,9825.29
2020-02-10 12:02:00,9832.08
2020-02-10 13:02:00,9794.21
2020-02-10 14:02:00,9803.13
2020-02-10 15:02:00,9830.65
2020-02-10 16:02:00,9857.51
2020-02-10 17:02:00,9901.96
2020-02-10 18:02:00,9861.54
2020-02-10 19:02:00,9838.28
2020-02-10 20:02:00,9850.79
2020-02-10 21:02:00,9830.01
2020-02-10 22:02:00,9861.77
2020-02-10 23:02:00,9879.9
2020-02-10 24:02:00,9842.95
2020-02-11 01:02:00,9866.46
2020-02-11 02:02:00,9807.24
2020-02-11 03:02:00,9760.83
2020-02-11 04:02:00,9778.53
2020-02-11 05:02:00,9741.17
2020-02-11 06:02:00,9738.7
2020-02-11 07:02:00,9762.37
2020-02-11 08:02:00,9765.34
2020-02-11 09:02:00,9783.67
2020-02-11 10:02:00,9775.48
2020-02-11 11:02:00,9830.47
2020-02-11 12:02:00,9795.23
2020-02-11 13:02:00,9862.15
2020-02-11 14:02:00,9863.9
2020-02-11 15:02:00,9896.42
2020-02-11 16:02:00,9891.71
2020-02-11 17:02:00,10088.91
2020-02-11 18:02:00,10246.21
2020-02-11 19:02:00,10287.17
2020-02-11 20:02:00,10278.9
2020-02-11 21:02:00,10256.37
2020-02-11 22:02:00,10256.05
2020-02-11 23:02:00,10236.61
2020-02-11 24:02:00,10225.31
2020-02-12 01:02:00,10248.36
2020-02-12 02:02:00,10299.83
2020-02-12 03:02:00,10328.2
2020-02-12 04:02:00,10287.06
2020-02-12 05:02:00,10285.32
2020-02-12 06:02:00,10304.97
2020-02-12 07:02:00,10314.55
2020-02-12 08:02:00,10329.26
2020-02-12 09:02:00,10398.48
2020-02-12 10:02:00,10305.72
2020-02-12 11:02:00,10259.3
2020-02-12 12:02:00,10292.02
2020-02-12 13:02:00,10345.63
2020-02-12 14:02:00,10327.21
2020-02-12 15:02:00,10374.08
2020-02-12 16:02:00,10371.13
2020-02-12 17:02:00,10321.26
2020-02-12 18:02:00,10353.11
2020-02-12 19:02:00,10349.13
2020-02-12 20:02:00,10334.65
2020-02-12 21:02:00,10338.99
2020-02-12 22:02:00,10365.99
2020-02-12 23:02:00,10388.31
2020-02-12 24:02:00,10358.09
2020-02-13 01:02:00,10346.36
2020-02-13 02:02:00,10367.27
2020-02-13 03:02:00,10390.24
2020-02-13 04:02:00,10416.52
2020-02-13 05:02:00,10422.54
2020-02-13 06:02:00,10409.05
2020-02-13 07:02:00,10423.81
2020-02-13 08:02:00,10447.2
2020-02-13 09:02:00,10433.43
2020-02-13 10:02:00,10244.58
2020-02-13 11:02:00,10169.93
2020-02-13 12:02:00,10156.26
2020-02-13 13:02:00,10127.49
2020-02-13 14:02:00,10173.09
2020-02-13 15:02:00,10380.41
2020-02-13 16:02:00,10253.71
2020-02-13 17:02:00,10265.71
2020-02-13 18:02:00,10220.81
2020-02-13 19:02:00,10173.79
2020-02-13 20:02:00,10205
2020-02-13 21:02:00,10235.11
2020-02-13 22:02:00,10229.83
2020-02-13 23:02:00,10188.49
2020-02-13 24:02:00,10208.54
2020-02-14 01:02:00,10223.92
2020-02-14 02:02:00,10205.19
2020-02-14 03:02:00,10241.86
2020-02-14 04:02:00,10232.76
2020-02-14 05:02:00,10246.85
2020-02-14 06:02:00,10231.67
2020-02-14 07:02:00,10188.77
2020-02-14 08:02:00,10163.97
2020-02-14 09:02:00,10127.38
2020-02-14 10:02:00,10139.7
2020-02-14 11:02:00,10179.61
2020-02-14 12:02:00,10246.44
2020-02-14 13:02:00,10246.32
2020-02-14 14:02:00,10266.05
2020-02-14 15:02:00,10254.15
2020-02-14 16:02:00,10281.14
2020-02-14 17:02:00,10262.13
2020-02-14 18:02:00,10280.09
2020-02-14 19:02:00,10287.69
2020-02-14 20:02:00,10332
2020-02-14 21:02:00,10357.43
2020-02-14 22:02:00,10371.39
2020-02-14 23:02:00,10367.48
2020-02-14 24:02:00,10339.46
2020-02-15 01:02:00,10349.19
2020-02-15 02:02:00,10365.44
2020-02-15 03:02:00,10298.7
2020-02-15 04:02:00,10255.22
2020-02-15 05:02:00,10272.72
2020-02-15 06:02:00,10272.51
2020-02-15 07:02:00,10250.74
2020-02-15 08:02:00,10244.76
2020-02-15 09:02:00,10230.08
2020-02-15 10:02:00,10240.74
2020-02-15 11:02:00,10254.94
2020-02-15 12:02:00,10265.34
2020-02-15 13:02:00,10240.18
2020-02-15 14:02:00,10224.17
2020-02-15 15:02:00,10233.78
2020-02-15 16:02:00,10247.18
2020-02-15 17:02:00,10016.46
2020-02-15 18:02:00,9982.77
2020-02-15 19:02:00,9897.58
2020-02-15 20:02:00,9868.86
2020-02-15 21:02:00,9910.78
2020-02-15 22:02:00,9890.22
2020-02-15 23:02:00,9904.16
2020-02-15 24:02:00,9929.53
2020-02-16 01:02:00,9912.15
2020-02-16 02:02:00,9896.57
2020-02-16 03:02:00,9923.16
2020-02-16 04:02:00,9986.08
2020-02-16 05:02:00,10017.92
2020-02-16 06:02:00,10001.61
2020-02-16 07:02:00,9979.45
2020-02-16 08:02:00,9963.37
2020-02-16 09:02:00,9981.64
2020-02-16 10:02:00,9987.7
2020-02-16 11:02:00,9990.93
2020-02-16 12:02:00,9972.3
2020-02-16 13:02:00,9945.14
2020-02-16 14:02:00,9916.8
2020-02-16 15:02:00,9902.88
2020-02-16 16:02:00,9933.3
2020-02-16 17:02:00,9880.27
2020-02-16 18:02:00,9762.01
2020-02-16 19:02:00,9766.41
2020-02-16 20:02:00,9815.99
2020-02-16 21:02:00,9766.03
2020-02-16 22:02:00,9763.22
2020-02-16 23:02:00,9780.55
2020-02-16 24:02:00,9819.12
2020-02-17 01:02:00,9937.51
2020-02-17 02:02:00,9905.39
2020-02-17 03:02:00,9883.08
2020-02-17 04:02:00,9836.33
2020-02-17 05:02:00,9812.94
2020-02-17 06:02:00,9766.35
2020-02-17 07:02:00,9788.02
2020-02-17 08:02:00,9801.7
2020-02-17 09:02:00,9783.46
2020-02-17 10:02:00,9780.72
2020-02-17 11:02:00,9823.05
2020-02-17 12:02:00,9746.89
2020-02-17 13:02:00,9656.99
2020-02-17 14:02:00,9660.91
2020-02-17 15:02:00,9602.1
2020-02-17 16:02:00,9538.07
2020-02-17 17:02:00,9620.02
2020-02-17 18:02:00,9691.23
2020-02-17 19:02:00,9654.08
2020-02-17 20:02:00,9639.42
2020-02-17 21:02:00,9662.1
2020-02-17 22:02:00,9681.71
2020-02-17 23:02:00,9653.06
2020-02-17 24:02:00,9640.52
2020-02-18 01:02:00,9677.7
2020-02-18 02:02:00,9671.63
2020-02-18 03:02:00,9725.16
2020-02-18 04:02:00,9739.44
2020-02-18 05:02:00,9719.34
2020-02-18 06:02:00,9774.99
2020-02-18 07:02:00,9796.81
2020-02-18 08:02:00,9786.21
2020-02-18 09:02:00,9792.66
2020-02-18 10:02:00,9781.73
2020-02-18 11:02:00,9714.78
2020-02-18 12:02:00,9700.83
2020-02-18 13:02:00,9725.69
2020-02-18 14:02:00,9694.34
2020-02-18 15:02:00,9648.09
2020-02-18 16:02:00,9687.31
2020-02-18 17:02:00,9831.48
2020-02-18 18:02:00,9902.94
2020-02-18 19:02:00,9946.17
2020-02-18 20:02:00,10018.4
2020-02-18 21:02:00,10028.67
2020-02-18 22:02:00,10128.34
2020-02-18 23:02:00,10180.23
2020-02-18 24:02:00,10138.47
2020-02-19 01:02:00,10208.29
2020-02-19 02:02:00,10152.93
2020-02-19 03:02:00,10149.69
2020-02-19 04:02:00,10165.86
2020-02-19 05:02:00,10166.47
2020-02-19 06:02:00,10134.86
2020-02-19 07:02:00,10122.58
2020-02-19 08:02:00,10101.75
2020-02-19 09:02:00,10077.72
2020-02-19 10:02:00,10119.6
2020-02-19 11:02:00,10141.3
2020-02-19 12:02:00,10130.77
2020-02-19 13:02:00,10183.33
2020-02-19 14:02:00,10161.13
2020-02-19 15:02:00,10134.77
2020-02-19 16:02:00,10149.42
2020-02-19 17:02:00,10141.77
2020-02-19 18:02:00,10167.28
2020-02-19 19:02:00,10238.05
2020-02-19 20:02:00,10187.43
2020-02-19 21:02:00,10202.54
2020-02-19 22:02:00,10125.37
2020-02-19 23:02:00,9692.7
2020-02-19 24:02:00,9625.8
2020-02-20 01:02:00,9647.88
2020-02-20 02:02:00,9618.22
2020-02-20 03:02:00,9615.45
2020-02-20 04:02:00,9548.62
2020-02-20 05:02:00,9584.89
2020-02-20 06:02:00,9570.51
2020-02-20 07:02:00,9557.98
2020-02-20 08:02:00,9591.11
2020-02-20 09:02:00,9619.73
2020-02-20 10:02:00,9579.82
2020-02-20 11:02:00,9591.91
2020-02-20 12:02:00,9622.42
2020-02-20 13:02:00,9619.8
2020-02-20 14:02:00,9582.53
2020-02-20 15:02:00,9565.93
2020-02-20 16:02:00,9615.61
2020-02-20 17:02:00,9597.6
2020-02-20 18:02:00,9566.97
2020-02-20 19:02:00,9544.43
2020-02-20 20:02:00,9519.8
2020-02-20 21:02:00,9552.17
2020-02-20 22:02:00,9572.47
2020-02-20 23:02:00,9601.37
2020-02-20 24:02:00,9640.8
2020-02-21 01:02:00,9624.76
2020-02-21 02:02:00,9609.09
2020-02-21 03:02:00,9637.73
2020-02-21 04:02:00,9665.1
2020-02-21 05:02:00,9686.61
2020-02-21 06:02:00,9715.86
2020-02-21 07:02:00,9686.72
2020-02-21 08:02:00,9711.58
2020-02-21 09:02:00,9694.48
2020-02-21 10:02:00,9660.08
2020-02-21 11:02:00,9648.84
2020-02-21 12:02:00,9696.23
2020-02-21 13:02:00,9722.79
2020-02-21 14:02:00,9754.31
2020-02-21 15:02:00,9733.72
2020-02-21 16:02:00,9724.49
2020-02-21 17:02:00,9717.26
2020-02-21 18:02:00,9741
2020-02-21 19:02:00,9736.18
2020-02-21 20:02:00,9734.46
2020-02-21 21:02:00,9711.11
2020-02-21 22:02:00,9653.83
2020-02-21 23:02:00,9683.75
2020-02-21 24:02:00,9677.95
2020-02-22 01:02:00,9688.57
2020-02-22 02:02:00,9710.55
2020-02-22 03:02:00,9700.88
2020-02-22 04:02:00,9682.89
2020-02-22 05:02:00,9692.72
2020-02-22 06:02:00,9670.83
2020-02-22 07:02:00,9647.05
2020-02-22 08:02:00,9613.59
2020-02-22 09:02:00,9651.65
2020-02-22 10:02:00,9676.04
2020-02-22 11:02:00,9668.53
2020-02-22 12:02:00,9657.83
2020-02-22 13:02:00,9669.32
2020-02-22 14:02:00,9692.34
2020-02-22 15:02:00,9685.07
2020-02-22 16:02:00,9676.14
2020-02-22 17:02:00,9667.28
2020-02-22 18:02:00,9661.65
2020-02-22 19:02:00,9688.84
2020-02-22 20:02:00,9691.6
2020-02-22 21:02:00,9717.35
2020-02-22 22:02:00,9726.94
2020-02-22 23:02:00,9721.18
2020-02-22 24:02:00,9720.33
2020-02-23 01:02:00,9687.81
2020-02-23 02:02:00,9709.64
2020-02-23 03:02:00,9719.23
2020-02-23 04:02:00,9702.49
2020-02-23 05:02:00,9768.28
2020-02-23 06:02:00,9892.44
2020-02-23 07:02:00,9897.54
2020-02-23 08:02:00,9925.34
2020-02-23 09:02:00,9917.07
2020-02-23 10:02:00,9909.41
2020-02-23 11:02:00,9918.8
2020-02-23 12:02:00,9941.35
2020-02-23 13:02:00,9877.37
2020-02-23 14:02:00,9876.44
2020-02-23 15:02:00,9895.45
2020-02-23 16:02:00,9914.67
2020-02-23 17:02:00,9900.67
2020-02-23 18:02:00,9895.11
2020-02-23 19:02:00,9903.12
2020-02-23 20:02:00,9903.98
2020-02-23 21:02:00,9922.67
2020-02-23 22:02:00,9890.28
2020-02-23 23:02:00,9887.17
2020-02-23 24:02:00,9905.65
2020-02-24 01:02:00,9968.66
2020-02-24 02:02:00,9990.23
2020-02-24 03:02:00,9930.12
2020-02-24 04:02:00,9767.54
2020-02-24 05:02:00,9774.74
2020-02-24 06:02:00,9761.41
2020-02-24 07:02:00,9778.01
2020-02-24 08:02:00,9761.98
2020-02-24 09:02:00,9720.82
2020-02-24 10:02:00,9770.81
2020-02-24 11:02:00,9748.46
2020-02-24 12:02:00,9748.34
2020-02-24 13:02:00,9794.11
2020-02-24 14:02:00,9832.41
2020-02-24 15:02:00,9792.03
2020-02-24 16:02:00,9781.9
2020-02-24 17:02:00,9741.01
2020-02-24 18:02:00,9702.08
2020-02-24 19:02:00,9635.68
2020-02-24 20:02:00,9541.13
2020-02-24 21:02:00,9621.89
2020-02-24 22:02:00,9634.24
2020-02-24 23:02:00,9611.66
2020-02-24 24:02:00,9653.37
2020-02-25 01:02:00,9662.19
2020-02-25 02:02:00,9647.77
2020-02-25 03:02:00,9643.36
2020-02-25 04:02:00,9629.42
2020-02-25 05:02:00,9628.23
2020-02-25 06:02:00,9590.61
2020-02-25 07:02:00,9582.32
2020-02-25 08:02:00,9534.85
2020-02-25 09:02:00,9522.26
2020-02-25 10:02:00,9569.34
2020-02-25 11:02:00,9616.76
2020-02-25 12:02:00,9598.17
2020-02-25 13:02:00,9590.02
2020-02-25 14:02:00,9652.86
2020-02-25 15:02:00,9616.4
2020-02-25 16:02:00,9455.67
2020-02-25 17:02:00,9407.64
2020-02-25 18:02:00,9397.85
2020-02-25 19:02:00,9342.44
2020-02-25 20:02:00,9384.59
2020-02-25 21:02:00,9351.23
2020-02-25 22:02:00,9345.09
2020-02-25 23:02:00,9337.47
2020-02-25 24:02:00,9413.57
2020-02-26 01:02:00,9363.99
2020-02-26 02:02:00,9346.32
2020-02-26 03:02:00,9235.71
2020-02-26 04:02:00,9162.6
2020-02-26 05:02:00,9163.28
2020-02-26 06:02:00,9150.98
2020-02-26 07:02:00,9196.88
2020-02-26 08:02:00,9225.83
2020-02-26 09:02:00,9185.69
2020-02-26 10:02:00,9158.17
2020-02-26 11:02:00,9166.88
2020-02-26 12:02:00,9162.74
2020-02-26 13:02:00,9174.06
2020-02-26 14:02:00,9183.64
2020-02-26 15:02:00,9160.16
2020-02-26 16:02:00,9036.24
2020-02-26 17:02:00,9018.6
2020-02-26 18:02:00,8791.57
2020-02-26 19:02:00,8720.79
2020-02-26 20:02:00,8777.95
2020-02-26 21:02:00,8827.26
2020-02-26 22:02:00,8830.77
2020-02-26 23:02:00,8798.14
2020-02-26 24:02:00,8788.08
2020-02-27 01:02:00,8830.53
2020-02-27 02:02:00,8691.51
2020-02-27 03:02:00,8604.61
2020-02-27 04:02:00,8710.17
2020-02-27 05:02:00,8721.78
2020-02-27 06:02:00,8730.83
2020-02-27 07:02:00,8763.84
2020-02-27 08:02:00,8808.61
2020-02-27 09:02:00,8811.9
2020-02-27 10:02:00,8843.01
2020-02-27 11:02:00,8820.94
2020-02-27 12:02:00,8802.63
2020-02-27 13:02:00,8868.83
2020-02-27 14:02:00,8852.61
2020-02-27 15:02:00,8844.8
2020-02-27 16:02:00,8870.06
2020-02-27 17:02:00,8883.77
2020-02-27 18:02:00,8934.24
2020-02-27 19:02:00,8943.93
2020-02-27 20:02:00,8928.09
2020-02-27 21:02:00,8918.72
2020-02-27 22:02:00,8909.02
2020-02-27 23:02:00,8825.41
2020-02-27 24:02:00,8746.53
2020-02-28 01:02:00,8814.74
2020-02-28 02:02:00,8868.27
2020-02-28 03:02:00,8873.43
2020-02-28 04:02:00,8909.98
2020-02-28 05:02:00,8884.18
2020-02-28 06:02:00,8885.56
2020-02-28 07:02:00,8838.49
2020-02-28 08:02:00,8810.74
2020-02-28 09:02:00,8754.55
2020-02-28 10:02:00,8798.43
2020-02-28 11:02:00,8668.42
2020-02-28 12:02:00,8607.87
2020-02-28 13:02:00,8618.37
2020-02-28 14:02:00,8499.15
2020-02-28 15:02:00,8642.67
2020-02-28 16:02:00,8621.21
2020-02-28 17:02:00,8699.64
2020-02-28 18:02:00,8695.95
2020-02-28 19:02:00,8583.61
2020-02-28 20:02:00,8576.26
2020-02-28 21:02:00,8594.65
2020-02-28 22:02:00,8668.99
2020-02-28 23:02:00,8705.29
2020-02-28 24:02:00,8755.75
2020-02-29 01:02:00,8773.58
2020-02-29 02:02:00,8783.11
2020-02-29 03:02:00,8759.74
2020-02-29 04:02:00,8790.89
2020-02-29 05:02:00,8763.1
2020-02-29 06:02:00,8809.89
2020-02-29 07:02:00,8830.02
2020-02-29 08:02:00,8792.02
2020-02-29 09:02:00,8800.56
2020-02-29 10:02:00,8810.99
2020-02-29 11:02:00,8755.42
2020-02-29 12:02:00,8698.79
2020-02-29 13:02:00,8714.16
2020-02-29 14:02:00,8747.28
2020-02-29 15:02:00,8671.57
2020-02-29 16:02:00,8631.58
2020-02-29 17:02:00,8683.86
2020-02-29 18:02:00,8701.22
2020-02-29 19:02:00,8677.98
2020-02-29 20:02:00,8737.07
2020-02-29 21:02:00,8702.33
2020-02-29 22:02:00,8711.9
2020-02-29 23:02:00,8678.19
2020-02-29 24:02:00,8634.28
2020-03-01 01:03:00,8605.61
2020-03-01 02:03:00,8598.69
2020-03-01 03:03:00,8599.37
2020-03-01 04:03:00,8689.21
2020-03-01 05:03:00,8683.93
2020-03-01 06:03:00,8621.59
2020-03-01 07:03:00,8613.56
2020-03-01 08:03:00,8588.04
2020-03-01 09:03:00,8594.32
2020-03-01 10:03:00,8585.65
2020-03-01 11:03:00,8594.15
2020-03-01 12:03:00,8622.8
2020-03-01 13:03:00,8657.76
2020-03-01 14:03:00,8693.04
2020-03-01 15:03:00,8597.92
2020-03-01 16:03:00,8644.3
2020-03-01 17:03:00,8598.32
2020-03-01 18:03:00,8513.75
2020-03-01 19:03:00,8520.76
2020-03-01 20:03:00,8504.22
2020-03-01 21:03:00,8493.99
2020-03-01 22:03:00,8546.73
2020-03-01 23:03:00,8516.13
2020-03-01 24:03:00,8601.47
2020-03-02 01:03:00,8581.93
2020-03-02 02:03:00,8547.28
2020-03-02 03:03:00,8556
2020-03-02 04:03:00,8623.53
2020-03-02 05:03:00,8648.27
2020-03-02 06:03:00,8659.11
2020-03-02 07:03:00,8679.7
2020-03-02 08:03:00,8692.05
2020-03-02 09:03:00,8659.26
2020-03-02 10:03:00,8682.58
2020-03-02 11:03:00,8701.2
2020-03-02 12:03:00,8750.11
2020-03-02 13:03:00,8763.15
2020-03-02 14:03:00,8776.29
2020-03-02 15:03:00,8825
2020-03-02 16:03:00,8871.3
2020-03-02 17:03:00,8833.97
2020-03-02 18:03:00,8873.25
2020-03-02 19:03:00,8910.75
2020-03-02 20:03:00,8889.88
2020-03-02 21:03:00,8885.66
2020-03-02 22:03:00,8898.63
2020-03-02 23:03:00,8936.67
2020-03-02 24:03:00,8958.91
2020-03-03 01:03:00,8928.14
2020-03-03 02:03:00,8891.48
2020-03-03 03:03:00,8874.42
2020-03-03 04:03:00,8859.6
2020-03-03 05:03:00,8909.79
2020-03-03 06:03:00,8890.04
2020-03-03 07:03:00,8856.64
2020-03-03 08:03:00,8837.11
2020-03-03 09:03:00,8789.55
2020-03-03 10:03:00,8804.17
2020-03-03 11:03:00,8831.97
2020-03-03 12:03:00,8868.76
2020-03-03 13:03:00,8906.61
2020-03-03 14:03:00,8869.1
2020-03-03 15:03:00,8801.44
2020-03-03 16:03:00,8769.24
2020-03-03 17:03:00,8774.58
2020-03-03 18:03:00,8723.63
2020-03-03 19:03:00,8740.48
2020-03-03 20:03:00,8731.42
2020-03-03 21:03:00,8738.48
2020-03-03 22:03:00,8735.69
2020-03-03 23:03:00,8770.62
2020-03-03 24:03:00,8784.7
2020-03-04 01:03:00,8821.73
2020-03-04 02:03:00,8782.89
2020-03-04 03:03:00,8827.49
2020-03-04 04:03:00,8855.27
2020-03-04 05:03:00,8825.42
2020-03-04 06:03:00,8842.68
2020-03-04 07:03:00,8856.85
2020-03-04 08:03:00,8825.81
2020-03-04 09:03:00,8883.59
2020-03-04 10:03:00,8833.98
2020-03-04 11:03:00,8835.86
2020-03-04 12:03:00,8771.93
2020-03-04 13:03:00,8755.12
2020-03-04 14:03:00,8752.08
2020-03-04 15:03:00,8775.2
2020-03-04 16:03:00,8774.41
2020-03-04 17:03:00,8741.9
2020-03-04 18:03:00,8747.35
2020-03-04 19:03:00,8751.67
2020-03-04 20:03:00,8760.53
2020-03-04 21:03:00,8763.71
2020-03-04 22:03:00,8745.71
2020-03-04 23:03:00,8760.53
2020-03-04 24:03:00,8794.4
2020-03-05 01:03:00,8775.87
2020-03-05 02:03:00,8839.77
2020-03-05 03:03:00,8880.83
2020-03-05 04:03:00,8928.69
2020-03-05 05:03:00,8943.27
2020-03-05 06:03:00,8925.75
2020-03-05 07:03:00,8935.22
2020-03-05 08:03:00,8972.63
2020-03-05 09:03:00,8942.49
2020-03-05 10:03:00,8956.47
2020-03-05 11:03:00,9044.97
2020-03-05 12:03:00,9096.36
2020-03-05 13:03:00,9115.92
2020-03-05 14:03:00,9126.14
2020-03-05 15:03:00,9081.39
2020-03-05 16:03:00,9080.74
2020-03-05 17:03:00,9062.46
2020-03-05 18:03:00,9102.51
2020-03-05 19:03:00,9117.37
2020-03-05 20:03:00,9126.74
2020-03-05 21:03:00,9137.78
2020-03-05 22:03:00,9129.01
2020-03-05 23:03:00,9151.29
2020-03-05 24:03:00,9116.8
2020-03-06 01:03:00,9075.94
2020-03-06 02:03:00,9061.51
2020-03-06 03:03:00,9045.5
2020-03-06 04:03:00,9088.94
2020-03-06 05:03:00,9095.09
2020-03-06 06:03:00,9067.41
2020-03-06 07:03:00,9119.09
2020-03-06 08:03:00,9126.44
2020-03-06 09:03:00,9139.32
2020-03-06 10:03:00,9117.42
2020-03-06 11:03:00,9145.13
2020-03-06 12:03:00,9152.44
2020-03-06 13:03:00,9172
2020-03-06 14:03:00,9134.85
2020-03-06 15:03:00,9107.88
2020-03-06 16:03:00,9114.18
2020-03-06 17:03:00,9076.82
2020-03-06 18:03:00,9077.73
2020-03-06 19:03:00,9094.4
2020-03-06 20:03:00,9105.99
2020-03-06 21:03:00,9106.95
2020-03-06 22:03:00,9129.38
2020-03-06 23:03:00,9148.25
2020-03-06 24:03:00,9120.75
2020-03-07 01:03:00,9154.74
2020-03-07 02:03:00,9171.98
2020-03-07 03:03:00,9140.01
2020-03-07 04:03:00,9135.55
2020-03-07 05:03:00,9148.41
2020-03-07 06:03:00,9125.42
2020-03-07 07:03:00,9116.23
2020-03-07 08:03:00,9139.58
2020-03-07 09:03:00,9116.52
2020-03-07 10:03:00,9143.49
2020-03-07 11:03:00,9141.95
2020-03-07 12:03:00,9165.07
2020-03-07 13:03:00,9151.96
2020-03-07 14:03:00,9160.58
2020-03-07 15:03:00,9144.54
2020-03-07 16:03:00,9156.86
2020-03-07 17:03:00,9165
2020-03-07 18:03:00,9136.66
2020-03-07 19:03:00,8969.75
2020-03-07 20:03:00,8900.66
2020-03-07 21:03:00,8914.51
2020-03-07 22:03:00,8932.1
2020-03-07 23:03:00,8964.62
2020-03-07 24:03:00,8940.78
2020-03-08 01:03:00,8916.33
2020-03-08 02:03:00,8813
2020-03-08 03:03:00,8803.16
2020-03-08 04:03:00,8780.26
2020-03-08 05:03:00,8782.62
2020-03-08 06:03:00,8798.81
2020-03-08 07:03:00,8774.67
2020-03-08 08:03:00,8753.24
2020-03-08 09:03:00,8778.54
2020-03-08 10:03:00,8774.02
2020-03-08 11:03:00,8793.48
2020-03-08 12:03:00,8748.68
2020-03-08 13:03:00,8798.52
2020-03-08 14:03:00,8720.3
2020-03-08 15:03:00,8687.92
2020-03-08 16:03:00,8643.6
2020-03-08 17:03:00,8479.21
2020-03-08 18:03:00,8298.82
2020-03-08 19:03:00,8339.34
2020-03-08 20:03:00,8330.02
2020-03-08 21:03:00,8320.23
2020-03-08 22:03:00,8321.88
2020-03-08 23:03:00,8290.5
2020-03-08 24:03:00,8228.59
2020-03-09 01:03:00,8122.15
2020-03-09 02:03:00,8088.02
2020-03-09 03:03:00,8116.18
2020-03-09 04:03:00,8094.53
2020-03-09 05:03:00,8077.85
2020-03-09 06:03:00,7931.01
2020-03-09 07:03:00,7832.66
2020-03-09 08:03:00,7947.76
2020-03-09 09:03:00,7947.16
2020-03-09 10:03:00,7980.27
2020-03-09 11:03:00,7973.03
2020-03-09 12:03:00,7932.66
2020-03-09 13:03:00,7832.9
2020-03-09 14:03:00,7848.23
2020-03-09 15:03:00,7804.51
2020-03-09 16:03:00,7779.05
2020-03-09 17:03:00,7714.79
2020-03-09 18:03:00,7807.62
2020-03-09 19:03:00,7769.85
2020-03-09 20:03:00,7749.08
2020-03-09 21:03:00,7850.51
2020-03-09 22:03:00,7861.81
2020-03-09 23:03:00,7871.48
2020-03-09 24:03:00,7868.36
2020-03-10 01:03:00,7904.7
2020-03-10 02:03:00,7940.84
2020-03-10 03:03:00,7943.83
2020-03-10 04:03:00,7902.6
2020-03-10 05:03:00,7894.91
2020-03-10 06:03:00,7944.97
2020-03-10 07:03:00,7971.35
2020-03-10 08:03:00,7971.17
2020-03-10 09:03:00,7912.75
2020-03-10 10:03:00,7964.84
2020-03-10 11:03:00,7925.92
2020-03-10 12:03:00,8009.5
2020-03-10 13:03:00,8093.07
2020-03-10 14:03:00,8111.11
2020-03-10 15:03:00,8106.78
2020-03-10 16:03:00,8084.28
2020-03-10 17:03:00,7900.59
2020-03-10 18:03:00,7824.94
2020-03-10 19:03:00,7885.7
2020-03-10 20:03:00,7862.6
2020-03-10 21:03:00,7925.92
2020-03-10 22:03:00,7983.46
2020-03-10 23:03:00,8021.9
2020-03-10 24:03:00,8001.09
2020-03-11 01:03:00,7919.61
2020-03-11 02:03:00,7937.58
2020-03-11 03:03:00,7943.8
2020-03-11 04:03:00,7959.96
2020-03-11 05:03:00,7945.05
2020-03-11 06:03:00,7983.97
2020-03-11 07:03:00,7895.68
2020-03-11 08:03:00,7903.79
2020-03-11 09:03:00,7870.76
2020-03-11 10:03:00,7866.67
2020-03-11 11:03:00,7865.94
2020-03-11 12:03:00,7817.75
2020-03-11 13:03:00,7892.75
2020-03-11 14:03:00,7874.62
2020-03-11 15:03:00,7907.2
2020-03-11 16:03:00,7856.7
2020-03-11 17:03:00,7800.95
2020-03-11 18:03:00,7802.88
2020-03-11 19:03:00,7705.07
2020-03-11 20:03:00,7706.44
2020-03-11 21:03:00,7819.6
2020-03-11 22:03:00,7884.22
2020-03-11 23:03:00,7863.77
2020-03-11 24:03:00,7930.25
2020-03-12 01:03:00,7963.16
2020-03-12 02:03:00,7951.38
2020-03-12 03:03:00,7818.05
2020-03-12 04:03:00,7687.37
2020-03-12 05:03:00,7660.86
2020-03-12 06:03:00,7610.22
2020-03-12 07:03:00,7635.35
2020-03-12 08:03:00,7528.48
2020-03-12 09:03:00,7416.14
2020-03-12 10:03:00,7389.57
2020-03-12 11:03:00,7370.79
2020-03-12 12:03:00,6703.58
2020-03-12 13:03:00,6139.17
2020-03-12 14:03:00,6076.32
2020-03-12 15:03:00,5946.89
2020-03-12 16:03:00,6061.12
2020-03-12 17:03:00,6097.96
2020-03-12 18:03:00,6060.19
2020-03-12 19:03:00,6140.58
2020-03-12 20:03:00,6079.09
2020-03-12 21:03:00,6054.36
2020-03-12 22:03:00,5824.53
2020-03-12 23:03:00,5680.11
2020-03-12 24:03:00,5823.47
2020-03-13 01:03:00,5082.58
2020-03-13 02:03:00,4806
2020-03-13 03:03:00,4602.39
2020-03-13 04:03:00,4703.3
2020-03-13 05:03:00,5384.76
2020-03-13 06:03:00,5097.42
2020-03-13 07:03:00,5099.43
2020-03-13 08:03:00,5075.03
2020-03-13 09:03:00,5259.56
2020-03-13 10:03:00,5442.59
2020-03-13 11:03:00,5572.83
2020-03-13 12:03:00,5674.7
2020-03-13 13:03:00,5508
2020-03-13 14:03:00,5606
2020-03-13 15:03:00,5771.16
2020-03-13 16:03:00,5697.34
2020-03-13 17:03:00,5230.73
2020-03-13 18:03:00,5276.05
2020-03-13 19:03:00,5219.39
2020-03-13 20:03:00,5031.73
2020-03-13 21:03:00,5204.39
2020-03-13 22:03:00,5465.19
2020-03-13 23:03:00,5555.3
2020-03-13 24:03:00,5605.2
2020-03-14 01:03:00,5648.37
2020-03-14 02:03:00,5530.26
2020-03-14 03:03:00,5442
2020-03-14 04:03:00,5511.52
2020-03-14 05:03:00,5615.44
2020-03-14 06:03:00,5519.83
2020-03-14 07:03:00,5502.92
2020-03-14 08:03:00,5472.28
2020-03-14 09:03:00,5484.58
2020-03-14 10:03:00,5384.43
2020-03-14 11:03:00,5325.09
2020-03-14 12:03:00,5343.53
2020-03-14 13:03:00,5484.69
2020-03-14 14:03:00,5401.46
2020-03-14 15:03:00,5381.1
2020-03-14 16:03:00,5371.4
2020-03-14 17:03:00,5375.93
2020-03-14 18:03:00,5402.28
2020-03-14 19:03:00,5395.53
2020-03-14 20:03:00,5469.8
2020-03-14 21:03:00,5477.54
2020-03-14 22:03:00,5369.01
2020-03-14 23:03:00,5326.86
2020-03-14 24:03:00,5267.26
2020-03-15 01:03:00,5158.42
2020-03-15 02:03:00,5196.88
2020-03-15 03:03:00,5174.21
2020-03-15 04:03:00,5195.07
2020-03-15 05:03:00,5198.46
2020-03-15 06:03:00,5250.66
2020-03-15 07:03:00,5262.56
2020-03-15 08:03:00,5312.93
2020-03-15 09:03:00,5315.48
2020-03-15 10:03:00,5272.32
2020-03-15 11:03:00,5306.43
2020-03-15 12:03:00,5418.32
2020-03-15 13:03:00,5460.54
2020-03-15 14:03:00,5423.59
2020-03-15 15:03:00,5372.78
2020-03-15 16:03:00,5302.67
2020-03-15 17:03:00,5361.33
2020-03-15 18:03:00,5287.31
2020-03-15 19:03:00,5345.19
2020-03-15 20:03:00,5319.59
2020-03-15 21:03:00,5370.77
2020-03-15 22:03:00,5249.07
2020-03-15 23:03:00,5600.75
2020-03-15 24:03:00,5520.37
2020-03-16 01:03:00,5383.78
2020-03-16 02:03:00,5260.35
2020-03-16 03:03:00,5284.35
2020-03-16 04:03:00,5341.13
2020-03-16 05:03:00,5309.98
2020-03-16 06:03:00,5292.22
2020-03-16 07:03:00,5204.51
2020-03-16 08:03:00,5022.43
2020-03-16 09:03:00,4900.42
2020-03-16 10:03:00,4871.18
2020-03-16 11:03:00,4876.8
2020-03-16 12:03:00,4580.16
2020-03-16 13:03:00,4573.61
2020-03-16 14:03:00,4765.17
2020-03-16 15:03:00,4690.02
2020-03-16 16:03:00,4949.73
2020-03-16 17:03:00,5080.82
2020-03-16 18:03:00,5060.45
2020-03-16 19:03:00,5059.95
2020-03-16 20:03:00,5098.96
2020-03-16 21:03:00,4992.67
2020-03-16 22:03:00,4930.43
2020-03-16 23:03:00,4948.64
2020-03-16 24:03:00,4954.34
2020-03-17 01:03:00,5012.52
2020-03-17 02:03:00,5034.38
2020-03-17 03:03:00,5250.59
2020-03-17 04:03:00,5267.44
2020-03-17 05:03:00,5325.73
2020-03-17 06:03:00,5297.59
2020-03-17 07:03:00,5313.84
2020-03-17 08:03:00,5297.63
2020-03-17 09:03:00,5391.39
2020-03-17 10:03:00,5381.87
2020-03-17 11:03:00,5262.47
2020-03-17 12:03:00,5313.42
2020-03-17 13:03:00,5303.53
2020-03-17 14:03:00,5289.74
2020-03-17 15:03:00,5225.24
2020-03-17 16:03:00,5190.63
2020-03-17 17:03:00,5325.35
2020-03-17 18:03:00,5415.16
2020-03-17 19:03:00,5376.43
2020-03-17 20:03:00,5406.14
2020-03-17 21:03:00,5377.92
2020-03-17 22:03:00,5429.94
2020-03-17 23:03:00,5474.42
2020-03-17 24:03:00,5440.54
2020-03-18 01:03:00,5403.32
2020-03-18 02:03:00,5370.5
2020-03-18 03:03:00,5381.72
2020-03-18 04:03:00,5369.08
2020-03-18 05:03:00,5407.77
2020-03-18 06:03:00,5418.92
2020-03-18 07:03:00,5350.79
2020-03-18 08:03:00,5255.52
2020-03-18 09:03:00,5186.16
2020-03-18 10:03:00,5154.25
2020-03-18 11:03:00,5203.94
2020-03-18 12:03:00,5103.52
2020-03-18 13:03:00,5147.43
2020-03-18 14:03:00,5129.23
2020-03-18 15:03:00,5234.75
2020-03-18 16:03:00,5378.44
2020-03-18 17:03:00,5309.39
2020-03-18 18:03:00,5259.9
2020-03-18 19:03:00,5212.84
2020-03-18 20:03:00,5292.36
2020-03-18 21:03:00,5355.8
2020-03-18 22:03:00,5387.86
2020-03-18 23:03:00,5391.68
2020-03-18 24:03:00,5357.18
2020-03-19 01:03:00,5388.54
2020-03-19 02:03:00,5425.2
2020-03-19 03:03:00,5396.84
2020-03-19 04:03:00,5336.04
2020-03-19 05:03:00,5328.87
2020-03-19 06:03:00,5336.81
2020-03-19 07:03:00,5374.43
2020-03-19 08:03:00,5412.64
2020-03-19 09:03:00,5436.77
2020-03-19 10:03:00,5452.34
2020-03-19 11:03:00,5535.09
2020-03-19 12:03:00,5626.71
2020-03-19 13:03:00,5626.42
2020-03-19 14:03:00,5784.41
2020-03-19 15:03:00,5835.92
2020-03-19 16:03:00,5859.97
2020-03-19 17:03:00,5916.06
2020-03-19 18:03:00,6112.7
2020-03-19 19:03:00,6269.84
2020-03-19 20:03:00,6241.11
2020-03-19 21:03:00,6190.14
2020-03-19 22:03:00,6217.55
2020-03-19 23:03:00,6243.58
2020-03-19 24:03:00,6336.56
2020-03-20 01:03:00,6222.75
2020-03-20 02:03:00,6233.62
2020-03-20 03:03:00,6146.71
2020-03-20 04:03:00,6178.86
2020-03-20 05:03:00,6145.72
2020-03-20 06:03:00,6177.66
2020-03-20 07:03:00,6245.6
2020-03-20 08:03:00,6229.52
2020-03-20 09:03:00,6299.61
2020-03-20 10:03:00,6551.91
2020-03-20 11:03:00,6676.09
2020-03-20 12:03:00,6817.36
2020-03-20 13:03:00,6722.16
2020-03-20 14:03:00,6623.69
2020-03-20 15:03:00,6533.95
2020-03-20 16:03:00,6657.98
2020-03-20 17:03:00,6605.75
2020-03-20 18:03:00,6453.24
2020-03-20 19:03:00,6426.41
2020-03-20 20:03:00,6282.9
2020-03-20 21:03:00,6246.45
2020-03-20 22:03:00,5966.28
2020-03-20 23:03:00,6085.11
2020-03-20 24:03:00,6221.48
2020-03-21 01:03:00,6170.66
2020-03-21 02:03:00,6137.2
2020-03-21 03:03:00,6246.93
2020-03-21 04:03:00,6316.38
2020-03-21 05:03:00,6227.87
2020-03-21 06:03:00,6243.66
2020-03-21 07:03:00,6152.93
2020-03-21 08:03:00,6142.36
2020-03-21 09:03:00,6167.58
2020-03-21 10:03:00,6114.84
2020-03-21 11:03:00,6003.96
2020-03-21 12:03:00,6000.66
2020-03-21 13:03:00,5985.77
2020-03-21 14:03:00,6175.33
2020-03-21 15:03:00,6211.33
2020-03-21 16:03:00,6176.37
2020-03-21 17:03:00,6212.99
2020-03-21 18:03:00,6185.32
2020-03-21 19:03:00,6124.75
2020-03-21 20:03:00,6170.76
2020-03-21 21:03:00,6242.55
2020-03-21 22:03:00,6299.61
2020-03-21 23:03:00,6329.6
2020-03-21 24:03:00,6178.03
2020-03-22 01:03:00,6197.57
2020-03-22 02:03:00,6186.76
2020-03-22 03:03:00,6258.58
2020-03-22 04:03:00,6310.99
2020-03-22 05:03:00,6338.59
2020-03-22 06:03:00,6347.92
2020-03-22 07:03:00,6395.34
2020-03-22 08:03:00,6377.46
2020-03-22 09:03:00,6337.35
2020-03-22 10:03:00,6283.64
2020-03-22 11:03:00,6310.97
2020-03-22 12:03:00,6264.17
2020-03-22 13:03:00,6221.98
2020-03-22 14:03:00,6035.54
2020-03-22 15:03:00,6085.93
2020-03-22 16:03:00,6061.28
2020-03-22 17:03:00,6036.24
2020-03-22 18:03:00,6085.51
2020-03-22 19:03:00,6025.89
2020-03-22 20:03:00,5974.01
2020-03-22 21:03:00,5958.41
2020-03-22 22:03:00,5872.93
2020-03-22 23:03:00,6048.23
2020-03-22 24:03:00,5951.03
2020-03-23 01:03:00,5826.7
2020-03-23 02:03:00,5847.76
2020-03-23 03:03:00,5914.66
2020-03-23 04:03:00,5888.93
2020-03-23 05:03:00,5962.82
2020-03-23 06:03:00,5936.1
2020-03-23 07:03:00,5931.48
2020-03-23 08:03:00,5947
2020-03-23 09:03:00,5908.93
2020-03-23 10:03:00,5848
2020-03-23 11:03:00,5809.97
2020-03-23 12:03:00,5858.92
2020-03-23 13:03:00,5906.62
2020-03-23 14:03:00,6211.18
2020-03-23 15:03:00,6354.74
2020-03-23 16:03:00,6269.84
2020-03-23 17:03:00,6234.62
2020-03-23 18:03:00,6329.5
2020-03-23 19:03:00,6341.67
2020-03-23 20:03:00,6308.6
2020-03-23 21:03:00,6318.18
2020-03-23 22:03:00,6386.1
2020-03-23 23:03:00,6460.59
2020-03-23 24:03:00,6435.52
2020-03-24 01:03:00,6491.72
2020-03-24 02:03:00,6608.48
2020-03-24 03:03:00,6594.24
2020-03-24 04:03:00,6611.13
2020-03-24 05:03:00,6598.78
2020-03-24 06:03:00,6466.94
2020-03-24 07:03:00,6490.84
2020-03-24 08:03:00,6566.66
2020-03-24 09:03:00,6613.43
2020-03-24 10:03:00,6749.39
2020-03-24 11:03:00,6777.72
2020-03-24 12:03:00,6751.52
2020-03-24 13:03:00,6721.13
2020-03-24 14:03:00,6646.55
2020-03-24 15:03:00,6733.62
2020-03-24 16:03:00,6703.96
2020-03-24 17:03:00,6575.97
2020-03-24 18:03:00,6605.53
2020-03-24 19:03:00,6677.45
2020-03-24 20:03:00,6644.71
2020-03-24 21:03:00,6690.43
2020-03-24 22:03:00,6758.71
2020-03-24 23:03:00,6723.56
2020-03-24 24:03:00,6779.24
2020-03-25 01:03:00,6784.12
2020-03-25 02:03:00,6684.17
2020-03-25 03:03:00,6692.83
2020-03-25 04:03:00,6609.73
2020-03-25 05:03:00,6601.53
2020-03-25 06:03:00,6610.43
2020-03-25 07:03:00,6687.39
2020-03-25 08:03:00,6716.4
2020-03-25 09:03:00,6693.31
2020-03-25 10:03:00,6757.89
2020-03-25 11:03:00,6897.02
2020-03-25 12:03:00,6718.14
2020-03-25 13:03:00,6570.56
2020-03-25 14:03:00,6569.13
2020-03-25 15:03:00,6680.22
2020-03-25 16:03:00,6613.38
2020-03-25 17:03:00,6661.08
2020-03-25 18:03:00,6694.86
2020-03-25 19:03:00,6693.91
2020-03-25 20:03:00,6636.46
2020-03-25 21:03:00,6662.31
2020-03-25 22:03:00,6632.62
2020-03-25 23:03:00,6596.73
2020-03-25 24:03:00,6675.99
2020-03-26 01:03:00,6710.18
2020-03-26 02:03:00,6757.07
2020-03-26 03:03:00,6738.35
2020-03-26 04:03:00,6727.5
2020-03-26 05:03:00,6743.92
2020-03-26 06:03:00,6739.66
2020-03-26 07:03:00,6701.17
2020-03-26 08:03:00,6643.14
2020-03-26 09:03:00,6631.67
2020-03-26 10:03:00,6628.38
2020-03-26 11:03:00,6649.96
2020-03-26 12:03:00,6648.19
2020-03-26 13:03:00,6656.11
2020-03-26 14:03:00,6632.22
2020-03-26 15:03:00,6622.46
2020-03-26 16:03:00,6637.37
2020-03-26 17:03:00,6616.9
2020-03-26 18:03:00,6652.13
2020-03-26 19:03:00,6669.41
2020-03-26 20:03:00,6677.42
2020-03-26 21:03:00,6682.83
2020-03-26 22:03:00,6721.47
2020-03-26 23:03:00,6759.36
2020-03-26 24:03:00,6725.43
2020-03-27 01:03:00,6753.43
2020-03-27 02:03:00,6836.03
2020-03-27 03:03:00,6828.34
2020-03-27 04:03:00,6815.28
2020-03-27 05:03:00,6832.17
2020-03-27 06:03:00,6811.09
2020-03-27 07:03:00,6682.72
2020-03-27 08:03:00,6707.06
2020-03-27 09:03:00,6735.76
2020-03-27 10:03:00,6718.69
2020-03-27 11:03:00,6717.28
2020-03-27 12:03:00,6660.51
2020-03-27 13:03:00,6680.25
2020-03-27 14:03:00,6656.54
2020-03-27 15:03:00,6616.21
2020-03-27 16:03:00,6624.36
2020-03-27 17:03:00,6655.64
2020-03-27 18:03:00,6638.08
2020-03-27 19:03:00,6656.88
2020-03-27 20:03:00,6661.9
2020-03-27 21:03:00,6690.57
2020-03-27 22:03:00,6686.51
2020-03-27 23:03:00,6697.55
2020-03-27 24:03:00,6686.77
2020-03-28 01:03:00,6459.12
2020-03-28 02:03:00,6271.41
2020-03-28 03:03:00,6297.56
2020-03-28 04:03:00,6280.29
2020-03-28 05:03:00,6161.96
2020-03-28 06:03:00,6164.61
2020-03-28 07:03:00,6176.06
2020-03-28 08:03:00,6167.22
2020-03-28 09:03:00,6221.04
2020-03-28 10:03:00,6256.52
2020-03-28 11:03:00,6278.92
2020-03-28 12:03:00,6269.17
2020-03-28 13:03:00,6290.76
2020-03-28 14:03:00,6268.16
2020-03-28 15:03:00,6229.86
2020-03-28 16:03:00,6272.76
2020-03-28 17:03:00,6274.61
2020-03-28 18:03:00,6236.06
2020-03-28 19:03:00,6125.12
2020-03-28 20:03:00,6199.46
2020-03-28 21:03:00,6239.77
2020-03-28 22:03:00,6293.1
2020-03-28 23:03:00,6234.89
2020-03-28 24:03:00,6253.12
2020-03-29 01:03:00,6252.15
2020-03-29 02:03:00,6228.59
2020-03-29 04:03:00,6232.64
2020-03-29 05:03:00,6258.23
2020-03-29 06:03:00,6220.88
2020-03-29 07:03:00,6261.93
2020-03-29 08:03:00,6209.93
2020-03-29 09:03:00,6178.36
2020-03-29 10:03:00,6158.07
2020-03-29 11:03:00,6117.25
2020-03-29 12:03:00,6126.21
2020-03-29 13:03:00,6150.21
2020-03-29 14:03:00,6182.25
2020-03-29 15:03:00,6120.05
2020-03-29 16:03:00,6134.04
2020-03-29 17:03:00,6182.81
2020-03-29 18:03:00,6152.53
2020-03-29 19:03:00,6117
2020-03-29 20:03:00,6108.01
2020-03-29 21:03:00,6105.7
2020-03-29 22:03:00,5967.5
2020-03-29 23:03:00,5923.75
2020-03-29 24:03:00,5935.5
2020-03-30 01:03:00,5936.05
2020-03-30 02:03:00,5928.38
2020-03-30 03:03:00,5905.98
2020-03-30 04:03:00,5944.05
2020-03-30 05:03:00,6004.9
2020-03-30 06:03:00,6019.69
2020-03-30 07:03:00,6053.88
2020-03-30 08:03:00,6184.12
2020-03-30 09:03:00,6226.8
2020-03-30 10:03:00,6291.81
2020-03-30 11:03:00,6294.18
2020-03-30 12:03:00,6305.39
2020-03-30 13:03:00,6305.84
2020-03-30 14:03:00,6377.59
2020-03-30 15:03:00,6349.93
2020-03-30 16:03:00,6351.9
2020-03-30 17:03:00,6333.44
2020-03-30 18:03:00,6389.34
2020-03-30 19:03:00,6349.93
2020-03-30 20:03:00,6376.51
2020-03-30 21:03:00,6369.62
2020-03-30 22:03:00,6388.5
2020-03-30 23:03:00,6473.39
2020-03-30 24:03:00,6533.88
2020-03-31 01:03:00,6554.03
2020-03-31 02:03:00,6450
2020-03-31 03:03:00,6455.62
2020-03-31 04:03:00,6494.73
2020-03-31 05:03:00,6496.33
2020-03-31 06:03:00,6452.55
2020-03-31 07:03:00,6425.5
2020-03-31 08:03:00,6430.67
2020-03-31 09:03:00,6450.88
2020-03-31 10:03:00,6466.47
2020-03-31 11:03:00,6495.03
2020-03-31 12:03:00,6479.96
2020-03-31 13:03:00,6446.21
2020-03-31 14:03:00,6402.52
2020-03-31 15:03:00,6400.67
2020-03-31 16:03:00,6458.33
2020-03-31 17:03:00,6478.97
2020-03-31 18:03:00,6480.23
2020-03-31 19:03:00,6465.42
2020-03-31 20:03:00,6446.76
2020-03-31 21:03:00,6492.71
2020-03-31 22:03:00,6477.78
2020-03-31 23:03:00,6501.29
2020-03-31 24:03:00,6480.89
2020-04-01 01:04:00,6459.18
2020-04-01 02:04:00,6452.08
2020-04-01 03:04:00,6325.64
2020-04-01 04:04:00,6322.63
2020-04-01 05:04:00,6329.44
2020-04-01 06:04:00,6369.38
2020-04-01 07:04:00,6366.7
2020-04-01 08:04:00,6331.71
2020-04-01 09:04:00,6322.28
2020-04-01 10:04:00,6342.03
2020-04-01 11:04:00,6338.49
2020-04-01 12:04:00,6317.14
2020-04-01 13:04:00,6326.21
2020-04-01 14:04:00,6321.57
2020-04-01 15:04:00,6259.31
2020-04-01 16:04:00,6232.34
2020-04-01 17:04:00,6260.39
2020-04-01 18:04:00,6259.95
2020-04-01 19:04:00,6205.27
2020-04-01 20:04:00,6220.22
2020-04-01 21:04:00,6228.33
2020-04-01 22:04:00,6211.01
2020-04-01 23:04:00,6311.3
2020-04-01 24:04:00,6396.48
2020-04-02 01:04:00,6523.49
2020-04-02 02:04:00,6636.43
2020-04-02 03:04:00,6689.37
2020-04-02 04:04:00,6635.03
2020-04-02 05:04:00,6626.95
2020-04-02 06:04:00,6626.58
2020-04-02 07:04:00,6638.13
2020-04-02 08:04:00,6617
2020-04-02 09:04:00,6639.47
2020-04-02 10:04:00,6669.34
2020-04-02 11:04:00,6656.47
2020-04-02 12:04:00,6671.28
2020-04-02 13:04:00,6682.91
2020-04-02 14:04:00,6687.31
2020-04-02 15:04:00,6696.74
2020-04-02 16:04:00,6659.32
2020-04-02 17:04:00,6758.46
2020-04-02 18:04:00,6794.59
2020-04-02 19:04:00,6886.21
2020-04-02 20:04:00,7107.75
2020-04-02 21:04:00,6891.48
2020-04-02 22:04:00,6818.86
2020-04-02 23:04:00,6740.11
2020-04-02 24:04:00,6804.34
2020-04-03 01:04:00,6836.15
2020-04-03 02:04:00,6798.96
2020-04-03 03:04:00,6785.95
2020-04-03 04:04:00,6784.4
2020-04-03 05:04:00,6826.8
2020-04-03 06:04:00,6808.27
2020-04-03 07:04:00,6804.79
2020-04-03 08:04:00,6786.26
2020-04-03 09:04:00,6824.06
2020-04-03 10:04:00,6906.74
2020-04-03 11:04:00,6934
2020-04-03 12:04:00,6951.35
2020-04-03 13:04:00,6981.32
2020-04-03 14:04:00,6990.35
2020-04-03 15:04:00,6944.43
2020-04-03 16:04:00,6905.37
2020-04-03 17:04:00,6801.69
2020-04-03 18:04:00,6743.43
2020-04-03 19:04:00,6684.7
2020-04-03 20:04:00,6729.3
2020-04-03 21:04:00,6731.58
2020-04-03 22:04:00,6774.02
2020-04-03 23:04:00,6769.49
2020-04-03 24:04:00,6728.19
2020-04-04 01:04:00,6755.29
2020-04-04 02:04:00,6761.7
2020-04-04 03:04:00,6750.8
2020-04-04 04:04:00,6785.55
2020-04-04 05:04:00,6736.61
2020-04-04 06:04:00,6706.48
2020-04-04 07:04:00,6734.8
2020-04-04 08:04:00,6762.36
2020-04-04 09:04:00,6750.32
2020-04-04 10:04:00,6756.06
2020-04-04 11:04:00,6772.29
2020-04-04 12:04:00,6830.44
2020-04-04 13:04:00,6876.82
2020-04-04 14:04:00,6773.51
2020-04-04 15:04:00,6717.93
2020-04-04 16:04:00,6742.77
2020-04-04 17:04:00,6730.68
2020-04-04 18:04:00,6754.66
2020-04-04 19:04:00,6787.2
2020-04-04 20:04:00,6795
2020-04-04 21:04:00,6803.77
2020-04-04 22:04:00,6762.35
2020-04-04 23:04:00,6878.64
2020-04-04 24:04:00,6883.05
2020-04-05 01:04:00,6857.39
2020-04-05 02:04:00,6862.21
2020-04-05 03:04:00,6885.98
2020-04-05 04:04:00,6877.81
2020-04-05 05:04:00,6841.64
2020-04-05 06:04:00,6839.3
2020-04-05 07:04:00,6784.85
2020-04-05 08:04:00,6815.26
2020-04-05 09:04:00,6782.09
2020-04-05 10:04:00,6789.25
2020-04-05 11:04:00,6790.23
2020-04-05 12:04:00,6802.94
2020-04-05 13:04:00,6778.27
2020-04-05 14:04:00,6795.61
2020-04-05 15:04:00,6798.72
2020-04-05 16:04:00,6819.33
2020-04-05 17:04:00,6808.54
2020-04-05 18:04:00,6796.49
2020-04-05 19:04:00,6800.84
2020-04-05 20:04:00,6756.91
2020-04-05 21:04:00,6815.34
2020-04-05 22:04:00,6820.74
2020-04-05 23:04:00,6778.48
2020-04-05 24:04:00,6776.07
2020-04-06 01:04:00,6797.34
2020-04-06 02:04:00,6800.71
2020-04-06 03:04:00,6843.44
2020-04-06 04:04:00,6863.75
2020-04-06 05:04:00,6839.24
2020-04-06 06:04:00,6853.22
2020-04-06 07:04:00,6920.93
2020-04-06 08:04:00,6975.68
2020-04-06 09:04:00,7054.37
2020-04-06 10:04:00,7046.53
2020-04-06 11:04:00,7066.31
2020-04-06 12:04:00,7120.34
2020-04-06 13:04:00,7128.05
2020-04-06 14:04:00,7111.61
2020-04-06 15:04:00,7142.76
2020-04-06 16:04:00,7123.82
2020-04-06 17:04:00,7101.82
2020-04-06 18:04:00,7132.57
2020-04-06 19:04:00,7152.67
2020-04-06 20:04:00,7195.38
2020-04-06 21:04:00,7224.38
2020-04-06 22:04:00,7287.15
2020-04-06 23:04:00,7244.7
2020-04-06 24:04:00,7272.86
2020-04-07 01:04:00,7272.6
2020-04-07 02:04:00,7308.13
2020-04-07 03:04:00,7405.53
2020-04-07 04:04:00,7391.69
2020-04-07 05:04:00,7305.58
2020-04-07 06:04:00,7302.36
2020-04-07 07:04:00,7272.29
2020-04-07 08:04:00,7284.31
2020-04-07 09:04:00,7291.58
2020-04-07 10:04:00,7355.45
2020-04-07 11:04:00,7363.36
2020-04-07 12:04:00,7368.75
2020-04-07 13:04:00,7416.07
2020-04-07 14:04:00,7407.09
2020-04-07 15:04:00,7389.76
2020-04-07 16:04:00,7378.12
2020-04-07 17:04:00,7311.42
2020-04-07 18:04:00,7331.02
2020-04-07 19:04:00,7373.1
2020-04-07 20:04:00,7359.92
2020-04-07 21:04:00,7320.65
2020-04-07 22:04:00,7333.49
2020-04-07 23:04:00,7159.91
2020-04-07 24:04:00,7164.48
2020-04-08 01:04:00,7176.14
2020-04-08 02:04:00,7192.56
2020-04-08 03:04:00,7191.07
2020-04-08 04:04:00,7179.58
2020-04-08 05:04:00,7244.34
2020-04-08 06:04:00,7343.16
2020-04-08 07:04:00,7355.8
2020-04-08 08:04:00,7380.63
2020-04-08 09:04:00,7344.86
2020-04-08 10:04:00,7331.42
2020-04-08 11:04:00,7297.33
2020-04-08 12:04:00,7305.96
2020-04-08 13:04:00,7278.55
2020-04-08 14:04:00,7271.54
2020-04-08 15:04:00,7289.65
2020-04-08 16:04:00,7262.27
2020-04-08 17:04:00,7254.66
2020-04-08 18:04:00,7281.69
2020-04-08 19:04:00,7304.12
2020-04-08 20:04:00,7331.75
2020-04-08 21:04:00,7324.59
2020-04-08 22:04:00,7299.92
2020-04-08 23:04:00,7345.86
2020-04-08 24:04:00,7344.53
2020-04-09 01:04:00,7361.31
2020-04-09 02:04:00,7373.14
2020-04-09 03:04:00,7351.7
2020-04-09 04:04:00,7333.98
2020-04-09 05:04:00,7319.79
2020-04-09 06:04:00,7293.19
2020-04-09 07:04:00,7272.37
2020-04-09 08:04:00,7303.34
2020-04-09 09:04:00,7318.06
2020-04-09 10:04:00,7324.54
2020-04-09 11:04:00,7343.96
2020-04-09 12:04:00,7324.77
2020-04-09 13:04:00,7311.62
2020-04-09 14:04:00,7239.55
2020-04-09 15:04:00,7222.12
2020-04-09 16:04:00,7329.44
2020-04-09 17:04:00,7329.7
2020-04-09 18:04:00,7296.98
2020-04-09 19:04:00,7291.87
2020-04-09 20:04:00,7306.34
2020-04-09 21:04:00,7271.8
2020-04-09 22:04:00,7267.79
2020-04-09 23:04:00,7272.48
2020-04-09 24:04:00,7304.69
2020-04-10 01:04:00,7313.31
2020-04-10 02:04:00,7304.5
2020-04-10 03:04:00,7288.94
2020-04-10 04:04:00,7285.4
2020-04-10 05:04:00,7249.34
2020-04-10 06:04:00,7215.22
2020-04-10 07:04:00,7129.5
2020-04-10 08:04:00,6990.8
2020-04-10 09:04:00,6984.99
2020-04-10 10:04:00,6921.76
2020-04-10 11:04:00,6935.36
2020-04-10 12:04:00,6912.54
2020-04-10 13:04:00,6938.1
2020-04-10 14:04:00,6927.9
2020-04-10 15:04:00,6937.97
2020-04-10 16:04:00,6890.69
2020-04-10 17:04:00,6884.57
2020-04-10 18:04:00,6805.21
2020-04-10 19:04:00,6824.83
2020-04-10 20:04:00,6886.91
2020-04-10 21:04:00,6901.57
2020-04-10 22:04:00,6928.71
2020-04-10 23:04:00,6922.27
2020-04-10 24:04:00,6928.91
2020-04-11 01:04:00,6891.09
2020-04-11 02:04:00,6867.51
2020-04-11 03:04:00,6894.12
2020-04-11 04:04:00,6923.31
2020-04-11 05:04:00,6935.11
2020-04-11 06:04:00,6937.89
2020-04-11 07:04:00,6948.56
2020-04-11 08:04:00,6944.94
2020-04-11 09:04:00,6945.96
2020-04-11 10:04:00,6901.34
2020-04-11 11:04:00,6902.79
2020-04-11 12:04:00,6881.21
2020-04-11 13:04:00,6871.57
2020-04-11 14:04:00,6891.78
2020-04-11 15:04:00,6905.76
2020-04-11 16:04:00,6900.27
2020-04-11 17:04:00,6845.01
2020-04-11 18:04:00,6861.79
2020-04-11 19:04:00,6844.42
2020-04-11 20:04:00,6823.17
2020-04-11 21:04:00,6826.7
2020-04-11 22:04:00,6832.5
2020-04-11 23:04:00,6802.94
2020-04-11 24:04:00,6844.66
2020-04-12 01:04:00,6877.66
2020-04-12 02:04:00,6882.37
2020-04-12 03:04:00,6902.74
2020-04-12 04:04:00,6888.23
2020-04-12 05:04:00,6836.52
2020-04-12 06:04:00,6848.15
2020-04-12 07:04:00,6823.54
2020-04-12 08:04:00,6850.11
2020-04-12 09:04:00,6882.46
2020-04-12 10:04:00,6851.89
2020-04-12 11:04:00,6858.49
2020-04-12 12:04:00,6895.97
2020-04-12 13:04:00,6872.12
2020-04-12 14:04:00,6888.28
2020-04-12 15:04:00,6917.58
2020-04-12 16:04:00,6932.61
2020-04-12 17:04:00,7000.28
2020-04-12 18:04:00,7009.93
2020-04-12 19:04:00,7100.11
2020-04-12 20:04:00,7145.72
2020-04-12 21:04:00,7126.15
2020-04-12 22:04:00,7149.38
2020-04-12 23:04:00,7149.12
2020-04-12 24:04:00,7118.13
2020-04-13 01:04:00,7033.27
2020-04-13 02:04:00,6972.4
2020-04-13 03:04:00,6748.44
2020-04-13 04:04:00,6708.31
2020-04-13 05:04:00,6709.04
2020-04-13 06:04:00,6721.12
2020-04-13 07:04:00,6700.52
2020-04-13 08:04:00,6731.77
2020-04-13 09:04:00,6736.13
2020-04-13 10:04:00,6720.01
2020-04-13 11:04:00,6722.68
2020-04-13 12:04:00,6704.21
2020-04-13 13:04:00,6731.67
2020-04-13 14:04:00,6794.1
2020-04-13 15:04:00,6709.29
2020-04-13 16:04:00,6690.94
2020-04-13 17:04:00,6719.61
2020-04-13 18:04:00,6766.89
2020-04-13 19:04:00,6783.8
2020-04-13 20:04:00,6782.28
2020-04-13 21:04:00,6784.94
2020-04-13 22:04:00,6793.7
2020-04-13 23:04:00,6821.02
2020-04-13 24:04:00,6868.7
2020-04-14 01:04:00,6869.83
2020-04-14 02:04:00,6873.96
2020-04-14 03:04:00,6866.73
2020-04-14 04:04:00,6852.61
2020-04-14 05:04:00,6883.6
2020-04-14 06:04:00,6887.09
2020-04-14 07:04:00,6914.85
2020-04-14 08:04:00,6905.53
2020-04-14 09:04:00,6886.76
2020-04-14 10:04:00,6863.18
2020-04-14 11:04:00,6799.06
2020-04-14 12:04:00,6818.81
2020-04-14 13:04:00,6873.69
2020-04-14 14:04:00,6858.02
2020-04-14 15:04:00,6846.09
2020-04-14 16:04:00,6891
2020-04-14 17:04:00,6925.43
2020-04-14 18:04:00,6923.31
2020-04-14 19:04:00,6945.9
2020-04-14 20:04:00,6957.88
2020-04-14 21:04:00,6931.47
2020-04-14 22:04:00,6907.38
2020-04-14 23:04:00,6891
2020-04-14 24:04:00,6879.85
2020-04-15 01:04:00,6897.54
2020-04-15 02:04:00,6882.66
2020-04-15 03:04:00,6842
2020-04-15 04:04:00,6874.1
2020-04-15 05:04:00,6902
2020-04-15 06:04:00,6908.32
2020-04-15 07:04:00,6921.9
2020-04-15 08:04:00,6907.29
2020-04-15 09:04:00,6919.82
2020-04-15 10:04:00,6883.87
2020-04-15 11:04:00,6870.73
2020-04-15 12:04:00,6850.14
2020-04-15 13:04:00,6813.34
2020-04-15 14:04:00,6784.97
2020-04-15 15:04:00,6729.13
2020-04-15 16:04:00,6736.33
2020-04-15 17:04:00,6751.83
2020-04-15 18:04:00,6725.36
2020-04-15 19:04:00,6742.3
2020-04-15 20:04:00,6763.22
2020-04-15 21:04:00,6775.39
2020-04-15 22:04:00,6755.94
2020-04-15 23:04:00,6765.39
2020-04-15 24:04:00,6761.15
2020-04-16 01:04:00,6726.41
2020-04-16 02:04:00,6637.95
2020-04-16 03:04:00,6550.04
2020-04-16 04:04:00,6623.94
2020-04-16 05:04:00,6648.12
2020-04-16 06:04:00,6649.83
2020-04-16 07:04:00,6673.08
2020-04-16 08:04:00,6663.01
2020-04-16 09:04:00,6688.32
2020-04-16 10:04:00,6881.54
2020-04-16 11:04:00,7011.76
2020-04-16 12:04:00,7061.69
2020-04-16 13:04:00,6994.26
2020-04-16 14:04:00,7020.13
2020-04-16 15:04:00,7029.51
2020-04-16 16:04:00,7038.01
2020-04-16 17:04:00,7011.75
2020-04-16 18:04:00,7044.1
2020-04-16 19:04:00,7007.39
2020-04-16 20:04:00,7021.45
2020-04-16 21:04:00,7020.19
2020-04-16 22:04:00,7062.54
2020-04-16 23:04:00,7022.92
2020-04-16 24:04:00,7065.92
2020-04-17 01:04:00,7128.98
2020-04-17 02:04:00,7157.94
2020-04-17 03:04:00,7086.45
2020-04-17 04:04:00,7120.63
2020-04-17 05:04:00,7101.73
2020-04-17 06:04:00,7081.25
2020-04-17 07:04:00,7062.6
2020-04-17 08:04:00,7078.41
2020-04-17 09:04:00,7060.04
2020-04-17 10:04:00,7058.92
2020-04-17 11:04:00,7071.31
2020-04-17 12:04:00,7108.45
2020-04-17 13:04:00,7107.87
2020-04-17 14:04:00,7095.91
2020-04-17 15:04:00,7102.26
2020-04-17 16:04:00,7049.04
2020-04-17 17:04:00,7051.05
2020-04-17 18:04:00,7058.09
2020-04-17 19:04:00,7060.32
2020-04-17 20:04:00,7055.62
2020-04-17 21:04:00,7046.62
2020-04-17 22:04:00,7069.23
2020-04-17 23:04:00,7077.62
2020-04-17 24:04:00,7069.1
2020-04-18 01:04:00,7073.7
2020-04-18 02:04:00,7091.44
2020-04-18 03:04:00,7068.03
2020-04-18 04:04:00,7092.99
2020-04-18 05:04:00,7108.17
2020-04-18 06:04:00,7123.55
2020-04-18 07:04:00,7118.21
2020-04-18 08:04:00,7118.71
2020-04-18 09:04:00,7116.28
2020-04-18 10:04:00,7108.99
2020-04-18 11:04:00,7114.11
2020-04-18 12:04:00,7102.95
2020-04-18 13:04:00,7087.74
2020-04-18 14:04:00,7105.2
2020-04-18 15:04:00,7128.4
2020-04-18 16:04:00,7210.84
2020-04-18 17:04:00,7244.94
2020-04-18 18:04:00,7242.69
2020-04-18 19:04:00,7208.24
2020-04-18 20:04:00,7206.26
2020-04-18 21:04:00,7201.31
2020-04-18 22:04:00,7225.58
2020-04-18 23:04:00,7235.34
2020-04-18 24:04:00,7244.13
2020-04-19 01:04:00,7272.65
2020-04-19 02:04:00,7266.24
2020-04-19 03:04:00,7231.27
2020-04-19 04:04:00,7232.2
2020-04-19 05:04:00,7244.83
2020-04-19 06:04:00,7245.77
2020-04-19 07:04:00,7257.01
2020-04-19 08:04:00,7175.94
2020-04-19 09:04:00,7154.63
2020-04-19 10:04:00,7168.03
2020-04-19 11:04:00,7159.49
2020-04-19 12:04:00,7183.5
2020-04-19 13:04:00,7191.2
2020-04-19 14:04:00,7175.65
2020-04-19 15:04:00,7169.85
2020-04-19 16:04:00,7131.51
2020-04-19 17:04:00,7094.64
2020-04-19 18:04:00,7114.62
2020-04-19 19:04:00,7125.17
2020-04-19 20:04:00,7165.38
2020-04-19 21:04:00,7169.55
2020-04-19 22:04:00,7152.19
2020-04-19 23:04:00,7153.6
2020-04-19 24:04:00,7183.19
2020-04-20 01:04:00,7185.14
2020-04-20 02:04:00,7150.7
2020-04-20 03:04:00,7143.1
2020-04-20 04:04:00,7166.07
2020-04-20 05:04:00,7181.14
2020-04-20 06:04:00,7185.54
2020-04-20 07:04:00,7210.16
2020-04-20 08:04:00,7184.23
2020-04-20 09:04:00,7178.43
2020-04-20 10:04:00,7186.59
2020-04-20 11:04:00,7165.88
2020-04-20 12:04:00,7148.65
2020-04-20 13:04:00,7081.82
2020-04-20 14:04:00,7012.62
2020-04-20 15:04:00,6996.71
2020-04-20 16:04:00,7041.66
2020-04-20 17:04:00,7069.2
2020-04-20 18:04:00,7085.84
2020-04-20 19:04:00,7063.89
2020-04-20 20:04:00,6943.66
2020-04-20 21:04:00,6901.81
2020-04-20 22:04:00,6826.61
2020-04-20 23:04:00,6835.91
2020-04-20 24:04:00,6879.74
2020-04-21 01:04:00,6891.64
2020-04-21 02:04:00,6866.84
2020-04-21 03:04:00,6892.89
2020-04-21 04:04:00,6907.79
2020-04-21 05:04:00,6870.26
2020-04-21 06:04:00,6880.04
2020-04-21 07:04:00,6863.45
2020-04-21 08:04:00,6882.69
2020-04-21 09:04:00,6913.35
2020-04-21 10:04:00,6893.29
2020-04-21 11:04:00,6901.21
2020-04-21 12:04:00,6831.75
2020-04-21 13:04:00,6845.71
2020-04-21 14:04:00,6820.11
2020-04-21 15:04:00,6834.92
2020-04-21 16:04:00,6826
2020-04-21 17:04:00,6859.03
2020-04-21 18:04:00,6835.4
2020-04-21 19:04:00,6852.06
2020-04-21 20:04:00,6891.22
2020-04-21 21:04:00,6904.48
2020-04-21 22:04:00,6902.81
2020-04-21 23:04:00,6881.68
2020-04-21 24:04:00,6906.61
2020-04-22 01:04:00,6896.84
2020-04-22 02:04:00,6881.36
2020-04-22 03:04:00,6850
2020-04-22 04:04:00,6848.51
2020-04-22 05:04:00,6881.49
2020-04-22 06:04:00,6882.49
2020-04-22 07:04:00,6877.88
2020-04-22 08:04:00,6899.16
2020-04-22 09:04:00,6923.12
2020-04-22 10:04:00,6952.19
2020-04-22 11:04:00,6948.09
2020-04-22 12:04:00,6974.81
2020-04-22 13:04:00,6963.11
2020-04-22 14:04:00,6967.09
2020-04-22 15:04:00,6960.14
2020-04-22 16:04:00,7054.46
2020-04-22 17:04:00,7106.17
2020-04-22 18:04:00,7109.14
2020-04-22 19:04:00,7141.3
2020-04-22 20:04:00,7112.99
2020-04-22 21:04:00,7109.34
2020-04-22 22:04:00,7111.27
2020-04-22 23:04:00,7113.41
2020-04-22 24:04:00,7126.59
2020-04-23 01:04:00,7114.77
2020-04-23 02:04:00,7124.8
2020-04-23 03:04:00,7128.13
2020-04-23 04:04:00,7163.2
2020-04-23 05:04:00,7153.35
2020-04-23 06:04:00,7142.4
2020-04-23 07:04:00,7127.32
2020-04-23 08:04:00,7129.37
2020-04-23 09:04:00,7064.32
2020-04-23 10:04:00,7073.65
2020-04-23 11:04:00,7086.31
2020-04-23 12:04:00,7082.08
2020-04-23 13:04:00,7092.6
2020-04-23 14:04:00,7117.57
2020-04-23 15:04:00,7164.91
2020-04-23 16:04:00,7222.79
2020-04-23 17:04:00,7488.05
2020-04-23 18:04:00,7535.22
2020-04-23 19:04:00,7550.93
2020-04-23 20:04:00,7536.69
2020-04-23 21:04:00,7536.91
2020-04-23 22:04:00,7533.05
2020-04-23 23:04:00,7546.68
2020-04-23 24:04:00,7583.8
2020-04-24 01:04:00,7573.98
2020-04-24 02:04:00,7498.24
2020-04-24 03:04:00,7503.43
2020-04-24 04:04:00,7496
2020-04-24 05:04:00,7502.98
2020-04-24 06:04:00,7533.12
2020-04-24 07:04:00,7523.42
2020-04-24 08:04:00,7518.07
2020-04-24 09:04:00,7515.37
2020-04-24 10:04:00,7560.87
2020-04-24 11:04:00,7556.58
2020-04-24 12:04:00,7583.34
2020-04-24 13:04:00,7531.69
2020-04-24 14:04:00,7526.81
2020-04-24 15:04:00,7503.95
2020-04-24 16:04:00,7509.59
2020-04-24 17:04:00,7457.55
2020-04-24 18:04:00,7508.32
2020-04-24 19:04:00,7510.95
2020-04-24 20:04:00,7514.95
2020-04-24 21:04:00,7531.98
2020-04-24 22:04:00,7521.16
2020-04-24 23:04:00,7543.91
2020-04-24 24:04:00,7528.03
2020-04-25 01:04:00,7505
2020-04-25 02:04:00,7502.24
2020-04-25 03:04:00,7470.18
2020-04-25 04:04:00,7488.32
2020-04-25 05:04:00,7498.75
2020-04-25 06:04:00,7512.8
2020-04-25 07:04:00,7519.2
2020-04-25 08:04:00,7546.32
2020-04-25 09:04:00,7562.9
2020-04-25 10:04:00,7571.22
2020-04-25 11:04:00,7544.08
2020-04-25 12:04:00,7556.26
2020-04-25 13:04:00,7548.18
2020-04-25 14:04:00,7566.67
2020-04-25 15:04:00,7553.01
2020-04-25 16:04:00,7579.93
2020-04-25 17:04:00,7583.74
2020-04-25 18:04:00,7612.57
2020-04-25 19:04:00,7534.73
2020-04-25 20:04:00,7542.69
2020-04-25 21:04:00,7540.64
2020-04-25 22:04:00,7544.22
2020-04-25 23:04:00,7558
2020-04-25 24:04:00,7530.31
2020-04-26 01:04:00,7544.13
2020-04-26 02:04:00,7528.89
2020-04-26 03:04:00,7556.13
2020-04-26 04:04:00,7576.41
2020-04-26 05:04:00,7573.93
2020-04-26 06:04:00,7568.88
2020-04-26 07:04:00,7560.26
2020-04-26 08:04:00,7548.03
2020-04-26 09:04:00,7549.6
2020-04-26 10:04:00,7556.88
2020-04-26 11:04:00,7546.3
2020-04-26 12:04:00,7573.23
2020-04-26 13:04:00,7626.27
2020-04-26 14:04:00,7655.15
2020-04-26 15:04:00,7652.92
2020-04-26 16:04:00,7673.39
2020-04-26 17:04:00,7665.08
2020-04-26 18:04:00,7556.18
2020-04-26 19:04:00,7565.8
2020-04-26 20:04:00,7576.76
2020-04-26 21:04:00,7609.35
2020-04-26 22:04:00,7628.44
2020-04-26 23:04:00,7648.3
2020-04-26 24:04:00,7643.88
2020-04-27 01:04:00,7607.94
2020-04-27 02:04:00,7670.56
2020-04-27 03:04:00,7743.16
2020-04-27 04:04:00,7723.88
2020-04-27 05:04:00,7723.56
2020-04-27 06:04:00,7742.38
2020-04-27 07:04:00,7727.29
2020-04-27 08:04:00,7726.53
2020-04-27 09:04:00,7688.79
2020-04-27 10:04:00,7676.17
2020-04-27 11:04:00,7723.98
2020-04-27 12:04:00,7716.46
2020-04-27 13:04:00,7699.97
2020-04-27 14:04:00,7713.19
2020-04-27 15:04:00,7706.87
2020-04-27 16:04:00,7676.34
2020-04-27 17:04:00,7670.91
2020-04-27 18:04:00,7683.49
2020-04-27 19:04:00,7680.43
2020-04-27 20:04:00,7666.75
2020-04-27 21:04:00,7694.47
2020-04-27 22:04:00,7713.01
2020-04-27 23:04:00,7705.45
2020-04-27 24:04:00,7741.51
2020-04-28 01:04:00,7755.95
2020-04-28 02:04:00,7771.96
2020-04-28 03:04:00,7751.58
2020-04-28 04:04:00,7716.54
2020-04-28 05:04:00,7695.4
2020-04-28 06:04:00,7706.62
2020-04-28 07:04:00,7686.76
2020-04-28 08:04:00,7692.45
2020-04-28 09:04:00,7699.04
2020-04-28 10:04:00,7708.2
2020-04-28 11:04:00,7699.57
2020-04-28 12:04:00,7731.13
2020-04-28 13:04:00,7743.97
2020-04-28 14:04:00,7746.18
2020-04-28 15:04:00,7748.18
2020-04-28 16:04:00,7750.51
2020-04-28 17:04:00,7722.68
2020-04-28 18:04:00,7708.02
2020-04-28 19:04:00,7734.04
2020-04-28 20:04:00,7735.97
2020-04-28 21:04:00,7741.7
2020-04-28 22:04:00,7735.88
2020-04-28 23:04:00,7729.49
2020-04-28 24:04:00,7728.27
2020-04-29 01:04:00,7746.08
2020-04-29 02:04:00,7766.29
2020-04-29 03:04:00,7761.89
2020-04-29 04:04:00,7759.21
2020-04-29 05:04:00,7796.12
2020-04-29 06:04:00,7825.62
2020-04-29 07:04:00,7831.3
2020-04-29 08:04:00,7864.56
2020-04-29 09:04:00,7924.01
2020-04-29 10:04:00,7950
2020-04-29 11:04:00,7960.73
2020-04-29 12:04:00,7974.24
2020-04-29 13:04:00,8088.07
2020-04-29 14:04:00,8154.46
2020-04-29 15:04:00,8198.62
2020-04-29 16:04:00,8326.06
2020-04-29 17:04:00,8316.66
2020-04-29 18:04:00,8342.69
2020-04-29 19:04:00,8550.18
2020-04-29 20:04:00,8768.15
2020-04-29 21:04:00,8655.14
2020-04-29 22:04:00,8702.77
2020-04-29 23:04:00,8808.52
2020-04-29 24:04:00,8836.71
2020-04-30 01:04:00,8759.37
2020-04-30 02:04:00,8753.56
2020-04-30 03:04:00,8752.33
2020-04-30 04:04:00,8839.49
2020-04-30 05:04:00,8882.1
2020-04-30 06:04:00,9092.75
2020-04-30 07:04:00,9135.19
2020-04-30 08:04:00,9287.21
2020-04-30 09:04:00,9378.85
2020-04-30 10:04:00,9170.7
2020-04-30 11:04:00,9166.98
2020-04-30 12:04:00,8894.69
2020-04-30 13:04:00,8761.07
2020-04-30 14:04:00,8915.1
2020-04-30 15:04:00,8823.14
2020-04-30 16:04:00,8816.94
2020-04-30 17:04:00,8852.13
2020-04-30 18:04:00,8814.73
2020-04-30 19:04:00,8709.38
2020-04-30 20:04:00,8544.56
2020-04-30 21:04:00,8652.79
2020-04-30 22:04:00,8790.59
2020-04-30 23:04:00,8795.54
2020-04-30 24:04:00,8803.5
2020-05-01 01:05:00,8711.67
2020-05-01 02:05:00,8664.34
2020-05-01 03:05:00,8686.36
2020-05-01 04:05:00,8713.66
2020-05-01 05:05:00,8709.26
2020-05-01 06:05:00,8694.08
2020-05-01 07:05:00,8745.23
2020-05-01 08:05:00,8805.75
2020-05-01 09:05:00,8776.17
2020-05-01 10:05:00,8752.97
2020-05-01 11:05:00,8788.49
2020-05-01 12:05:00,8814.36
2020-05-01 13:05:00,8871.6
2020-05-01 14:05:00,8980.68
2020-05-01 15:05:00,8914.66
2020-05-01 16:05:00,8841.62
2020-05-01 17:05:00,8772.31
2020-05-01 18:05:00,8804.22
2020-05-01 19:05:00,8716.07
2020-05-01 20:05:00,8734.83
2020-05-01 21:05:00,8758.72
2020-05-01 22:05:00,8737.62
2020-05-01 23:05:00,8717.97
2020-05-01 24:05:00,8792.64
2020-05-02 01:05:00,8840.82
2020-05-02 02:05:00,8860.22
2020-05-02 03:05:00,8811.86
2020-05-02 04:05:00,8812.87
2020-05-02 05:05:00,8810.63
2020-05-02 06:05:00,8840.98
2020-05-02 07:05:00,8832.01
2020-05-02 08:05:00,8817.69
2020-05-02 09:05:00,8842.14
2020-05-02 10:05:00,8816.87
2020-05-02 11:05:00,8802.08
2020-05-02 12:05:00,8808.89
2020-05-02 13:05:00,8833.69
2020-05-02 14:05:00,8872.86
2020-05-02 15:05:00,8903.39
2020-05-02 16:05:00,8890.52
2020-05-02 17:05:00,8930.06
2020-05-02 18:05:00,8937.63
2020-05-02 19:05:00,8982.64
2020-05-02 20:05:00,8972.94
2020-05-02 21:05:00,8872.62
2020-05-02 22:05:00,8861.9
2020-05-02 23:05:00,8897.8
2020-05-02 24:05:00,8923.53
2020-05-03 01:05:00,8927.52
2020-05-03 02:05:00,8969.55
2020-05-03 03:05:00,9076.24
2020-05-03 04:05:00,9148.46
2020-05-03 05:05:00,9126.81
2020-05-03 06:05:00,9126.23
2020-05-03 07:05:00,9129.18
2020-05-03 08:05:00,9104.83
2020-05-03 09:05:00,8991.87
2020-05-03 10:05:00,9008.95
2020-05-03 11:05:00,9025.2
2020-05-03 12:05:00,9082.37
2020-05-03 13:05:00,9066.73
2020-05-03 14:05:00,9063.45
2020-05-03 15:05:00,8942.43
2020-05-03 16:05:00,8894.69
2020-05-03 17:05:00,8834.44
2020-05-03 18:05:00,8794.68
2020-05-03 19:05:00,8859.16
2020-05-03 20:05:00,8848.3
2020-05-03 21:05:00,8847.28
2020-05-03 22:05:00,8883.91
2020-05-03 23:05:00,8839.79
2020-05-03 24:05:00,8861.65
2020-05-04 01:05:00,8928.8
2020-05-04 02:05:00,8897.17
2020-05-04 03:05:00,8862.94
2020-05-04 04:05:00,8714.43
2020-05-04 05:05:00,8744.91
2020-05-04 06:05:00,8747.42
2020-05-04 07:05:00,8696.04
2020-05-04 08:05:00,8604.35
2020-05-04 09:05:00,8636.26
2020-05-04 10:05:00,8631.88
2020-05-04 11:05:00,8695.42
2020-05-04 12:05:00,8647.86
2020-05-04 13:05:00,8654.15
2020-05-04 14:05:00,8675.36
2020-05-04 15:05:00,8722.65
2020-05-04 16:05:00,8777.42
2020-05-04 17:05:00,8822.88
2020-05-04 18:05:00,8824.57
2020-05-04 19:05:00,8849.36
2020-05-04 20:05:00,8806.41
2020-05-04 21:05:00,8850.21
2020-05-04 22:05:00,8861.9
2020-05-04 23:05:00,8899.85
2020-05-04 24:05:00,8928.33
2020-05-05 01:05:00,8920.01
2020-05-05 02:05:00,8876.88
2020-05-05 03:05:00,8896.23
2020-05-05 04:05:00,8871.1
2020-05-05 05:05:00,8862.24
2020-05-05 06:05:00,8858.31
2020-05-05 07:05:00,9000.51
2020-05-05 08:05:00,9063.21
2020-05-05 09:05:00,9019.13
2020-05-05 10:05:00,9047.8
2020-05-05 11:05:00,9016.38
2020-05-05 12:05:00,9033.92
2020-05-05 13:05:00,8863.22
2020-05-05 14:05:00,8875.87
2020-05-05 15:05:00,8865.19
2020-05-05 16:05:00,8919.16
2020-05-05 17:05:00,8867.76
2020-05-05 18:05:00,8866.38
2020-05-05 19:05:00,8876.75
2020-05-05 20:05:00,8889.02
2020-05-05 21:05:00,8890.52
2020-05-05 22:05:00,8915.08
2020-05-05 23:05:00,8945.1
2020-05-05 24:05:00,8987.42
2020-05-06 01:05:00,8949.51
2020-05-06 02:05:00,8995
2020-05-06 03:05:00,8983.13
2020-05-06 04:05:00,8977.16
2020-05-06 05:05:00,8970.32
2020-05-06 06:05:00,9020.73
2020-05-06 07:05:00,9026.4
2020-05-06 08:05:00,9021.89
2020-05-06 09:05:00,9032.77
2020-05-06 10:05:00,9035.73
2020-05-06 11:05:00,9065.34
2020-05-06 12:05:00,9083.4
2020-05-06 13:05:00,9206.21
2020-05-06 14:05:00,9283.1
2020-05-06 15:05:00,9305.55
2020-05-06 16:05:00,9209.83
2020-05-06 17:05:00,9230.41
2020-05-06 18:05:00,9268.75
2020-05-06 19:05:00,9277.29
2020-05-06 20:05:00,9265.66
2020-05-06 21:05:00,9241.63
2020-05-06 22:05:00,9263.38
2020-05-06 23:05:00,9243.36
2020-05-06 24:05:00,9280.31
2020-05-07 01:05:00,9331.35
2020-05-07 02:05:00,9251.86
2020-05-07 03:05:00,9139.13
2020-05-07 04:05:00,9225.6
2020-05-07 05:05:00,9309.65
2020-05-07 06:05:00,9304.89
2020-05-07 07:05:00,9289.89
2020-05-07 08:05:00,9284.67
2020-05-07 09:05:00,9281.47
2020-05-07 10:05:00,9285.61
2020-05-07 11:05:00,9305.09
2020-05-07 12:05:00,9298.19
2020-05-07 13:05:00,9295.42
2020-05-07 14:05:00,9284.11
2020-05-07 15:05:00,9334.41
2020-05-07 16:05:00,9482.52
2020-05-07 17:05:00,9510.65
2020-05-07 18:05:00,9480.27
2020-05-07 19:05:00,9572.34
2020-05-07 20:05:00,9779.71
2020-05-07 21:05:00,9814.93
2020-05-07 22:05:00,9897.6
2020-05-07 23:05:00,9827.57
2020-05-07 24:05:00,9825.58
2020-05-08 01:05:00,9888.25
2020-05-08 02:05:00,9989.46
2020-05-08 03:05:00,9971.31
2020-05-08 04:05:00,9985.28
2020-05-08 05:05:00,9931.93
2020-05-08 06:05:00,9899.22
2020-05-08 07:05:00,9909.4
2020-05-08 08:05:00,9882.34
2020-05-08 09:05:00,9809.5
2020-05-08 10:05:00,9779.31
2020-05-08 11:05:00,9862.49
2020-05-08 12:05:00,9857.27
2020-05-08 13:05:00,9911.73
2020-05-08 14:05:00,9927.36
2020-05-08 15:05:00,9859.21
2020-05-08 16:05:00,9879.56
2020-05-08 17:05:00,9951.76
2020-05-08 18:05:00,9989.18
2020-05-08 19:05:00,9978.46
2020-05-08 20:05:00,9962.62
2020-05-08 21:05:00,9955.88
2020-05-08 22:05:00,9934.45
2020-05-08 23:05:00,9962.54
2020-05-08 24:05:00,9987.93
2020-05-09 01:05:00,9945
2020-05-09 02:05:00,9847.53
2020-05-09 03:05:00,9813.65
2020-05-09 04:05:00,9884.34
2020-05-09 05:05:00,9852.1
2020-05-09 06:05:00,9870.08
2020-05-09 07:05:00,9827.09
2020-05-09 08:05:00,9804.03
2020-05-09 09:05:00,9727.79
2020-05-09 10:05:00,9652.52
2020-05-09 11:05:00,9651.16
2020-05-09 12:05:00,9684.58
2020-05-09 13:05:00,9615.82
2020-05-09 14:05:00,9571.37
2020-05-09 15:05:00,9648.98
2020-05-09 16:05:00,9671.11
2020-05-09 17:05:00,9689.91
2020-05-09 18:05:00,9662.24
2020-05-09 19:05:00,9740
2020-05-09 20:05:00,9754.86
2020-05-09 21:05:00,9754.76
2020-05-09 22:05:00,9736.41
2020-05-09 23:05:00,9688.63
2020-05-09 24:05:00,9628.64
2020-05-10 01:05:00,9620.43
2020-05-10 02:05:00,9564.77
2020-05-10 03:05:00,8782.59
2020-05-10 04:05:00,8710.86
2020-05-10 05:05:00,8683.17
2020-05-10 06:05:00,8569.52
2020-05-10 07:05:00,8543.61
2020-05-10 08:05:00,8623.13
2020-05-10 09:05:00,8606.46
2020-05-10 10:05:00,8741.92
2020-05-10 11:05:00,8845.38
2020-05-10 12:05:00,8820.64
2020-05-10 13:05:00,8786.03
2020-05-10 14:05:00,8733.32
2020-05-10 15:05:00,8739.66
2020-05-10 16:05:00,8769.03
2020-05-10 17:05:00,8722.68
2020-05-10 18:05:00,8651.09
2020-05-10 19:05:00,8502.68
2020-05-10 20:05:00,8463.99
2020-05-10 21:05:00,8508.97
2020-05-10 22:05:00,8538.17
2020-05-10 23:05:00,8699.2
2020-05-10 24:05:00,8728.09
2020-05-11 01:05:00,8745.99
2020-05-11 02:05:00,8706.62
2020-05-11 03:05:00,8768.5
2020-05-11 04:05:00,8730.93
2020-05-11 05:05:00,8740.69
2020-05-11 06:05:00,8717.76
2020-05-11 07:05:00,8677.18
2020-05-11 08:05:00,8666.26
2020-05-11 09:05:00,8706.14
2020-05-11 10:05:00,8671.22
2020-05-11 11:05:00,8624.35
2020-05-11 12:05:00,8558.24
2020-05-11 13:05:00,8728.64
2020-05-11 14:05:00,8892.63
2020-05-11 15:05:00,9007.71
2020-05-11 16:05:00,8869.95
2020-05-11 17:05:00,8883.47
2020-05-11 18:05:00,8905.47
2020-05-11 19:05:00,8646.45
2020-05-11 20:05:00,8565.32
2020-05-11 21:05:00,8418.2
2020-05-11 22:05:00,8570.74
2020-05-11 23:05:00,8696.47
2020-05-11 24:05:00,8599.44
2020-05-12 01:05:00,8596.85
2020-05-12 02:05:00,8583.29
2020-05-12 03:05:00,8617.74
2020-05-12 04:05:00,8609.74
2020-05-12 05:05:00,8638.6
2020-05-12 06:05:00,8695.09
2020-05-12 07:05:00,8709.61
2020-05-12 08:05:00,8746.48
2020-05-12 09:05:00,8705.82
2020-05-12 10:05:00,8663.28
2020-05-12 11:05:00,8727.22
2020-05-12 12:05:00,8793.94
2020-05-12 13:05:00,8771.11
2020-05-12 14:05:00,8768.17
2020-05-12 15:05:00,8768.27
2020-05-12 16:05:00,8723.88
2020-05-12 17:05:00,8853.72
2020-05-12 18:05:00,8901.35
2020-05-12 19:05:00,8923.8
2020-05-12 20:05:00,8909.74
2020-05-12 21:05:00,8884.11
2020-05-12 22:05:00,8872.09
2020-05-12 23:05:00,8815.48
2020-05-12 24:05:00,8802.87
2020-05-13 01:05:00,8805.34
2020-05-13 02:05:00,8826.01
2020-05-13 03:05:00,8902.62
2020-05-13 04:05:00,8933.53
2020-05-13 05:05:00,8941.64
2020-05-13 06:05:00,8931.55
2020-05-13 07:05:00,8907.59
2020-05-13 08:05:00,8910.46
2020-05-13 09:05:00,8911.54
2020-05-13 10:05:00,8900.9
2020-05-13 11:05:00,8882.93
2020-05-13 12:05:00,8928.33
2020-05-13 13:05:00,8940.62
2020-05-13 14:05:00,8997.56
2020-05-13 15:05:00,9059.57
2020-05-13 16:05:00,9086.36
2020-05-13 17:05:00,9102.88
2020-05-13 18:05:00,9140.16
2020-05-13 19:05:00,9109.34
2020-05-13 20:05:00,9083.21
2020-05-13 21:05:00,9102.35
2020-05-13 22:05:00,9124.55
2020-05-13 23:05:00,9269.34
2020-05-13 24:05:00,9365.71
2020-05-14 01:05:00,9328.6
2020-05-14 02:05:00,9327.48
2020-05-14 03:05:00,9345.38
2020-05-14 04:05:00,9303.47
2020-05-14 05:05:00,9301.74
2020-05-14 06:05:00,9337.25
2020-05-14 07:05:00,9328.93
2020-05-14 08:05:00,9374.57
2020-05-14 09:05:00,9445.36
2020-05-14 10:05:00,9497.39
2020-05-14 11:05:00,9564.32
2020-05-14 12:05:00,9728.14
2020-05-14 13:05:00,9748.65
2020-05-14 14:05:00,9724.17
2020-05-14 15:05:00,9611.45
2020-05-14 16:05:00,9600.48
2020-05-14 17:05:00,9714.75
2020-05-14 18:05:00,9716.28
2020-05-14 19:05:00,9681.25
2020-05-14 20:05:00,9624.41
2020-05-14 21:05:00,9639.03
2020-05-14 22:05:00,9699.27
2020-05-14 23:05:00,9722.61
2020-05-14 24:05:00,9716.86
2020-05-15 01:05:00,9779.28
2020-05-15 02:05:00,9800.08
2020-05-15 03:05:00,9773.1
2020-05-15 04:05:00,9752.6
2020-05-15 05:05:00,9493.13
2020-05-15 06:05:00,9499.87
2020-05-15 07:05:00,9471.74
2020-05-15 08:05:00,9439.63
2020-05-15 09:05:00,9531.59
2020-05-15 10:05:00,9644.81
2020-05-15 11:05:00,9654.8
2020-05-15 12:05:00,9605.31
2020-05-15 13:05:00,9549.43
2020-05-15 14:05:00,9608.31
2020-05-15 15:05:00,9540.65
2020-05-15 16:05:00,9539.79
2020-05-15 17:05:00,9581.39
2020-05-15 18:05:00,9470.44
2020-05-15 19:05:00,9485.57
2020-05-15 20:05:00,9468.12
2020-05-15 21:05:00,9501.93
2020-05-15 22:05:00,9387
2020-05-15 23:05:00,9260.3
2020-05-15 24:05:00,9335.09
2020-05-16 01:05:00,9420.15
2020-05-16 02:05:00,9320.89
2020-05-16 03:05:00,9314.08
2020-05-16 04:05:00,9400.82
2020-05-16 05:05:00,9423.17
2020-05-16 06:05:00,9417.65
2020-05-16 07:05:00,9459.61
2020-05-16 08:05:00,9518.09
2020-05-16 09:05:00,9449.11
2020-05-16 10:05:00,9442.66
2020-05-16 11:05:00,9394.44
2020-05-16 12:05:00,9384.85
2020-05-16 13:05:00,9413.84
2020-05-16 14:05:00,9421.88
2020-05-16 15:05:00,9465.24
2020-05-16 16:05:00,9475.03
2020-05-16 17:05:00,9444.77
2020-05-16 18:05:00,9385.57
2020-05-16 19:05:00,9363.05
2020-05-16 20:05:00,9346.95
2020-05-16 21:05:00,9297.29
2020-05-16 22:05:00,9323.08
2020-05-16 23:05:00,9350.25
2020-05-16 24:05:00,9381.36
2020-05-17 01:05:00,9402.38
2020-05-17 02:05:00,9404.58
2020-05-17 03:05:00,9453.82
2020-05-17 04:05:00,9491.7
2020-05-17 05:05:00,9526.91
2020-05-17 06:05:00,9539.04
2020-05-17 07:05:00,9529.99
2020-05-17 08:05:00,9503.19
2020-05-17 09:05:00,9524.92
2020-05-17 10:05:00,9534.4
2020-05-17 11:05:00,9504.03
2020-05-17 12:05:00,9482.03
2020-05-17 13:05:00,9515.96
2020-05-17 14:05:00,9513.29
2020-05-17 15:05:00,9688.1
2020-05-17 16:05:00,9733.33
2020-05-17 17:05:00,9776.14
2020-05-17 18:05:00,9828.41
2020-05-17 19:05:00,9769.03
2020-05-17 20:05:00,9748.97
2020-05-17 21:05:00,9735.47
2020-05-17 22:05:00,9761.63
2020-05-17 23:05:00,9737.07
2020-05-17 24:05:00,9760.91
2020-05-18 01:05:00,9663.4
2020-05-18 02:05:00,9688.86
2020-05-18 03:05:00,9744.61
2020-05-18 04:05:00,9893.25
2020-05-18 05:05:00,9878.23
2020-05-18 06:05:00,9853.06
2020-05-18 07:05:00,9871.95
2020-05-18 08:05:00,9871.75
2020-05-18 09:05:00,9784.35
2020-05-18 10:05:00,9774.82
2020-05-18 11:05:00,9602.77
2020-05-18 12:05:00,9578.94
2020-05-18 13:05:00,9618.79
2020-05-18 14:05:00,9654.95
2020-05-18 15:05:00,9615.76
2020-05-18 16:05:00,9659.1
2020-05-18 17:05:00,9697.09
2020-05-18 18:05:00,9677.76
2020-05-18 19:05:00,9634.92
2020-05-18 20:05:00,9597.41
2020-05-18 21:05:00,9631.38
2020-05-18 22:05:00,9687.31
2020-05-18 23:05:00,9674.8
2020-05-18 24:05:00,9697.42
2020-05-19 01:05:00,9714.4
2020-05-19 02:05:00,9725.3
2020-05-19 03:05:00,9627.43
2020-05-19 04:05:00,9640.85
2020-05-19 05:05:00,9579.71
2020-05-19 06:05:00,9548.57
2020-05-19 07:05:00,9523.08
2020-05-19 08:05:00,9553.95
2020-05-19 09:05:00,9596.7
2020-05-19 10:05:00,9582.36
2020-05-19 11:05:00,9753.53
2020-05-19 12:05:00,9782.74
2020-05-19 13:05:00,9781.01
2020-05-19 14:05:00,9812.67
2020-05-19 15:05:00,9637.63
2020-05-19 16:05:00,9638.1
2020-05-19 17:05:00,9697.21
2020-05-19 18:05:00,9688.51
2020-05-19 19:05:00,9700.16
2020-05-19 20:05:00,9666.17
2020-05-19 21:05:00,9693.55
2020-05-19 22:05:00,9680.07
2020-05-19 23:05:00,9657.86
2020-05-19 24:05:00,9685.25
2020-05-20 01:05:00,9725.46
2020-05-20 02:05:00,9753.05
2020-05-20 03:05:00,9765.99
2020-05-20 04:05:00,9748.79
2020-05-20 05:05:00,9722.45
2020-05-20 06:05:00,9741.2
2020-05-20 07:05:00,9718.73
2020-05-20 08:05:00,9730.26
2020-05-20 09:05:00,9749.06
2020-05-20 10:05:00,9753.42
2020-05-20 11:05:00,9768.09
2020-05-20 12:05:00,9767.66
2020-05-20 13:05:00,9762.71
2020-05-20 14:05:00,9744
2020-05-20 15:05:00,9752.34
2020-05-20 16:05:00,9771.23
2020-05-20 17:05:00,9774.46
2020-05-20 18:05:00,9523.57
2020-05-20 19:05:00,9459.59
2020-05-20 20:05:00,9504.89
2020-05-20 21:05:00,9527.39
2020-05-20 22:05:00,9510.42
2020-05-20 23:05:00,9562.66
2020-05-20 24:05:00,9567.89
2020-05-21 01:05:00,9539.78
2020-05-21 02:05:00,9496.77
2020-05-21 03:05:00,9533.71
2020-05-21 04:05:00,9531.46
2020-05-21 05:05:00,9494.84
2020-05-21 06:05:00,9467.1
2020-05-21 07:05:00,9457.12
2020-05-21 08:05:00,9498.7
2020-05-21 09:05:00,9501.38
2020-05-21 10:05:00,9464.28
2020-05-21 11:05:00,9370.37
2020-05-21 12:05:00,9352.27
2020-05-21 13:05:00,9303.48
2020-05-21 14:05:00,9363.18
2020-05-21 15:05:00,9352.05
2020-05-21 16:05:00,9319.83
2020-05-21 17:05:00,9112.94
2020-05-21 18:05:00,9090.8
2020-05-21 19:05:00,9080.73
2020-05-21 20:05:00,9039.47
2020-05-21 21:05:00,8901.66
2020-05-21 22:05:00,8992.7
2020-05-21 23:05:00,9047.03
2020-05-21 24:05:00,9109.46
2020-05-22 01:05:00,9129.3
2020-05-22 02:05:00,9084.99
2020-05-22 03:05:00,9018.24
2020-05-22 04:05:00,9092.3
2020-05-22 05:05:00,9097.84
2020-05-22 06:05:00,9016.46
2020-05-22 07:05:00,8986.21
2020-05-22 08:05:00,9020.42
2020-05-22 09:05:00,9074.84
2020-05-22 10:05:00,9094.65
2020-05-22 11:05:00,9073.93
2020-05-22 12:05:00,9084.8
2020-05-22 13:05:00,9161.68
2020-05-22 14:05:00,9163.73
2020-05-22 15:05:00,9178.29
2020-05-22 16:05:00,9132.08
2020-05-22 17:05:00,9149.04
2020-05-22 18:05:00,9190.97
2020-05-22 19:05:00,9209.68
2020-05-22 20:05:00,9229.16
2020-05-22 21:05:00,9207.72
2020-05-22 22:05:00,9186.76
2020-05-22 23:05:00,9176.01
2020-05-22 24:05:00,9202.48
2020-05-23 01:05:00,9210.9
2020-05-23 02:05:00,9169.37
2020-05-23 03:05:00,9221.69
2020-05-23 04:05:00,9263.52
2020-05-23 05:05:00,9283.09
2020-05-23 06:05:00,9306.61
2020-05-23 07:05:00,9285.05
2020-05-23 08:05:00,9277.53
2020-05-23 09:05:00,9252.66
2020-05-23 10:05:00,9263.07
2020-05-23 11:05:00,9206.35
2020-05-23 12:05:00,9169.29
2020-05-23 13:05:00,9129.29
2020-05-23 14:05:00,9179.63
2020-05-23 15:05:00,9147.93
2020-05-23 16:05:00,9158.5
2020-05-23 17:05:00,9204.97
2020-05-23 18:05:00,9198.62
2020-05-23 19:05:00,9186.54
2020-05-23 20:05:00,9210.96
2020-05-23 21:05:00,9192.71
2020-05-23 22:05:00,9191.26
2020-05-23 23:05:00,9225.3
2020-05-23 24:05:00,9245.87
2020-05-24 01:05:00,9242.33
2020-05-24 02:05:00,9192.5
2020-05-24 03:05:00,9176.81
2020-05-24 04:05:00,9214.62
2020-05-24 05:05:00,9225.21
2020-05-24 06:05:00,9211.51
2020-05-24 07:05:00,9224.9
2020-05-24 08:05:00,9217.4
2020-05-24 09:05:00,9286.81
2020-05-24 10:05:00,9284.84
2020-05-24 11:05:00,9279.12
2020-05-24 12:05:00,9292.85
2020-05-24 13:05:00,9300.78
2020-05-24 14:05:00,9172.14
2020-05-24 15:05:00,9144.47
2020-05-24 16:05:00,9095.29
2020-05-24 17:05:00,9056.13
2020-05-24 18:05:00,9075.98
2020-05-24 19:05:00,8932.92
2020-05-24 20:05:00,8957.13
2020-05-24 21:05:00,8963.44
2020-05-24 22:05:00,9005.76
2020-05-24 23:05:00,9029.41
2020-05-24 24:05:00,9062.57
2020-05-25 01:05:00,9046.33
2020-05-25 02:05:00,8799.6
2020-05-25 03:05:00,8759.44
2020-05-25 04:05:00,8797.7
2020-05-25 05:05:00,8811.52
2020-05-25 06:05:00,8764.38
2020-05-25 07:05:00,8800.56
2020-05-25 08:05:00,8793.19
2020-05-25 09:05:00,8798.84
2020-05-25 10:05:00,8839.28
2020-05-25 11:05:00,8846.9
2020-05-25 12:05:00,8791.66
2020-05-25 13:05:00,8745.97
2020-05-25 14:05:00,8737.33
2020-05-25 15:05:00,8765.62
2020-05-25 16:05:00,8426.8
2020-05-25 17:05:00,8817.33
2020-05-25 18:05:00,8780.86
2020-05-25 19:05:00,8821.64
2020-05-25 20:05:00,8873.89
2020-05-25 21:05:00,8895.39
2020-05-25 22:05:00,8939.48
2020-05-25 23:05:00,8931.32
2020-05-25 24:05:00,8914.37
2020-05-26 01:05:00,8919.04
2020-05-26 02:05:00,8926.75
2020-05-26 03:05:00,8871.24
2020-05-26 04:05:00,8883.51
2020-05-26 05:05:00,8907.13
2020-05-26 06:05:00,8909.7
2020-05-26 07:05:00,8916.73
2020-05-26 08:05:00,8929.65
2020-05-26 09:05:00,8920.26
2020-05-26 10:05:00,8928.44
2020-05-26 11:05:00,8990.68
2020-05-26 12:05:00,8930.48
2020-05-26 13:05:00,8873.62
2020-05-26 14:05:00,8882.29
2020-05-26 15:05:00,8844.43
2020-05-26 16:05:00,8828.09
2020-05-26 17:05:00,8837.19
2020-05-26 18:05:00,8763.44
2020-05-26 19:05:00,8772.91
2020-05-26 20:05:00,8812.56
2020-05-26 21:05:00,8814.2
2020-05-26 22:05:00,8789.91
2020-05-26 23:05:00,8847.19
2020-05-26 24:05:00,8861
2020-05-27 01:05:00,8837.84
2020-05-27 02:05:00,8851.94
2020-05-27 03:05:00,8873.72
2020-05-27 04:05:00,8873.14
2020-05-27 05:05:00,8854.83
2020-05-27 06:05:00,8855.69
2020-05-27 07:05:00,8847.65
2020-05-27 08:05:00,8878.98
2020-05-27 09:05:00,8856.85
2020-05-27 10:05:00,8865.07
2020-05-27 11:05:00,8917
2020-05-27 12:05:00,8930.08
2020-05-27 13:05:00,9082.72
2020-05-27 14:05:00,9136.43
2020-05-27 15:05:00,9167.92
2020-05-27 16:05:00,9156.83
2020-05-27 17:05:00,9144.6
2020-05-27 18:05:00,9166.79
2020-05-27 19:05:00,9171.92
2020-05-27 20:05:00,9192.85
2020-05-27 21:05:00,9176.48
2020-05-27 22:05:00,9151.31
2020-05-27 23:05:00,9162.92
2020-05-27 24:05:00,9101.98
2020-05-28 01:05:00,9100.34
2020-05-28 02:05:00,9160.02
2020-05-28 03:05:00,9217.8
2020-05-28 04:05:00,9238.66
2020-05-28 05:05:00,9191.74
2020-05-28 06:05:00,9177.13
2020-05-28 07:05:00,9172.92
2020-05-28 08:05:00,9154.99
2020-05-28 09:05:00,9157.2
2020-05-28 10:05:00,9146.41
2020-05-28 11:05:00,9148
2020-05-28 12:05:00,9186.2
2020-05-28 13:05:00,9182.19
2020-05-28 14:05:00,9234.56
2020-05-28 15:05:00,9353.05
2020-05-28 16:05:00,9400.62
2020-05-28 17:05:00,9460.28
2020-05-28 18:05:00,9479.01
2020-05-28 19:05:00,9478.09
2020-05-28 20:05:00,9459.08
2020-05-28 21:05:00,9451.8
2020-05-28 22:05:00,9444.77
2020-05-28 23:05:00,9436.32
2020-05-28 24:05:00,9441.55
2020-05-29 01:05:00,9499.32
2020-05-29 02:05:00,9563.55
2020-05-29 03:05:00,9550.26
2020-05-29 04:05:00,9492.21
2020-05-29 05:05:00,9508.63
2020-05-29 06:05:00,9503.23
2020-05-29 07:05:00,9504.44
2020-05-29 08:05:00,9499.14
2020-05-29 09:05:00,9517.24
2020-05-29 10:05:00,9516.92
2020-05-29 11:05:00,9488.73
2020-05-29 12:05:00,9458.94
2020-05-29 13:05:00,9404.69
2020-05-29 14:05:00,9385.61
2020-05-29 15:05:00,9413.89
2020-05-29 16:05:00,9415.42
2020-05-29 17:05:00,9442.04
2020-05-29 18:05:00,9384.25
2020-05-29 19:05:00,9423.48
2020-05-29 20:05:00,9429.56
2020-05-29 21:05:00,9412.14
2020-05-29 22:05:00,9407.28
2020-05-29 23:05:00,9408.36
2020-05-29 24:05:00,9394.63
2020-05-30 01:05:00,9407.73
2020-05-30 02:05:00,9429.89
2020-05-30 03:05:00,9384
2020-05-30 04:05:00,9366.58
2020-05-30 05:05:00,9365.66
2020-05-30 06:05:00,9352.37
2020-05-30 07:05:00,9484.09
2020-05-30 08:05:00,9521.61
2020-05-30 09:05:00,9559.09
2020-05-30 10:05:00,9529.33
2020-05-30 11:05:00,9524.88
2020-05-30 12:05:00,9491.87
2020-05-30 13:05:00,9492.01
2020-05-30 14:05:00,9554.17
2020-05-30 15:05:00,9532.79
2020-05-30 16:05:00,9545.52
2020-05-30 17:05:00,9558.46
2020-05-30 18:05:00,9517.49
2020-05-30 19:05:00,9538.96
2020-05-30 20:05:00,9529.68
2020-05-30 21:05:00,9534.19
2020-05-30 22:05:00,9529.88
2020-05-30 23:05:00,9455.51
2020-05-30 24:05:00,9450.16
2020-05-31 01:05:00,9641.66
2020-05-31 02:05:00,9693.11
2020-05-31 03:05:00,9665.05
2020-05-31 04:05:00,9658.45
2020-05-31 05:05:00,9633.56
2020-05-31 06:05:00,9614.23
2020-05-31 07:05:00,9558.78
2020-05-31 08:05:00,9582.85
2020-05-31 09:05:00,9558.97
2020-05-31 10:05:00,9558.28
2020-05-31 11:05:00,9552.47
2020-05-31 12:05:00,9534.16
2020-05-31 13:05:00,9576.53
2020-05-31 14:05:00,9581.75
2020-05-31 15:05:00,9595.1
2020-05-31 16:05:00,9558.64
2020-05-31 17:05:00,9516.3
2020-05-31 18:05:00,9468.4
2020-05-31 19:05:00,9505.25
2020-05-31 20:05:00,9514.17
2020-05-31 21:05:00,9486.35
2020-05-31 22:05:00,9509.36
2020-05-31 23:05:00,9502.86
2020-05-31 24:05:00,9452.73
2020-06-01 01:06:00,9469.53
2020-06-01 02:06:00,9419.74
2020-06-01 03:06:00,9467.42
2020-06-01 04:06:00,9515.48
2020-06-01 05:06:00,9539.4
2020-06-01 06:06:00,9536.18
2020-06-01 07:06:00,9571.81
2020-06-01 08:06:00,9540.51
2020-06-01 09:06:00,9539.83
2020-06-01 10:06:00,9551.97
2020-06-01 11:06:00,9546.27
2020-06-01 12:06:00,9539.04
2020-06-01 13:06:00,9524.74
2020-06-01 14:06:00,9518.47
2020-06-01 15:06:00,9545.14
2020-06-01 16:06:00,9549.97
2020-06-01 17:06:00,9558.14
2020-06-01 18:06:00,9519.63
2020-06-01 19:06:00,9576.02
2020-06-01 20:06:00,9571.92
2020-06-01 21:06:00,9567.3
2020-06-01 22:06:00,9582.44
2020-06-01 23:06:00,9634.29
2020-06-01 24:06:00,9661.49
2020-06-02 01:06:00,9709.24
2020-06-02 02:06:00,10127.55
2020-06-02 03:06:00,10177.02
2020-06-02 04:06:00,10101.53
2020-06-02 05:06:00,10102.84
2020-06-02 06:06:00,10067.66
2020-06-02 07:06:00,10091.25
2020-06-02 08:06:00,10090.89
2020-06-02 09:06:00,10161.29
2020-06-02 10:06:00,10113.28
2020-06-02 11:06:00,10123.24
2020-06-02 12:06:00,10101.7
2020-06-02 13:06:00,10116.09
2020-06-02 14:06:00,10105.88
2020-06-02 15:06:00,10113.78
2020-06-02 16:06:00,10157.29
2020-06-02 17:06:00,9751.08
2020-06-02 18:06:00,9471.32
2020-06-02 19:06:00,9472.69
2020-06-02 20:06:00,9495.19
2020-06-02 21:06:00,9517.61
2020-06-02 22:06:00,9514.23
2020-06-02 23:06:00,9493.04
2020-06-02 24:06:00,9528.89
2020-06-03 01:06:00,9499.7
2020-06-03 02:06:00,9498.82
2020-06-03 03:06:00,9516.06
2020-06-03 04:06:00,9499.35
2020-06-03 05:06:00,9487.65
2020-06-03 06:06:00,9487.45
2020-06-03 07:06:00,9499.2
2020-06-03 08:06:00,9462.51
2020-06-03 09:06:00,9510.69
2020-06-03 10:06:00,9509.68
2020-06-03 11:06:00,9509.04
2020-06-03 12:06:00,9518.18
2020-06-03 13:06:00,9575.88
2020-06-03 14:06:00,9588.63
2020-06-03 15:06:00,9605.44
2020-06-03 16:06:00,9590.02
2020-06-03 17:06:00,9545.05
2020-06-03 18:06:00,9562.2
2020-06-03 19:06:00,9566.49
2020-06-03 20:06:00,9565.81
2020-06-03 21:06:00,9572.92
2020-06-03 22:06:00,9579.23
2020-06-03 23:06:00,9571.45
2020-06-03 24:06:00,9578.1
2020-06-04 01:06:00,9572.89
2020-06-04 02:06:00,9638.28
2020-06-04 03:06:00,9623.4
2020-06-04 04:06:00,9641.03
2020-06-04 05:06:00,9661.52
2020-06-04 06:06:00,9663.47
2020-06-04 07:06:00,9641.65
2020-06-04 08:06:00,9624.44
2020-06-04 09:06:00,9632.42
2020-06-04 10:06:00,9646.45
2020-06-04 11:06:00,9625.47
2020-06-04 12:06:00,9556.52
2020-06-04 13:06:00,9535.34
2020-06-04 14:06:00,9547.7
2020-06-04 15:06:00,9646.14
2020-06-04 16:06:00,9737.23
2020-06-04 17:06:00,9751.57
2020-06-04 18:06:00,9776.64
2020-06-04 19:06:00,9801.7
2020-06-04 20:06:00,9798.59
2020-06-04 21:06:00,9820.22
2020-06-04 22:06:00,9790.32
2020-06-04 23:06:00,9778.07
2020-06-04 24:06:00,9761.68
2020-06-05 01:06:00,9800.55
2020-06-05 02:06:00,9818.08
2020-06-05 03:06:00,9783.48
2020-06-05 04:06:00,9821.47
2020-06-05 05:06:00,9808.63
2020-06-05 06:06:00,9792.42
2020-06-05 07:06:00,9791.54
2020-06-05 08:06:00,9782.88
2020-06-05 09:06:00,9762.41
2020-06-05 10:06:00,9771.55
2020-06-05 11:06:00,9755.77
2020-06-05 12:06:00,9817.95
2020-06-05 13:06:00,9733
2020-06-05 14:06:00,9670.15
2020-06-05 15:06:00,9676.71
2020-06-05 16:06:00,9682.92
2020-06-05 17:06:00,9697.77
2020-06-05 18:06:00,9678.07
2020-06-05 19:06:00,9715.24
2020-06-05 20:06:00,9731.39
2020-06-05 21:06:00,9731.28
2020-06-05 22:06:00,9723.55
2020-06-05 23:06:00,9701.96
2020-06-05 24:06:00,9681.47
2020-06-06 01:06:00,9659.1
2020-06-06 02:06:00,9640.3
2020-06-06 03:06:00,9577.01
2020-06-06 04:06:00,9585.81
2020-06-06 05:06:00,9579.48
2020-06-06 06:06:00,9604.42
2020-06-06 07:06:00,9612.57
2020-06-06 08:06:00,9598.79
2020-06-06 09:06:00,9608.82
2020-06-06 10:06:00,9609.87
2020-06-06 11:06:00,9595.66
2020-06-06 12:06:00,9662.56
2020-06-06 13:06:00,9664.08
2020-06-06 14:06:00,9667.92
2020-06-06 15:06:00,9687.85
2020-06-06 16:06:00,9638.4
2020-06-06 17:06:00,9654.49
2020-06-06 18:06:00,9641.02
2020-06-06 19:06:00,9626.27
2020-06-06 20:06:00,9604.53
2020-06-06 21:06:00,9616.23
2020-06-06 22:06:00,9633.17
2020-06-06 23:06:00,9680.43
2020-06-06 24:06:00,9690.88
2020-06-07 01:06:00,9662.73
2020-06-07 02:06:00,9662.52
2020-06-07 03:06:00,9642.67
2020-06-07 04:06:00,9652.2
2020-06-07 05:06:00,9681.43
2020-06-07 06:06:00,9673.56
2020-06-07 07:06:00,9689.53
2020-06-07 08:06:00,9661.03
2020-06-07 09:06:00,9656.02
2020-06-07 10:06:00,9648.36
2020-06-07 11:06:00,9616.19
2020-06-07 12:06:00,9635.62
2020-06-07 13:06:00,9620.02
2020-06-07 14:06:00,9591.7
2020-06-07 15:06:00,9524.71
2020-06-07 16:06:00,9476.65
2020-06-07 17:06:00,9452
2020-06-07 18:06:00,9483.92
2020-06-07 19:06:00,9477.92
2020-06-07 20:06:00,9486.4
2020-06-07 21:06:00,9525.39
2020-06-07 22:06:00,9669.85
2020-06-07 23:06:00,9742.99
2020-06-07 24:06:00,9713.78
2020-06-08 01:06:00,9746.59
2020-06-08 02:06:00,9748.11
2020-06-08 03:06:00,9761.7
2020-06-08 04:06:00,9753.81
2020-06-08 05:06:00,9732.01
2020-06-08 06:06:00,9716.73
2020-06-08 07:06:00,9742.34
2020-06-08 08:06:00,9734.31
2020-06-08 09:06:00,9728.97
2020-06-08 10:06:00,9727.79
2020-06-08 11:06:00,9681.07
2020-06-08 12:06:00,9755.02
2020-06-08 13:06:00,9739.08
2020-06-08 14:06:00,9730.25
2020-06-08 15:06:00,9734.8
2020-06-08 16:06:00,9704.25
2020-06-08 17:06:00,9681.87
2020-06-08 18:06:00,9681.32
2020-06-08 19:06:00,9686.67
2020-06-08 20:06:00,9744.16
2020-06-08 21:06:00,9719.06
2020-06-08 22:06:00,9697.54
2020-06-08 23:06:00,9701.18
2020-06-08 24:06:00,9694.5
2020-06-09 01:06:00,9708.26
2020-06-09 02:06:00,9766.81
2020-06-09 03:06:00,9741.35
2020-06-09 04:06:00,9698.76
2020-06-09 05:06:00,9695.73
2020-06-09 06:06:00,9681.73
2020-06-09 07:06:00,9670.13
2020-06-09 08:06:00,9677.15
2020-06-09 09:06:00,9681.41
2020-06-09 10:06:00,9687.86
2020-06-09 11:06:00,9676.47
2020-06-09 12:06:00,9661.81
2020-06-09 13:06:00,9655.22
2020-06-09 14:06:00,9691.96
2020-06-09 15:06:00,9732.15
2020-06-09 16:06:00,9706.49
2020-06-09 17:06:00,9706.07
2020-06-09 18:06:00,9721.04
2020-06-09 19:06:00,9711.31
2020-06-09 20:06:00,9712.21
2020-06-09 21:06:00,9710.88
2020-06-09 22:06:00,9714.66
2020-06-09 23:06:00,9742.53
2020-06-09 24:06:00,9792.78
2020-06-10 01:06:00,9775.48
2020-06-10 02:06:00,9778.58
2020-06-10 03:06:00,9781.18
2020-06-10 04:06:00,9799.36
2020-06-10 05:06:00,9777.4
2020-06-10 06:06:00,9761.95
2020-06-10 07:06:00,9749.23
2020-06-10 08:06:00,9766.76
2020-06-10 09:06:00,9771
2020-06-10 10:06:00,9751.08
2020-06-10 11:06:00,9750.84
2020-06-10 12:06:00,9724.21
2020-06-10 13:06:00,9736.95
2020-06-10 14:06:00,9737.67
2020-06-10 15:06:00,9751.94
2020-06-10 16:06:00,9755.73
2020-06-10 17:06:00,9743.88
2020-06-10 18:06:00,9745.15
2020-06-10 19:06:00,9763.55
2020-06-10 20:06:00,9757.61
2020-06-10 21:06:00,9874.25
2020-06-10 22:06:00,9853.88
2020-06-10 23:06:00,9877.12
2020-06-10 24:06:00,9846.13
2020-06-11 01:06:00,9883.13
2020-06-11 02:06:00,9885.21
2020-06-11 03:06:00,9893.09
2020-06-11 04:06:00,9939.3
2020-06-11 05:06:00,9923.95
2020-06-11 06:06:00,9893.95
2020-06-11 07:06:00,9885.48
2020-06-11 08:06:00,9870.71
2020-06-11 09:06:00,9806.08
2020-06-11 10:06:00,9806.86
2020-06-11 11:06:00,9804.1
2020-06-11 12:06:00,9791.96
2020-06-11 13:06:00,9767.94
2020-06-11 14:06:00,9766.91
2020-06-11 15:06:00,9737.68
2020-06-11 16:06:00,9655.01
2020-06-11 17:06:00,9625.39
2020-06-11 18:06:00,9533.44
2020-06-11 19:06:00,9387.47
2020-06-11 20:06:00,9278.54
2020-06-11 21:06:00,9337.08
2020-06-11 22:06:00,9290.17
2020-06-11 23:06:00,9264.94
2020-06-11 24:06:00,9339.92
2020-06-12 01:06:00,9327.63
2020-06-12 02:06:00,9284.6
2020-06-12 03:06:00,9290.25
2020-06-12 04:06:00,9324.27
2020-06-12 05:06:00,9337.84
2020-06-12 06:06:00,9364.26
2020-06-12 07:06:00,9362.75
2020-06-12 08:06:00,9363.96
2020-06-12 09:06:00,9374.46
2020-06-12 10:06:00,9437.42
2020-06-12 11:06:00,9459.25
2020-06-12 12:06:00,9458.57
2020-06-12 13:06:00,9473.79
2020-06-12 14:06:00,9492.59
2020-06-12 15:06:00,9457.49
2020-06-12 16:06:00,9489.53
2020-06-12 17:06:00,9491.08
2020-06-12 18:06:00,9405.48
2020-06-12 19:06:00,9421.04
2020-06-12 20:06:00,9352.14
2020-06-12 21:06:00,9378.47
2020-06-12 22:06:00,9414.21
2020-06-12 23:06:00,9449.11
2020-06-12 24:06:00,9458.13
2020-06-13 01:06:00,9457.33
2020-06-13 02:06:00,9459.37
2020-06-13 03:06:00,9452.75
2020-06-13 04:06:00,9445.44
2020-06-13 05:06:00,9439.97
2020-06-13 06:06:00,9424.44
2020-06-13 07:06:00,9389.83
2020-06-13 08:06:00,9400.95
2020-06-13 09:06:00,9424.24
2020-06-13 10:06:00,9444.38
2020-06-13 11:06:00,9441.28
2020-06-13 12:06:00,9450.85
2020-06-13 13:06:00,9434.37
2020-06-13 14:06:00,9415.9
2020-06-13 15:06:00,9426.99
2020-06-13 16:06:00,9422.56
2020-06-13 17:06:00,9443.49
2020-06-13 18:06:00,9447.7
2020-06-13 19:06:00,9435.45
2020-06-13 20:06:00,9441.32
2020-06-13 21:06:00,9445.96
2020-06-13 22:06:00,9435.45
2020-06-13 23:06:00,9388.35
2020-06-13 24:06:00,9413.45
2020-06-14 01:06:00,9428.74
2020-06-14 02:06:00,9457.19
2020-06-14 03:06:00,9462.34
2020-06-14 04:06:00,9449.14
2020-06-14 05:06:00,9449.58
2020-06-14 06:06:00,9436.81
2020-06-14 07:06:00,9435.59
2020-06-14 08:06:00,9430.96
2020-06-14 09:06:00,9410.1
2020-06-14 10:06:00,9401.35
2020-06-14 11:06:00,9420.55
2020-06-14 12:06:00,9426.82
2020-06-14 13:06:00,9426.27
2020-06-14 14:06:00,9433.75
2020-06-14 15:06:00,9414.96
2020-06-14 16:06:00,9390.5
2020-06-14 17:06:00,9353.12
2020-06-14 18:06:00,9383.08
2020-06-14 19:06:00,9403.23
2020-06-14 20:06:00,9395.79
2020-06-14 21:06:00,9382.73
2020-06-14 22:06:00,9387.7
2020-06-14 23:06:00,9397.54
2020-06-14 24:06:00,9347.05
2020-06-15 01:06:00,9323.9
2020-06-15 02:06:00,9354.54
2020-06-15 03:06:00,9330.25
2020-06-15 04:06:00,9268.67
2020-06-15 05:06:00,9250.1
2020-06-15 06:06:00,9191.69
2020-06-15 07:06:00,9177.91
2020-06-15 08:06:00,9084.27
2020-06-15 09:06:00,8979.63
2020-06-15 10:06:00,9056.71
2020-06-15 11:06:00,9115.27
2020-06-15 12:06:00,9121.09
2020-06-15 13:06:00,9108.8
2020-06-15 14:06:00,9107.64
2020-06-15 15:06:00,9101.35
2020-06-15 16:06:00,9105.64
2020-06-15 17:06:00,9210.15
2020-06-15 18:06:00,9275.53
2020-06-15 19:06:00,9357.8
2020-06-15 20:06:00,9352.52
2020-06-15 21:06:00,9409.24
2020-06-15 22:06:00,9425.69
2020-06-15 23:06:00,9450.28
2020-06-15 24:06:00,9478.97
2020-06-16 01:06:00,9431.88
2020-06-16 02:06:00,9443.95
2020-06-16 03:06:00,9409.1
2020-06-16 04:06:00,9408.93
2020-06-16 05:06:00,9419.48
2020-06-16 06:06:00,9544.78
2020-06-16 07:06:00,9542.44
2020-06-16 08:06:00,9530.34
2020-06-16 09:06:00,9493.95
2020-06-16 10:06:00,9487.88
2020-06-16 11:06:00,9479.73
2020-06-16 12:06:00,9506.13
2020-06-16 13:06:00,9517.19
2020-06-16 14:06:00,9504.07
2020-06-16 15:06:00,9524.06
2020-06-16 16:06:00,9537.79
2020-06-16 17:06:00,9474.74
2020-06-16 18:06:00,9438.88
2020-06-16 19:06:00,9473.69
2020-06-16 20:06:00,9478.21
2020-06-16 21:06:00,9486.35
2020-06-16 22:06:00,9493.61
2020-06-16 23:06:00,9493.93
2020-06-16 24:06:00,9513.02
2020-06-17 01:06:00,9505.16
2020-06-17 02:06:00,9519.09
2020-06-17 03:06:00,9499.39
2020-06-17 04:06:00,9471.07
2020-06-17 05:06:00,9448.22
2020-06-17 06:06:00,9439.22
2020-06-17 07:06:00,9458.15
2020-06-17 08:06:00,9450.41
2020-06-17 09:06:00,9467.87
2020-06-17 10:06:00,9497.54
2020-06-17 11:06:00,9498.97
2020-06-17 12:06:00,9481.83
2020-06-17 13:06:00,9476.36
2020-06-17 14:06:00,9477.66
2020-06-17 15:06:00,9488.88
2020-06-17 16:06:00,9478.97
2020-06-17 17:06:00,9409.2
2020-06-17 18:06:00,9403.88
2020-06-17 19:06:00,9377.91
2020-06-17 20:06:00,9402.24
2020-06-17 21:06:00,9399.95
2020-06-17 22:06:00,9352.99
2020-06-17 23:06:00,9314.55
2020-06-17 24:06:00,9408.52
2020-06-18 01:06:00,9427.86
2020-06-18 02:06:00,9443.91
2020-06-18 03:06:00,9427.75
2020-06-18 04:06:00,9422.06
2020-06-18 05:06:00,9405.35
2020-06-18 06:06:00,9413.91
2020-06-18 07:06:00,9412.17
2020-06-18 08:06:00,9410.83
2020-06-18 09:06:00,9425.89
2020-06-18 10:06:00,9431.14
2020-06-18 11:06:00,9435.76
2020-06-18 12:06:00,9450.01
2020-06-18 13:06:00,9419.58
2020-06-18 14:06:00,9438.58
2020-06-18 15:06:00,9427.11
2020-06-18 16:06:00,9405.13
2020-06-18 17:06:00,9404.67
2020-06-18 18:06:00,9406.06
2020-06-18 19:06:00,9390.22
2020-06-18 20:06:00,9398.01
2020-06-18 21:06:00,9394.53
2020-06-18 22:06:00,9380.3
2020-06-18 23:06:00,9352.06
2020-06-18 24:06:00,9319.49
2020-06-19 01:06:00,9371.5
2020-06-19 02:06:00,9389.33
2020-06-19 03:06:00,9351.3
2020-06-19 04:06:00,9345.06
2020-06-19 05:06:00,9298.34
2020-06-19 06:06:00,9265.6
2020-06-19 07:06:00,9293.7
2020-06-19 08:06:00,9310.03
2020-06-19 09:06:00,9317.5
2020-06-19 10:06:00,9279.61
2020-06-19 11:06:00,9290.72
2020-06-19 12:06:00,9374.79
2020-06-19 13:06:00,9368.22
2020-06-19 14:06:00,9382.96
2020-06-19 15:06:00,9398.64
2020-06-19 16:06:00,9382.23
2020-06-19 17:06:00,9375.69
2020-06-19 18:06:00,9369.84
2020-06-19 19:06:00,9340.25
2020-06-19 20:06:00,9316.3
2020-06-19 21:06:00,9305.87
2020-06-19 22:06:00,9322.7
2020-06-19 23:06:00,9283.38
2020-06-19 24:06:00,9319.46
2020-06-20 01:06:00,9323.06
2020-06-20 02:06:00,9290.83
2020-06-20 03:06:00,9318.32
2020-06-20 04:06:00,9315.35
2020-06-20 05:06:00,9320.65
2020-06-20 06:06:00,9332.78
2020-06-20 07:06:00,9317.1
2020-06-20 08:06:00,9319.82
2020-06-20 09:06:00,9321.38
2020-06-20 10:06:00,9318.14
2020-06-20 11:06:00,9293.11
2020-06-20 12:06:00,9292.86
2020-06-20 13:06:00,9299.16
2020-06-20 14:06:00,9254.33
2020-06-20 15:06:00,9319.25
2020-06-20 16:06:00,9305.69
2020-06-20 17:06:00,9301.89
2020-06-20 18:06:00,9265.48
2020-06-20 19:06:00,9275.74
2020-06-20 20:06:00,9276.08
2020-06-20 21:06:00,9287.37
2020-06-20 22:06:00,9308.14
2020-06-20 23:06:00,9326.31
2020-06-20 24:06:00,9347.4
2020-06-21 01:06:00,9373.93
2020-06-21 02:06:00,9364.91
2020-06-21 03:06:00,9367.54
2020-06-21 04:06:00,9373.59
2020-06-21 05:06:00,9387.36
2020-06-21 06:06:00,9377.87
2020-06-21 07:06:00,9382.17
2020-06-21 08:06:00,9389.68
2020-06-21 09:06:00,9401.7
2020-06-21 10:06:00,9387.94
2020-06-21 11:06:00,9367.24
2020-06-21 12:06:00,9379.91
2020-06-21 13:06:00,9357.43
2020-06-21 14:06:00,9372.91
2020-06-21 15:06:00,9364.65
2020-06-21 16:06:00,9345.53
2020-06-21 17:06:00,9359.96
2020-06-21 18:06:00,9367.18
2020-06-21 19:06:00,9362.3
2020-06-21 20:06:00,9356.19
2020-06-21 21:06:00,9322.15
2020-06-21 22:06:00,9330.53
2020-06-21 23:06:00,9332.57
2020-06-21 24:06:00,9328.4
2020-06-22 01:06:00,9308.14
2020-06-22 02:06:00,9291.59
2020-06-22 03:06:00,9306.63
2020-06-22 04:06:00,9352.24
2020-06-22 05:06:00,9375.35
2020-06-22 06:06:00,9383.46
2020-06-22 07:06:00,9397.35
2020-06-22 08:06:00,9427.1
2020-06-22 09:06:00,9410.11
2020-06-22 10:06:00,9421.77
2020-06-22 11:06:00,9417.91
2020-06-22 12:06:00,9425.91
2020-06-22 13:06:00,9430.6
2020-06-22 14:06:00,9452.15
2020-06-22 15:06:00,9482.78
2020-06-22 16:06:00,9484.59
2020-06-22 17:06:00,9470.07
2020-06-22 18:06:00,9478.26
2020-06-22 19:06:00,9561.81
2020-06-22 20:06:00,9583.24
2020-06-22 21:06:00,9590.83
2020-06-22 22:06:00,9569.22
2020-06-22 23:06:00,9623.18
2020-06-22 24:06:00,9703.86
2020-06-23 01:06:00,9660.66
2020-06-23 02:06:00,9678.62
2020-06-23 03:06:00,9687.31
2020-06-23 04:06:00,9634.18
2020-06-23 05:06:00,9641.13
2020-06-23 06:06:00,9635.56
2020-06-23 07:06:00,9631.16
2020-06-23 08:06:00,9626.15
2020-06-23 09:06:00,9618.44
2020-06-23 10:06:00,9643.11
2020-06-23 11:06:00,9616.04
2020-06-23 12:06:00,9595.85
2020-06-23 13:06:00,9590.18
2020-06-23 14:06:00,9615.73
2020-06-23 15:06:00,9632.37
2020-06-23 16:06:00,9630.23
2020-06-23 17:06:00,9650.31
2020-06-23 18:06:00,9668.7
2020-06-23 19:06:00,9670.89
2020-06-23 20:06:00,9660.24
2020-06-23 21:06:00,9679.57
2020-06-23 22:06:00,9657.92
2020-06-23 23:06:00,9650.75
2020-06-23 24:06:00,9628.84
2020-06-24 01:06:00,9621.79
2020-06-24 02:06:00,9605.92
2020-06-24 03:06:00,9629.76
2020-06-24 04:06:00,9632.29
2020-06-24 05:06:00,9643.27
2020-06-24 06:06:00,9645.23
2020-06-24 07:06:00,9643.9
2020-06-24 08:06:00,9640.99
2020-06-24 09:06:00,9651.15
2020-06-24 10:06:00,9557.76
2020-06-24 11:06:00,9517.53
2020-06-24 12:06:00,9518.04
2020-06-24 13:06:00,9412.03
2020-06-24 14:06:00,9359.38
2020-06-24 15:06:00,9348.79
2020-06-24 16:06:00,9390.32
2020-06-24 17:06:00,9322.37
2020-06-24 18:06:00,9264.42
2020-06-24 19:06:00,9278.99
2020-06-24 20:06:00,9297.39
2020-06-24 21:06:00,9313.66
2020-06-24 22:06:00,9313.77
2020-06-24 23:06:00,9303
2020-06-24 24:06:00,9257.06
2020-06-25 01:06:00,9279.83
2020-06-25 02:06:00,9295.81
2020-06-25 03:06:00,9267.46
2020-06-25 04:06:00,9287.77
2020-06-25 05:06:00,9241.75
2020-06-25 06:06:00,9101.43
2020-06-25 07:06:00,9115.15
2020-06-25 08:06:00,9150.9
2020-06-25 09:06:00,9181.3
2020-06-25 10:06:00,9170.06
2020-06-25 11:06:00,9262.98
2020-06-25 12:06:00,9280.81
2020-06-25 13:06:00,9277.67
2020-06-25 14:06:00,9282.04
2020-06-25 15:06:00,9199.43
2020-06-25 16:06:00,9208.03
2020-06-25 17:06:00,9241.25
2020-06-25 18:06:00,9242.08
2020-06-25 19:06:00,9254.92
2020-06-25 20:06:00,9282.69
2020-06-25 21:06:00,9267.04
2020-06-25 22:06:00,9281.02
2020-06-25 23:06:00,9286.61
2020-06-25 24:06:00,9310.34
2020-06-26 01:06:00,9252.27
2020-06-26 02:06:00,9263.55
2020-06-26 03:06:00,9229.84
2020-06-26 04:06:00,9272.65
2020-06-26 05:06:00,9255.55
2020-06-26 06:06:00,9257.6
2020-06-26 07:06:00,9244.16
2020-06-26 08:06:00,9215.98
2020-06-26 09:06:00,9219.43
2020-06-26 10:06:00,9133.23
2020-06-26 11:06:00,9127.03
2020-06-26 12:06:00,9161.35
2020-06-26 13:06:00,9226.99
2020-06-26 14:06:00,9180.93
2020-06-26 15:06:00,9202.24
2020-06-26 16:06:00,9184.53
2020-06-26 17:06:00,9083.06
2020-06-26 18:06:00,9143.86
2020-06-26 19:06:00,9126.74
2020-06-26 20:06:00,9163.44
2020-06-26 21:06:00,9161.25
2020-06-26 22:06:00,9150.25
2020-06-26 23:06:00,9196.31
2020-06-26 24:06:00,9203.12
2020-06-27 01:06:00,9180.58
2020-06-27 02:06:00,9173.04
2020-06-27 03:06:00,9135.83
2020-06-27 04:06:00,9125.08
2020-06-27 05:06:00,9137.22
2020-06-27 06:06:00,9159.61
2020-06-27 07:06:00,9164.28
2020-06-27 08:06:00,9177.86
2020-06-27 09:06:00,9182.01
2020-06-27 10:06:00,9190.81
2020-06-27 11:06:00,9190.18
2020-06-27 12:06:00,9160.89
2020-06-27 13:06:00,9156.68
2020-06-27 14:06:00,9169.49
2020-06-27 15:06:00,9195.74
2020-06-27 16:06:00,9167.92
2020-06-27 17:06:00,9162.83
2020-06-27 18:06:00,9147.08
2020-06-27 19:06:00,9097.96
2020-06-27 20:06:00,9101.3
2020-06-27 21:06:00,9095.26
2020-06-27 22:06:00,8956.72
2020-06-27 23:06:00,8959.22
2020-06-27 24:06:00,9006.26
2020-06-28 01:06:00,9011.45
2020-06-28 02:06:00,8993.45
2020-06-28 03:06:00,8980.14
2020-06-28 04:06:00,8981.33
2020-06-28 05:06:00,8982.88
2020-06-28 06:06:00,8979.92
2020-06-28 07:06:00,8980.8
2020-06-28 08:06:00,8980.94
2020-06-28 09:06:00,9002.78
2020-06-28 10:06:00,9023.9
2020-06-28 11:06:00,9048.27
2020-06-28 12:06:00,9069.3
2020-06-28 13:06:00,9068.64
2020-06-28 14:06:00,9073.67
2020-06-28 15:06:00,9044.82
2020-06-28 16:06:00,9060.7
2020-06-28 17:06:00,9130.27
2020-06-28 18:06:00,9150.64
2020-06-28 19:06:00,9168.23
2020-06-28 20:06:00,9142.55
2020-06-28 21:06:00,9163.78
2020-06-28 22:06:00,9141.78
2020-06-28 23:06:00,9122.52
2020-06-28 24:06:00,9113.36
2020-06-29 01:06:00,9099.51
2020-06-29 02:06:00,9114.51
2020-06-29 03:06:00,9119.72
2020-06-29 04:06:00,9131.57
2020-06-29 05:06:00,9133.99
2020-06-29 06:06:00,9089.86
2020-06-29 07:06:00,9110.76
2020-06-29 08:06:00,9120.52
2020-06-29 09:06:00,9101.32
2020-06-29 10:06:00,9085.32
2020-06-29 11:06:00,9083.11
2020-06-29 12:06:00,9109.13
2020-06-29 13:06:00,9112.87
2020-06-29 14:06:00,9088.04
2020-06-29 15:06:00,9103.95
2020-06-29 16:06:00,9047.89
2020-06-29 17:06:00,9066.54
2020-06-29 18:06:00,9100.72
2020-06-29 19:06:00,9119.8
2020-06-29 20:06:00,9136.81
2020-06-29 21:06:00,9155.91
2020-06-29 22:06:00,9144.85
2020-06-29 23:06:00,9169.41
2020-06-29 24:06:00,9213.5
2020-06-30 01:06:00,9205.57
2020-06-30 02:06:00,9183.9
2020-06-30 03:06:00,9182.27
2020-06-30 04:06:00,9180.88
2020-06-30 05:06:00,9180.46
2020-06-30 06:06:00,9172.21
2020-06-30 07:06:00,9164.82
2020-06-30 08:06:00,9142.75
2020-06-30 09:06:00,9146.32
2020-06-30 10:06:00,9139.1
2020-06-30 11:06:00,9131.43
2020-06-30 12:06:00,9153.26
2020-06-30 13:06:00,9156.66
2020-06-30 14:06:00,9150.85
2020-06-30 15:06:00,9135.87
2020-06-30 16:06:00,9109.44
2020-06-30 17:06:00,9161.06
2020-06-30 18:06:00,9177.94
2020-06-30 19:06:00,9172.56
2020-06-30 20:06:00,9152.74
2020-06-30 21:06:00,9146.52
2020-06-30 22:06:00,9134.31
2020-06-30 23:06:00,9153.97
2020-06-30 24:06:00,9164.78
2020-07-01 01:07:00,9148.16
2020-07-01 02:07:00,9149.77
2020-07-01 03:07:00,9117.73
2020-07-01 04:07:00,9120.5
2020-07-01 05:07:00,9132.96
2020-07-01 06:07:00,9133.71
2020-07-01 07:07:00,9154.32
2020-07-01 08:07:00,9148.2
2020-07-01 09:07:00,9144.25
2020-07-01 10:07:00,9149.55
2020-07-01 11:07:00,9171.76
2020-07-01 12:07:00,9176.62
2020-07-01 13:07:00,9158.75
2020-07-01 14:07:00,9128.12
2020-07-01 15:07:00,9154.85
2020-07-01 16:07:00,9213.66
2020-07-01 17:07:00,9232.14
2020-07-01 18:07:00,9249.45
2020-07-01 19:07:00,9280.34
2020-07-01 20:07:00,9286.36
2020-07-01 21:07:00,9273.92
2020-07-01 22:07:00,9268.66
2020-07-01 23:07:00,9247.37
2020-07-01 24:07:00,9243.07
2020-07-02 01:07:00,9237.09
2020-07-02 02:07:00,9251.25
2020-07-02 03:07:00,9243.26
2020-07-02 04:07:00,9241.88
2020-07-02 05:07:00,9259.75
2020-07-02 06:07:00,9251.37
2020-07-02 07:07:00,9247.26
2020-07-02 08:07:00,9242.05
2020-07-02 09:07:00,9195.45
2020-07-02 10:07:00,9215.25
2020-07-02 11:07:00,9200.32
2020-07-02 12:07:00,9217.21
2020-07-02 13:07:00,9205.2
2020-07-02 14:07:00,9189.63
2020-07-02 15:07:00,9220.23
2020-07-02 16:07:00,9245.41
2020-07-02 17:07:00,9227.77
2020-07-02 18:07:00,9084.78
2020-07-02 19:07:00,9011.84
2020-07-02 20:07:00,9046.12
2020-07-02 21:07:00,9069.16
2020-07-02 22:07:00,9063.15
2020-07-02 23:07:00,9064.9
2020-07-02 24:07:00,9109.61
2020-07-03 01:07:00,9121.32
2020-07-03 02:07:00,9102.43
2020-07-03 03:07:00,9093.45
2020-07-03 04:07:00,9113.04
2020-07-03 05:07:00,9114.76
2020-07-03 06:07:00,9100.76
2020-07-03 07:07:00,9098.56
2020-07-03 08:07:00,9106.29
2020-07-03 09:07:00,9106.27
2020-07-03 10:07:00,9097.66
2020-07-03 11:07:00,9118.74
2020-07-03 12:07:00,9079.86
2020-07-03 13:07:00,9079.62
2020-07-03 14:07:00,9084.71
2020-07-03 15:07:00,9110.62
2020-07-03 16:07:00,9117.42
2020-07-03 17:07:00,9102.53
2020-07-03 18:07:00,9103.7
2020-07-03 19:07:00,9106.5
2020-07-03 20:07:00,9107.6
2020-07-03 21:07:00,9091.6
2020-07-03 22:07:00,9088.47
2020-07-03 23:07:00,9099.73
2020-07-03 24:07:00,9100.37
2020-07-04 01:07:00,9100.88
2020-07-04 02:07:00,9069.03
2020-07-04 03:07:00,9070.27
2020-07-04 04:07:00,9082.54
2020-07-04 05:07:00,9091.26
2020-07-04 06:07:00,9094.6
2020-07-04 07:07:00,9104.46
2020-07-04 08:07:00,9101.28
2020-07-04 09:07:00,9097.23
2020-07-04 10:07:00,9091.69
2020-07-04 11:07:00,9105.22
2020-07-04 12:07:00,9106.14
2020-07-04 13:07:00,9094.04
2020-07-04 14:07:00,9085.92
2020-07-04 15:07:00,9086.41
2020-07-04 16:07:00,9101.45
2020-07-04 17:07:00,9097.32
2020-07-04 18:07:00,9075.25
2020-07-04 19:07:00,9076.3
2020-07-04 20:07:00,9156.95
2020-07-04 21:07:00,9163.74
2020-07-04 22:07:00,9135.83
2020-07-04 23:07:00,9151.17
2020-07-04 24:07:00,9141.07
2020-07-05 01:07:00,9153.72
2020-07-05 02:07:00,9145.36
2020-07-05 03:07:00,9150.32
2020-07-05 04:07:00,9162.7
2020-07-05 05:07:00,9157.34
2020-07-05 06:07:00,9143.09
2020-07-05 07:07:00,9155.41
2020-07-05 08:07:00,9111.8
2020-07-05 09:07:00,9091.69
2020-07-05 10:07:00,9064.1
2020-07-05 11:07:00,9078.21
2020-07-05 12:07:00,9040.34
2020-07-05 13:07:00,9028.18
2020-07-05 14:07:00,9044.99
2020-07-05 15:07:00,9040.68
2020-07-05 16:07:00,9041.97
2020-07-05 17:07:00,9042.5
2020-07-05 18:07:00,9062.97
2020-07-05 19:07:00,9052.03
2020-07-05 20:07:00,9060.63
2020-07-05 21:07:00,9057.72
2020-07-05 22:07:00,9059.59
2020-07-05 23:07:00,9046.76
2020-07-05 24:07:00,8993.35
2020-07-06 01:07:00,9079.44
2020-07-06 02:07:00,9083.45
2020-07-06 03:07:00,9076.88
2020-07-06 04:07:00,9087.74
2020-07-06 05:07:00,9109.89
2020-07-06 06:07:00,9094.13
2020-07-06 07:07:00,9095.48
2020-07-06 08:07:00,9101.4
2020-07-06 09:07:00,9189.07
2020-07-06 10:07:00,9202.45
2020-07-06 11:07:00,9199.75
2020-07-06 12:07:00,9194.7
2020-07-06 13:07:00,9197.9
2020-07-06 14:07:00,9205.36
2020-07-06 15:07:00,9245.86
2020-07-06 16:07:00,9255.97
2020-07-06 17:07:00,9245.36
2020-07-06 18:07:00,9283.41
2020-07-06 19:07:00,9328.92
2020-07-06 20:07:00,9315.49
2020-07-06 21:07:00,9302.75
2020-07-06 22:07:00,9285.94
2020-07-06 23:07:00,9279.33
2020-07-06 24:07:00,9282.84
2020-07-07 01:07:00,9279.21
2020-07-07 02:07:00,9335.83
2020-07-07 03:07:00,9351.37
2020-07-07 04:07:00,9325.39
2020-07-07 05:07:00,9282.61
2020-07-07 06:07:00,9297.68
2020-07-07 07:07:00,9290.45
2020-07-07 08:07:00,9279.5
2020-07-07 09:07:00,9263.72
2020-07-07 10:07:00,9253.44
2020-07-07 11:07:00,9262.52
2020-07-07 12:07:00,9243.56
2020-07-07 13:07:00,9240.57
2020-07-07 14:07:00,9255.91
2020-07-07 15:07:00,9269.28
2020-07-07 16:07:00,9254.77
2020-07-07 17:07:00,9264.38
2020-07-07 18:07:00,9261.65
2020-07-07 19:07:00,9269.07
2020-07-07 20:07:00,9269.11
2020-07-07 21:07:00,9272.86
2020-07-07 22:07:00,9249.08
2020-07-07 23:07:00,9226.57
2020-07-07 24:07:00,9246.82
2020-07-08 01:07:00,9246.04
2020-07-08 02:07:00,9255.92
2020-07-08 03:07:00,9245.64
2020-07-08 04:07:00,9265.77
2020-07-08 05:07:00,9294.44
2020-07-08 06:07:00,9301.59
2020-07-08 07:07:00,9283.37
2020-07-08 08:07:00,9264.82
2020-07-08 09:07:00,9268.88
2020-07-08 10:07:00,9277.14
2020-07-08 11:07:00,9282.67
2020-07-08 12:07:00,9278.74
2020-07-08 13:07:00,9285.68
2020-07-08 14:07:00,9295.99
2020-07-08 15:07:00,9308.25
2020-07-08 16:07:00,9385.59
2020-07-08 17:07:00,9441.19
2020-07-08 18:07:00,9422.7
2020-07-08 19:07:00,9411.54
2020-07-08 20:07:00,9419.43
2020-07-08 21:07:00,9416.12
2020-07-08 22:07:00,9429.32
2020-07-08 23:07:00,9429.88
2020-07-08 24:07:00,9423.87
2020-07-09 01:07:00,9452.48
2020-07-09 02:07:00,9430.9
2020-07-09 03:07:00,9413.86
2020-07-09 04:07:00,9394.48
2020-07-09 05:07:00,9383.63
2020-07-09 06:07:00,9377.11
2020-07-09 07:07:00,9381.89
2020-07-09 08:07:00,9386.17
2020-07-09 09:07:00,9399.48
2020-07-09 10:07:00,9396.9
2020-07-09 11:07:00,9387.61
2020-07-09 12:07:00,9381.59
2020-07-09 13:07:00,9368.4
2020-07-09 14:07:00,9381.12
2020-07-09 15:07:00,9409.94
2020-07-09 16:07:00,9396.83
2020-07-09 17:07:00,9343.68
2020-07-09 18:07:00,9226.39
2020-07-09 19:07:00,9214.99
2020-07-09 20:07:00,9222.49
2020-07-09 21:07:00,9217.48
2020-07-09 22:07:00,9213.36
2020-07-09 23:07:00,9227.3
2020-07-09 24:07:00,9246.94
2020-07-10 01:07:00,9235.62
2020-07-10 02:07:00,9232.1
2020-07-10 03:07:00,9224.37
2020-07-10 04:07:00,9220.67
2020-07-10 05:07:00,9210.7
2020-07-10 06:07:00,9218.06
2020-07-10 07:07:00,9164.14
2020-07-10 08:07:00,9144.55
2020-07-10 09:07:00,9160.22
2020-07-10 10:07:00,9152.04
2020-07-10 11:07:00,9180.46
2020-07-10 12:07:00,9181.97
2020-07-10 13:07:00,9183.74
2020-07-10 14:07:00,9182.85
2020-07-10 15:07:00,9176.52
2020-07-10 16:07:00,9185.24
2020-07-10 17:07:00,9184.43
2020-07-10 18:07:00,9220.3
2020-07-10 19:07:00,9226.48
2020-07-10 20:07:00,9219.44
2020-07-10 21:07:00,9219.35
2020-07-10 22:07:00,9236.26
2020-07-10 23:07:00,9247.2
2020-07-10 24:07:00,9228.23
2020-07-11 01:07:00,9233.29
2020-07-11 02:07:00,9285.5
2020-07-11 03:07:00,9287.1
2020-07-11 04:07:00,9280.56
2020-07-11 05:07:00,9280.74
2020-07-11 06:07:00,9278.71
2020-07-11 07:07:00,9270.35
2020-07-11 08:07:00,9270.1
2020-07-11 09:07:00,9266.7
2020-07-11 10:07:00,9272.39
2020-07-11 11:07:00,9268.94
2020-07-11 12:07:00,9214.51
2020-07-11 13:07:00,9226.35
2020-07-11 14:07:00,9216.2
2020-07-11 15:07:00,9222.06
2020-07-11 16:07:00,9222.69
2020-07-11 17:07:00,9225.02
2020-07-11 18:07:00,9235.07
2020-07-11 19:07:00,9233.28
2020-07-11 20:07:00,9220.76
2020-07-11 21:07:00,9225.51
2020-07-11 22:07:00,9221.51
2020-07-11 23:07:00,9212.66
2020-07-11 24:07:00,9218.17
2020-07-12 01:07:00,9226.74
2020-07-12 02:07:00,9240.84
2020-07-12 03:07:00,9254.14
2020-07-12 04:07:00,9273.67
2020-07-12 05:07:00,9272.51
2020-07-12 06:07:00,9281.5
2020-07-12 07:07:00,9279.93
2020-07-12 08:07:00,9269.36
2020-07-12 09:07:00,9264.45
2020-07-12 10:07:00,9260.2
2020-07-12 11:07:00,9264.1
2020-07-12 12:07:00,9256.35
2020-07-12 13:07:00,9265.01
2020-07-12 14:07:00,9255.79
2020-07-12 15:07:00,9261.59
2020-07-12 16:07:00,9257.41
2020-07-12 17:07:00,9221.64
2020-07-12 18:07:00,9224.43
2020-07-12 19:07:00,9223.57
2020-07-12 20:07:00,9221.69
2020-07-12 21:07:00,9224.28
2020-07-12 22:07:00,9197.93
2020-07-12 23:07:00,9230.96
2020-07-12 24:07:00,9253.39
2020-07-13 01:07:00,9297.93
2020-07-13 02:07:00,9289.07
2020-07-13 03:07:00,9290.06
2020-07-13 04:07:00,9284.62
2020-07-13 05:07:00,9278.75
2020-07-13 06:07:00,9279.28
2020-07-13 07:07:00,9272.09
2020-07-13 08:07:00,9278.45
2020-07-13 09:07:00,9267.26
2020-07-13 10:07:00,9266.26
2020-07-13 11:07:00,9276.12
2020-07-13 12:07:00,9278.6
2020-07-13 13:07:00,9280.32
2020-07-13 14:07:00,9299.81
2020-07-13 15:07:00,9319.24
2020-07-13 16:07:00,9311.71
2020-07-13 17:07:00,9318.12
2020-07-13 18:07:00,9304.01
2020-07-13 19:07:00,9296.17
2020-07-13 20:07:00,9314.54
2020-07-13 21:07:00,9285.6
2020-07-13 22:07:00,9232.86
2020-07-13 23:07:00,9239.5
2020-07-13 24:07:00,9251.29
2020-07-14 01:07:00,9234.94
2020-07-14 02:07:00,9236.33
2020-07-14 03:07:00,9224.29
2020-07-14 04:07:00,9226.83
2020-07-14 05:07:00,9228.3
2020-07-14 06:07:00,9222.65
2020-07-14 07:07:00,9177.25
2020-07-14 08:07:00,9187.71
2020-07-14 09:07:00,9199.15
2020-07-14 10:07:00,9189.2
2020-07-14 11:07:00,9200.07
2020-07-14 12:07:00,9197.79
2020-07-14 13:07:00,9182.47
2020-07-14 14:07:00,9171.6
2020-07-14 15:07:00,9219.96
2020-07-14 16:07:00,9208.78
2020-07-14 17:07:00,9202.46
2020-07-14 18:07:00,9223.58
2020-07-14 19:07:00,9223.94
2020-07-14 20:07:00,9242.02
2020-07-14 21:07:00,9248.35
2020-07-14 22:07:00,9253.25
2020-07-14 23:07:00,9272.49
2020-07-14 24:07:00,9254.07
2020-07-15 01:07:00,9257.62
2020-07-15 02:07:00,9258.85
2020-07-15 03:07:00,9264.27
2020-07-15 04:07:00,9251.24
2020-07-15 05:07:00,9244.89
2020-07-15 06:07:00,9241.94
2020-07-15 07:07:00,9233.92
2020-07-15 08:07:00,9239.76
2020-07-15 09:07:00,9233.27
2020-07-15 10:07:00,9225.27
2020-07-15 11:07:00,9213.15
2020-07-15 12:07:00,9203.96
2020-07-15 13:07:00,9232.27
2020-07-15 14:07:00,9230.78
2020-07-15 15:07:00,9230.15
2020-07-15 16:07:00,9230.15
2020-07-15 17:07:00,9227.86
2020-07-15 18:07:00,9212.05
2020-07-15 19:07:00,9194.93
2020-07-15 20:07:00,9210.07
2020-07-15 21:07:00,9190.29
2020-07-15 22:07:00,9177.74
2020-07-15 23:07:00,9198.51
2020-07-15 24:07:00,9215.78
2020-07-16 01:07:00,9215.63
2020-07-16 02:07:00,9196.74
2020-07-16 03:07:00,9192.97
2020-07-16 04:07:00,9209.69
2020-07-16 05:07:00,9204.39
2020-07-16 06:07:00,9195.78
2020-07-16 07:07:00,9204.8
2020-07-16 08:07:00,9193.44
2020-07-16 09:07:00,9172.39
2020-07-16 10:07:00,9116.47
2020-07-16 11:07:00,9112.7
2020-07-16 12:07:00,9073.3
2020-07-16 13:07:00,9064.32
2020-07-16 14:07:00,9090.19
2020-07-16 15:07:00,9085.81
2020-07-16 16:07:00,9083.59
2020-07-16 17:07:00,9089.98
2020-07-16 18:07:00,9114.53
2020-07-16 19:07:00,9128.36
2020-07-16 20:07:00,9126.09
2020-07-16 21:07:00,9135.74
2020-07-16 22:07:00,9125.69
2020-07-16 23:07:00,9105.56
2020-07-16 24:07:00,9099.68
2020-07-17 01:07:00,9137.8
2020-07-17 02:07:00,9139.09
2020-07-17 03:07:00,9137.6
2020-07-17 04:07:00,9132.21
2020-07-17 05:07:00,9133.19
2020-07-17 06:07:00,9121.7
2020-07-17 07:07:00,9121.19
2020-07-17 08:07:00,9094.69
2020-07-17 09:07:00,9119.39
2020-07-17 10:07:00,9117.37
2020-07-17 11:07:00,9105.22
2020-07-17 12:07:00,9116.67
2020-07-17 13:07:00,9122.29
2020-07-17 14:07:00,9119.39
2020-07-17 15:07:00,9166.72
2020-07-17 16:07:00,9157.47
2020-07-17 17:07:00,9151.05
2020-07-17 18:07:00,9157.04
2020-07-17 19:07:00,9157.35
2020-07-17 20:07:00,9148.65
2020-07-17 21:07:00,9159.7
2020-07-17 22:07:00,9155.53
2020-07-17 23:07:00,9163.23
2020-07-17 24:07:00,9130.82
2020-07-18 01:07:00,9148.99
2020-07-18 02:07:00,9151.46
2020-07-18 03:07:00,9153.19
2020-07-18 04:07:00,9142.42
2020-07-18 05:07:00,9135.9
2020-07-18 06:07:00,9136.28
2020-07-18 07:07:00,9134.42
2020-07-18 08:07:00,9133.61
2020-07-18 09:07:00,9133.77
2020-07-18 10:07:00,9136.74
2020-07-18 11:07:00,9140.89
2020-07-18 12:07:00,9185.34
2020-07-18 13:07:00,9172.36
2020-07-18 14:07:00,9172.09
2020-07-18 15:07:00,9178.28
2020-07-18 16:07:00,9175.63
2020-07-18 17:07:00,9166.62
2020-07-18 18:07:00,9174.96
2020-07-18 19:07:00,9172.48
2020-07-18 20:07:00,9174.45
2020-07-18 21:07:00,9192.94
2020-07-18 22:07:00,9189.61
2020-07-18 23:07:00,9179.13
2020-07-18 24:07:00,9177.72
2020-07-19 01:07:00,9178.47
2020-07-19 02:07:00,9177.95
2020-07-19 03:07:00,9182.78
2020-07-19 04:07:00,9174.2
2020-07-19 05:07:00,9167.97
2020-07-19 06:07:00,9157.08
2020-07-19 07:07:00,9161.66
2020-07-19 08:07:00,9150.57
2020-07-19 09:07:00,9152.02
2020-07-19 10:07:00,9167.57
2020-07-19 11:07:00,9161.47
2020-07-19 12:07:00,9171.07
2020-07-19 13:07:00,9129.66
2020-07-19 14:07:00,9132.1
2020-07-19 15:07:00,9132.27
2020-07-19 16:07:00,9136.95
2020-07-19 17:07:00,9136.34
2020-07-19 18:07:00,9136.82
2020-07-19 19:07:00,9148.04
2020-07-19 20:07:00,9153.97
2020-07-19 21:07:00,9160.55
2020-07-19 22:07:00,9164.47
2020-07-19 23:07:00,9170.03
2020-07-19 24:07:00,9175.59
2020-07-20 01:07:00,9188.26
2020-07-20 02:07:00,9228.36
2020-07-20 03:07:00,9204.53
2020-07-20 04:07:00,9188.49
2020-07-20 05:07:00,9186.74
2020-07-20 06:07:00,9185.12
2020-07-20 07:07:00,9185.07
2020-07-20 08:07:00,9184.41
2020-07-20 09:07:00,9186.18
2020-07-20 10:07:00,9183.89
2020-07-20 11:07:00,9185.1
2020-07-20 12:07:00,9187.79
2020-07-20 13:07:00,9160.33
2020-07-20 14:07:00,9157.1
2020-07-20 15:07:00,9161.42
2020-07-20 16:07:00,9157.92
2020-07-20 17:07:00,9168.61
2020-07-20 18:07:00,9173.08
2020-07-20 19:07:00,9173.94
2020-07-20 20:07:00,9196.27
2020-07-20 21:07:00,9191.51
2020-07-20 22:07:00,9168.93
2020-07-20 23:07:00,9172.39
2020-07-20 24:07:00,9167.92
2020-07-21 01:07:00,9171.58
2020-07-21 02:07:00,9172.67
2020-07-21 03:07:00,9173.23
2020-07-21 04:07:00,9188.2
2020-07-21 05:07:00,9183.78
2020-07-21 06:07:00,39938.66
2020-07-21 07:07:00,9185.29
2020-07-21 08:07:00,9195.75
2020-07-21 09:07:00,9194.29
2020-07-21 10:07:00,9289.36
2020-07-21 11:07:00,9325.53
2020-07-21 12:07:00,9328.14
2020-07-21 13:07:00,9338.17
2020-07-21 14:07:00,9344.95
2020-07-21 15:07:00,9383.3
2020-07-21 16:07:00,9410.44
2020-07-21 17:07:00,9422.27
2020-07-21 18:07:00,9360.68
2020-07-21 19:07:00,9341.97
2020-07-21 20:07:00,9362.97
2020-07-21 21:07:00,9379.78
2020-07-21 22:07:00,9375.84
2020-07-21 23:07:00,9362.73
2020-07-21 24:07:00,9374.82
2020-07-22 01:07:00,9384.52
2020-07-22 02:07:00,9380.07
2020-07-22 03:07:00,9377.33
2020-07-22 04:07:00,9370.62
2020-07-22 05:07:00,9368.58
2020-07-22 06:07:00,9366.38
2020-07-22 07:07:00,9362.63
2020-07-22 08:07:00,9349.73
2020-07-22 09:07:00,9348.73
2020-07-22 10:07:00,9322.62
2020-07-22 11:07:00,9316.64
2020-07-22 12:07:00,9323.01
2020-07-22 13:07:00,9331.89
2020-07-22 14:07:00,9346.75
2020-07-22 15:07:00,9337.22
2020-07-22 16:07:00,9337.48
2020-07-22 17:07:00,9331.16
2020-07-22 18:07:00,9344.97
2020-07-22 19:07:00,9342.35
2020-07-22 20:07:00,9360.58
2020-07-22 21:07:00,9369.3
2020-07-22 22:07:00,9375.63
2020-07-22 23:07:00,9376.1
2020-07-22 24:07:00,9367.13
2020-07-23 01:07:00,9512.04
2020-07-23 02:07:00,9531.31
2020-07-23 03:07:00,9534.23
2020-07-23 04:07:00,9532.72
2020-07-23 05:07:00,9524.96
2020-07-23 06:07:00,9500.4
2020-07-23 07:07:00,9505.19
2020-07-23 08:07:00,9489.9
2020-07-23 09:07:00,9495.57
2020-07-23 10:07:00,9502.68
2020-07-23 11:07:00,9515.9
2020-07-23 12:07:00,9510.06
2020-07-23 13:07:00,9506.27
2020-07-23 14:07:00,9500.71
2020-07-23 15:07:00,9507.24
2020-07-23 16:07:00,9492.96
2020-07-23 17:07:00,9504.28
2020-07-23 18:07:00,9513.6
2020-07-23 19:07:00,9563.75
2020-07-23 20:07:00,9629.85
2020-07-23 21:07:00,9601.57
2020-07-23 22:07:00,9596.77
2020-07-23 23:07:00,9588.33
2020-07-23 24:07:00,9603.03
2020-07-24 01:07:00,9605.48
2020-07-24 02:07:00,9594.93
2020-07-24 03:07:00,9598.72
2020-07-24 04:07:00,9579.15
2020-07-24 05:07:00,9573.93
2020-07-24 06:07:00,9558.83
2020-07-24 07:07:00,9550.16
2020-07-24 08:07:00,9539.62
2020-07-24 09:07:00,9506.83
2020-07-24 10:07:00,9497.2
2020-07-24 11:07:00,9503.89
2020-07-24 12:07:00,9527.38
2020-07-24 13:07:00,9549.41
2020-07-24 14:07:00,9537.53
2020-07-24 15:07:00,9523.12
2020-07-24 16:07:00,9529.04
2020-07-24 17:07:00,9532.31
2020-07-24 18:07:00,9550.47
2020-07-24 19:07:00,9553.81
2020-07-24 20:07:00,9553.27
2020-07-24 21:07:00,9584.34
2020-07-24 22:07:00,9582.22
2020-07-24 23:07:00,9607.74
2020-07-24 24:07:00,9622.06
2020-07-25 01:07:00,9569.59
2020-07-25 02:07:00,9542.49
2020-07-25 03:07:00,9551.95
2020-07-25 04:07:00,9551.1
2020-07-25 05:07:00,9565.8
2020-07-25 06:07:00,9593.91
2020-07-25 07:07:00,9574.49
2020-07-25 08:07:00,9590.64
2020-07-25 09:07:00,9611.97
2020-07-25 10:07:00,9575.63
2020-07-25 11:07:00,9582.47
2020-07-25 12:07:00,9587.92
2020-07-25 13:07:00,9577.63
2020-07-25 14:07:00,9593.36
2020-07-25 15:07:00,9594.77
2020-07-25 16:07:00,9593.71
2020-07-25 17:07:00,9582.78
2020-07-25 18:07:00,9589.83
2020-07-25 19:07:00,9611.41
2020-07-25 20:07:00,9681.62
2020-07-25 21:07:00,9676.45
2020-07-25 22:07:00,9679.51
2020-07-25 23:07:00,9713.61
2020-07-25 24:07:00,9708.51
2020-07-26 01:07:00,9696.04
2020-07-26 02:07:00,9694.9
2020-07-26 03:07:00,9685.16
2020-07-26 04:07:00,9667.26
2020-07-26 05:07:00,9666.53
2020-07-26 06:07:00,9678.73
2020-07-26 07:07:00,9665.99
2020-07-26 08:07:00,9674.75
2020-07-26 09:07:00,9679.31
2020-07-26 10:07:00,9710.53
2020-07-26 11:07:00,9758.39
2020-07-26 12:07:00,9805.52
2020-07-26 13:07:00,10012.34
2020-07-26 14:07:00,9983.87
2020-07-26 15:07:00,9919.46
2020-07-26 16:07:00,9894.52
2020-07-26 17:07:00,9924.99
2020-07-26 18:07:00,9947.59
2020-07-26 19:07:00,9945.7
2020-07-26 20:07:00,9915.59
2020-07-26 21:07:00,9903.92
2020-07-26 22:07:00,9886.36
2020-07-26 23:07:00,9873.7
2020-07-26 24:07:00,9895.24
2020-07-27 01:07:00,9919
2020-07-27 02:07:00,9917.7
2020-07-27 03:07:00,9993.56
2020-07-27 04:07:00,10068.87
2020-07-27 05:07:00,10066.12
2020-07-27 06:07:00,10197.46
2020-07-27 07:07:00,10247.26
2020-07-27 08:07:00,10259.04
2020-07-27 09:07:00,10264.64
2020-07-27 10:07:00,10235.41
2020-07-27 11:07:00,10162.86
2020-07-27 12:07:00,10214.54
2020-07-27 13:07:00,10257.72
2020-07-27 14:07:00,10272.28
2020-07-27 15:07:00,10284.06
2020-07-27 16:07:00,10336.63
2020-07-27 17:07:00,10374.41
2020-07-27 18:07:00,10347.9
2020-07-27 19:07:00,10527.82
2020-07-27 20:07:00,10817.96
2020-07-27 21:07:00,10843.64
2020-07-27 22:07:00,10790.06
2020-07-27 23:07:00,10838.66
2020-07-27 24:07:00,10984.41
2020-07-28 01:07:00,11253.77
2020-07-28 02:07:00,11035.23
2020-07-28 03:07:00,11175.45
2020-07-28 04:07:00,11183.99
2020-07-28 05:07:00,11086.06
2020-07-28 06:07:00,10924.32
2020-07-28 07:07:00,11004.87
2020-07-28 08:07:00,10939.76
2020-07-28 09:07:00,10926.98
2020-07-28 10:07:00,10918.13
2020-07-28 11:07:00,10813.06
2020-07-28 12:07:00,10767.08
2020-07-28 13:07:00,10704.14
2020-07-28 14:07:00,10941.13
2020-07-28 15:07:00,10983.31
2020-07-28 16:07:00,10976.56
2020-07-28 17:07:00,11123.07
2020-07-28 18:07:00,11146.93
2020-07-28 19:07:00,11026.1
2020-07-28 20:07:00,10983.68
2020-07-28 21:07:00,10921.91
2020-07-28 22:07:00,10954.58
2020-07-28 23:07:00,10989.03
2020-07-28 24:07:00,11036.01
2020-07-29 01:07:00,10949.35
2020-07-29 02:07:00,10943.61
2020-07-29 03:07:00,10937.74
2020-07-29 04:07:00,10887.12
2020-07-29 05:07:00,10915.08
2020-07-29 06:07:00,10969.44
2020-07-29 07:07:00,10957.97
2020-07-29 08:07:00,10969.46
2020-07-29 09:07:00,11040.5
2020-07-29 10:07:00,11032.06
2020-07-29 11:07:00,11097.52
2020-07-29 12:07:00,11054.99
2020-07-29 13:07:00,11020.8
2020-07-29 14:07:00,11066.5
2020-07-29 15:07:00,11110.12
2020-07-29 16:07:00,11100.54
2020-07-29 17:07:00,11180.89
2020-07-29 18:07:00,11161.5
2020-07-29 19:07:00,11225.62
2020-07-29 20:07:00,11222.82
2020-07-29 21:07:00,11229.39
2020-07-29 22:07:00,11207.96
2020-07-29 23:07:00,11232.52
2020-07-29 24:07:00,11280.9
2020-07-30 01:07:00,11277
2020-07-30 02:07:00,11137.62
2020-07-30 03:07:00,11053.94
2020-07-30 04:07:00,11091.01
2020-07-30 05:07:00,11031.46
2020-07-30 06:07:00,11021.26
2020-07-30 07:07:00,11032.75
2020-07-30 08:07:00,11004.07
2020-07-30 09:07:00,10990.06
2020-07-30 10:07:00,10955.19
2020-07-30 11:07:00,10974.18
2020-07-30 12:07:00,10984.07
2020-07-30 13:07:00,10947.29
2020-07-30 14:07:00,10928.15
2020-07-30 15:07:00,10960.66
2020-07-30 16:07:00,10949.54
2020-07-30 17:07:00,10986.41
2020-07-30 18:07:00,10992.77
2020-07-30 19:07:00,11008.32
2020-07-30 20:07:00,11022.61
2020-07-30 21:07:00,11084.92
2020-07-30 22:07:00,11118.44
2020-07-30 23:07:00,11157.92
2020-07-30 24:07:00,11121.72
2020-07-31 01:07:00,11124.17
2020-07-31 02:07:00,11148.05
2020-07-31 03:07:00,11092.18
2020-07-31 04:07:00,11012.38
2020-07-31 05:07:00,11023.77
2020-07-31 06:07:00,11012.89
2020-07-31 07:07:00,11030.93
2020-07-31 08:07:00,11057.56
2020-07-31 09:07:00,11113.62
2020-07-31 10:07:00,11136.92
2020-07-31 11:07:00,11160.72
2020-07-31 12:07:00,11137.42
2020-07-31 13:07:00,11157.57
2020-07-31 14:07:00,11186.48
2020-07-31 15:07:00,11213.89
2020-07-31 16:07:00,11180.1
2020-07-31 17:07:00,11208.29
2020-07-31 18:07:00,11319.11
2020-07-31 19:07:00,11371.91
2020-07-31 20:07:00,11321.97
2020-07-31 21:07:00,11279.42
2020-07-31 22:07:00,11294.81
2020-07-31 23:07:00,11373.27
2020-07-31 24:07:00,11391.45
2020-08-01 01:08:00,11363.58
2020-08-01 02:08:00,11325.47
2020-08-01 03:08:00,11301.81
2020-08-01 04:08:00,11285.5
2020-08-01 05:08:00,11317.86
2020-08-01 06:08:00,11375.51
2020-08-01 07:08:00,11391.81
2020-08-01 08:08:00,11518.43
2020-08-01 09:08:00,11660.16
2020-08-01 10:08:00,11625.43
2020-08-01 11:08:00,11682.98
2020-08-01 12:08:00,11691.87
2020-08-01 13:08:00,11657.97
2020-08-01 14:08:00,11627.95
2020-08-01 15:08:00,11670.04
2020-08-01 16:08:00,11574.16
2020-08-01 17:08:00,11561.55
2020-08-01 18:08:00,11622.81
2020-08-01 19:08:00,11667.1
2020-08-01 20:08:00,11713.13
2020-08-01 21:08:00,11659.23
2020-08-01 22:08:00,11793.25
2020-08-01 23:08:00,11801.35
2020-08-01 24:08:00,11823.64
2020-08-02 01:08:00,11761.79
2020-08-02 02:08:00,11783.27
2020-08-02 03:08:00,11802.64
2020-08-02 04:08:00,11878.1
2020-08-02 05:08:00,11931.75
2020-08-02 06:08:00,11945.94
2020-08-02 07:08:00,11477.58
2020-08-02 08:08:00,11282.05
2020-08-02 09:08:00,11278.85
2020-08-02 10:08:00,11334.04
2020-08-02 11:08:00,11308.8
2020-08-02 12:08:00,11278.68
2020-08-02 13:08:00,11218.72
2020-08-02 14:08:00,11084.05
2020-08-02 15:08:00,11081.33
2020-08-02 16:08:00,11084.65
2020-08-02 17:08:00,11130.08
2020-08-02 18:08:00,11122.54
2020-08-02 19:08:00,11157.04
2020-08-02 20:08:00,11228.45
2020-08-02 21:08:00,11239.41
2020-08-02 22:08:00,11192.27
2020-08-02 23:08:00,11144.52
2020-08-02 24:08:00,11089.37
2020-08-03 01:08:00,11147.07
2020-08-03 02:08:00,11091.36
2020-08-03 03:08:00,11028.97
2020-08-03 04:08:00,11138.12
2020-08-03 05:08:00,11172.1
2020-08-03 06:08:00,11153.56
2020-08-03 07:08:00,11159.04
2020-08-03 08:08:00,11159.94
2020-08-03 09:08:00,11200.02
2020-08-03 10:08:00,11208.62
2020-08-03 11:08:00,11212.63
2020-08-03 12:08:00,11165.81
2020-08-03 13:08:00,11160.7
2020-08-03 14:08:00,11212.23
2020-08-03 15:08:00,11224.1
2020-08-03 16:08:00,11271.11
2020-08-03 17:08:00,11308.97
2020-08-03 18:08:00,11370.9
2020-08-03 19:08:00,11422.19
2020-08-03 20:08:00,11399.88
2020-08-03 21:08:00,11408.2
2020-08-03 22:08:00,11386.44
2020-08-03 23:08:00,11389.82
2020-08-03 24:08:00,11298.93
2020-08-04 01:08:00,11248.92
2020-08-04 02:08:00,11211.27
2020-08-04 03:08:00,11348.58
2020-08-04 04:08:00,11351.49
2020-08-04 05:08:00,11316.03
2020-08-04 06:08:00,11267.35
2020-08-04 07:08:00,11279.34
2020-08-04 08:08:00,11290.13
2020-08-04 09:08:00,11246.68
2020-08-04 10:08:00,11289.29
2020-08-04 11:08:00,11294.11
2020-08-04 12:08:00,11254.51
2020-08-04 13:08:00,11252.08
2020-08-04 14:08:00,11155.77
2020-08-04 15:08:00,11143.27
2020-08-04 16:08:00,11090.18
2020-08-04 17:08:00,11163.9
2020-08-04 18:08:00,11207.16
2020-08-04 19:08:00,11178.98
2020-08-04 20:08:00,11207.66
2020-08-04 21:08:00,11245.02
2020-08-04 22:08:00,11232.45
2020-08-04 23:08:00,11247.47
2020-08-04 24:08:00,11216.21
2020-08-05 01:08:00,11229.26
2020-08-05 02:08:00,11204.12
2020-08-05 03:08:00,11177.47
2020-08-05 04:08:00,11134.16
2020-08-05 05:08:00,11172.32
2020-08-05 06:08:00,11210.71
2020-08-05 07:08:00,11244.03
2020-08-05 08:08:00,11255.17
2020-08-05 09:08:00,11298.2
2020-08-05 10:08:00,11288.01
2020-08-05 11:08:00,11294.96
2020-08-05 12:08:00,11359.99
2020-08-05 13:08:00,11398.44
2020-08-05 14:08:00,11420.8
2020-08-05 15:08:00,11507.79
2020-08-05 16:08:00,11595.46
2020-08-05 17:08:00,11601.79
2020-08-05 18:08:00,11664.78
2020-08-05 19:08:00,11675.94
2020-08-05 20:08:00,11661.86
2020-08-05 21:08:00,11668.86
2020-08-05 22:08:00,11676.81
2020-08-05 23:08:00,11676.75
2020-08-05 24:08:00,11757.28
2020-08-06 01:08:00,11627.23
2020-08-06 02:08:00,11697.22
2020-08-06 03:08:00,11744.76
2020-08-06 04:08:00,11678.86
2020-08-06 05:08:00,11663.87
2020-08-06 06:08:00,11656.33
2020-08-06 07:08:00,11611.85
2020-08-06 08:08:00,11615.36
2020-08-06 09:08:00,11668.29
2020-08-06 10:08:00,11653.03
2020-08-06 11:08:00,11693.37
2020-08-06 12:08:00,11734.03
2020-08-06 13:08:00,11709.44
2020-08-06 14:08:00,11701.77
2020-08-06 15:08:00,11752.23
2020-08-06 16:08:00,11819.61
2020-08-06 17:08:00,11834.85
2020-08-06 18:08:00,11836.69
2020-08-06 19:08:00,11844.39
2020-08-06 20:08:00,11836.18
2020-08-06 21:08:00,11843.95
2020-08-06 22:08:00,11883.39
2020-08-06 23:08:00,11856.25
2020-08-06 24:08:00,11766.23
2020-08-07 01:08:00,11767.89
2020-08-07 02:08:00,11753.84
2020-08-07 03:08:00,11793.61
2020-08-07 04:08:00,11826.71
2020-08-07 05:08:00,11879.64
2020-08-07 06:08:00,11861.31
2020-08-07 07:08:00,11812.8
2020-08-07 08:08:00,11774.13
2020-08-07 09:08:00,11804.32
2020-08-07 10:08:00,11784.06
2020-08-07 11:08:00,11798.09
2020-08-07 12:08:00,11814.08
2020-08-07 13:08:00,11800.68
2020-08-07 14:08:00,11756.96
2020-08-07 15:08:00,11729.74
2020-08-07 16:08:00,11741.52
2020-08-07 17:08:00,11629.84
2020-08-07 18:08:00,11652.25
2020-08-07 19:08:00,11624.11
2020-08-07 20:08:00,11558.01
2020-08-07 21:08:00,11443.2
2020-08-07 22:08:00,11517.39
2020-08-07 23:08:00,11567.03
2020-08-07 24:08:00,11594.09
2020-08-08 01:08:00,11622.3
2020-08-08 02:08:00,11600.52
2020-08-08 03:08:00,11587.68
2020-08-08 04:08:00,11634.63
2020-08-08 05:08:00,11620.58
2020-08-08 06:08:00,11579.93
2020-08-08 07:08:00,11568.81
2020-08-08 08:08:00,11580.81
2020-08-08 09:08:00,11610.19
2020-08-08 10:08:00,11616.64
2020-08-08 11:08:00,11595.33
2020-08-08 12:08:00,11684.45
2020-08-08 13:08:00,11759
2020-08-08 14:08:00,11769.97
2020-08-08 15:08:00,11782.64
2020-08-08 16:08:00,11757.45
2020-08-08 17:08:00,11738.09
2020-08-08 18:08:00,11767.11
2020-08-08 19:08:00,11674.66
2020-08-08 20:08:00,11682.31
2020-08-08 21:08:00,11676.95
2020-08-08 22:08:00,11691.94
2020-08-08 23:08:00,11695.26
2020-08-08 24:08:00,11751.47
2020-08-09 01:08:00,11744.93
2020-08-09 02:08:00,11726.1
2020-08-09 03:08:00,11781.22
2020-08-09 04:08:00,11711.11
2020-08-09 05:08:00,11716.86
2020-08-09 06:08:00,11752.46
2020-08-09 07:08:00,11717.37
2020-08-09 08:08:00,11689.82
2020-08-09 09:08:00,11671.66
2020-08-09 10:08:00,11694.14
2020-08-09 11:08:00,11691
2020-08-09 12:08:00,11673.86
2020-08-09 13:08:00,11655.91
2020-08-09 14:08:00,11696.19
2020-08-09 15:08:00,11659.48
2020-08-09 16:08:00,11642.58
2020-08-09 17:08:00,11595.04
2020-08-09 18:08:00,11584.21
2020-08-09 19:08:00,11608.24
2020-08-09 20:08:00,11566.85
2020-08-09 21:08:00,11596.92
2020-08-09 22:08:00,11644.55
2020-08-09 23:08:00,11659.22
2020-08-09 24:08:00,11655.92
2020-08-10 01:08:00,11674.04
2020-08-10 02:08:00,11675.97
2020-08-10 03:08:00,11738.16
2020-08-10 04:08:00,11803.97
2020-08-10 05:08:00,11985.47
2020-08-10 06:08:00,12031.7
2020-08-10 07:08:00,12024.09
2020-08-10 08:08:00,11973.21
2020-08-10 09:08:00,11985.44
2020-08-10 10:08:00,11989.94
2020-08-10 11:08:00,11994.45
2020-08-10 12:08:00,11980.81
2020-08-10 13:08:00,11794.85
2020-08-10 14:08:00,11733.71
2020-08-10 15:08:00,11835.39
2020-08-10 16:08:00,11904.59
2020-08-10 17:08:00,11931.66
2020-08-10 18:08:00,11903.19
2020-08-10 19:08:00,11900.84
2020-08-10 20:08:00,11875.84
2020-08-10 21:08:00,11894.62
2020-08-10 22:08:00,11869.89
2020-08-10 23:08:00,11843.37
2020-08-10 24:08:00,11827.56
2020-08-11 01:08:00,11812.58
2020-08-11 02:08:00,11857.39
2020-08-11 03:08:00,11884.43
2020-08-11 04:08:00,11907.6
2020-08-11 05:08:00,11899.47
2020-08-11 06:08:00,11850.27
2020-08-11 07:08:00,11841.64
2020-08-11 08:08:00,11843.35
2020-08-11 09:08:00,11781
2020-08-11 10:08:00,11752.23
2020-08-11 11:08:00,11743.14
2020-08-11 12:08:00,11739.93
2020-08-11 13:08:00,11701.76
2020-08-11 14:08:00,11743.1
2020-08-11 15:08:00,11689.48
2020-08-11 16:08:00,11625.97
2020-08-11 17:08:00,11584.02
2020-08-11 18:08:00,11486.84
2020-08-11 19:08:00,11402.17
2020-08-11 20:08:00,11463.23
2020-08-11 21:08:00,11459.72
2020-08-11 22:08:00,11423
2020-08-11 23:08:00,11265.24
2020-08-11 24:08:00,11242.51
2020-08-12 01:08:00,11327.81
2020-08-12 02:08:00,11386.02
2020-08-12 03:08:00,11364.63
2020-08-12 04:08:00,11365.24
2020-08-12 05:08:00,11275.81
2020-08-12 06:08:00,11326.74
2020-08-12 07:08:00,11349.6
2020-08-12 08:08:00,11294.57
2020-08-12 09:08:00,11254.23
2020-08-12 10:08:00,11398.38
2020-08-12 11:08:00,11458.69
2020-08-12 12:08:00,11479.69
2020-08-12 13:08:00,11512.7
2020-08-12 14:08:00,11484.9
2020-08-12 15:08:00,11477.79
2020-08-12 16:08:00,11528.14
2020-08-12 17:08:00,11568.44
2020-08-12 18:08:00,11588.62
2020-08-12 19:08:00,11575.49
2020-08-12 20:08:00,11522.51
2020-08-12 21:08:00,11530.97
2020-08-12 22:08:00,11567.83
2020-08-12 23:08:00,11574.85
2020-08-12 24:08:00,11521.67
2020-08-13 01:08:00,11559.65
2020-08-13 02:08:00,11580.33
2020-08-13 03:08:00,11622.14
2020-08-13 04:08:00,11619.67
2020-08-13 05:08:00,11585.59
2020-08-13 06:08:00,11564.79
2020-08-13 07:08:00,11572.52
2020-08-13 08:08:00,11536.58
2020-08-13 09:08:00,11535.71
2020-08-13 10:08:00,11528.95
2020-08-13 11:08:00,11453.55
2020-08-13 12:08:00,11354.84
2020-08-13 13:08:00,11397.46
2020-08-13 14:08:00,11558.27
2020-08-13 15:08:00,11482.63
2020-08-13 16:08:00,11482.71
2020-08-13 17:08:00,11517.75
2020-08-13 18:08:00,11496.17
2020-08-13 19:08:00,11492.5
2020-08-13 20:08:00,11516.78
2020-08-13 21:08:00,11512.71
2020-08-13 22:08:00,11521.09
2020-08-13 23:08:00,11582.86
2020-08-13 24:08:00,11674.4
2020-08-14 01:08:00,11767.68
2020-08-14 02:08:00,11761.31
2020-08-14 03:08:00,11795.9
2020-08-14 04:08:00,11767.33
2020-08-14 05:08:00,11777.89
2020-08-14 06:08:00,11725.9
2020-08-14 07:08:00,11743.74
2020-08-14 08:08:00,11721.7
2020-08-14 09:08:00,11707.18
2020-08-14 10:08:00,11694.89
2020-08-14 11:08:00,11715.11
2020-08-14 12:08:00,11691.49
2020-08-14 13:08:00,11745.93
2020-08-14 14:08:00,11745.75
2020-08-14 15:08:00,11745.69
2020-08-14 16:08:00,11700.99
2020-08-14 17:08:00,11694.9
2020-08-14 18:08:00,11704.76
2020-08-14 19:08:00,11815.83
2020-08-14 20:08:00,11814.87
2020-08-14 21:08:00,11819.95
2020-08-14 22:08:00,11811.59
2020-08-14 23:08:00,11787.67
2020-08-14 24:08:00,11751.35
2020-08-15 01:08:00,11758.37
2020-08-15 02:08:00,11763.57
2020-08-15 03:08:00,11919.95
2020-08-15 04:08:00,11911.72
2020-08-15 05:08:00,11914.19
2020-08-15 06:08:00,11883.32
2020-08-15 07:08:00,11860.86
2020-08-15 08:08:00,11865.04
2020-08-15 09:08:00,11905.43
2020-08-15 10:08:00,11880.45
2020-08-15 11:08:00,11889.61
2020-08-15 12:08:00,11886.42
2020-08-15 13:08:00,11894.74
2020-08-15 14:08:00,11870.25
2020-08-15 15:08:00,11782.74
2020-08-15 16:08:00,11783.67
2020-08-15 17:08:00,11810.29
2020-08-15 18:08:00,11851.56
2020-08-15 19:08:00,11867.82
2020-08-15 20:08:00,11866.01
2020-08-15 21:08:00,11867.05
2020-08-15 22:08:00,11862.01
2020-08-15 23:08:00,11858.27
2020-08-15 24:08:00,11912.35
2020-08-16 01:08:00,11915.42
2020-08-16 02:08:00,11848.15
2020-08-16 03:08:00,11829.74
2020-08-16 04:08:00,11844.26
2020-08-16 05:08:00,11866.05
2020-08-16 06:08:00,11894.57
2020-08-16 07:08:00,11894.33
2020-08-16 08:08:00,11892.4
2020-08-16 09:08:00,11881.45
2020-08-16 10:08:00,11871.12
2020-08-16 11:08:00,11844.92
2020-08-16 12:08:00,11863.32
2020-08-16 13:08:00,11814.22
2020-08-16 14:08:00,11767.69
2020-08-16 15:08:00,11758.16
2020-08-16 16:08:00,11796.17
2020-08-16 17:08:00,11811.85
2020-08-16 18:08:00,11839.32
2020-08-16 19:08:00,11872.58
2020-08-16 20:08:00,11840.15
2020-08-16 21:08:00,11823.1
2020-08-16 22:08:00,11835.38
2020-08-16 23:08:00,11824.04
2020-08-16 24:08:00,11860.09
2020-08-17 01:08:00,11878.6
2020-08-17 02:08:00,11890.77
2020-08-17 03:08:00,11864.02
2020-08-17 04:08:00,11819.46
2020-08-17 05:08:00,11816.91
2020-08-17 06:08:00,11851.28
2020-08-17 07:08:00,11823.44
2020-08-17 08:08:00,11814.42
2020-08-17 09:08:00,11817.56
2020-08-17 10:08:00,11813.8
2020-08-17 11:08:00,11866.07
2020-08-17 12:08:00,11866.75
2020-08-17 13:08:00,11871.26
2020-08-17 14:08:00,11891.04
2020-08-17 15:08:00,11900.41
2020-08-17 16:08:00,12043.24
2020-08-17 17:08:00,12167.55
2020-08-17 18:08:00,12305.7
2020-08-17 19:08:00,12380.18
2020-08-17 20:08:00,12398.39
2020-08-17 21:08:00,12359.1
2020-08-17 22:08:00,12327.89
2020-08-17 23:08:00,12334.53
2020-08-17 24:08:00,12322.8
2020-08-18 01:08:00,12362.68
2020-08-18 02:08:00,12324.82
2020-08-18 03:08:00,12332.01
2020-08-18 04:08:00,12355.1
2020-08-18 05:08:00,12341.5
2020-08-18 06:08:00,12317.72
2020-08-18 07:08:00,12274.93
2020-08-18 08:08:00,12250.36
2020-08-18 09:08:00,12228.75
2020-08-18 10:08:00,12250.2
2020-08-18 11:08:00,12264.06
2020-08-18 12:08:00,12241.33
2020-08-18 13:08:00,12243.37
2020-08-18 14:08:00,12233.13
2020-08-18 15:08:00,12216.58
2020-08-18 16:08:00,12197.94
2020-08-18 17:08:00,11976.98
2020-08-18 18:08:00,11978.22
2020-08-18 19:08:00,11951.02
2020-08-18 20:08:00,12009.58
2020-08-18 21:08:00,11991.56
2020-08-18 22:08:00,12008.36
2020-08-18 23:08:00,12024.76
2020-08-18 24:08:00,12066.88
2020-08-19 01:08:00,12060.62
2020-08-19 02:08:00,11999.2
2020-08-19 03:08:00,11968.95
2020-08-19 04:08:00,11995.16
2020-08-19 05:08:00,11928.72
2020-08-19 06:08:00,11897.6
2020-08-19 07:08:00,11757.31
2020-08-19 08:08:00,11748.37
2020-08-19 09:08:00,11680.7
2020-08-19 10:08:00,11777.45
2020-08-19 11:08:00,11816.56
2020-08-19 12:08:00,11825.14
2020-08-19 13:08:00,11778.35
2020-08-19 14:08:00,11845.47
2020-08-19 15:08:00,11842.05
2020-08-19 16:08:00,11873.03
2020-08-19 17:08:00,11834.51
2020-08-19 18:08:00,11740.69
2020-08-19 19:08:00,11729.38
2020-08-19 20:08:00,11755.78
2020-08-19 21:08:00,11713.88
2020-08-19 22:08:00,11704.49
2020-08-19 23:08:00,11663.88
2020-08-19 24:08:00,11736.69
2020-08-20 01:08:00,11753.25
2020-08-20 02:08:00,11722.64
2020-08-20 03:08:00,11803.07
2020-08-20 04:08:00,11784.3
2020-08-20 05:08:00,11745.78
2020-08-20 06:08:00,11731.72
2020-08-20 07:08:00,11721.95
2020-08-20 08:08:00,11706.33
2020-08-20 09:08:00,11749.24
2020-08-20 10:08:00,11740.11
2020-08-20 11:08:00,11735.65
2020-08-20 12:08:00,11773.95
2020-08-20 13:08:00,11777.42
2020-08-20 14:08:00,11784.89
2020-08-20 15:08:00,11813.54
2020-08-20 16:08:00,11788.33
2020-08-20 17:08:00,11828.43
2020-08-20 18:08:00,11843.9
2020-08-20 19:08:00,11859.8
2020-08-20 20:08:00,11838.91
2020-08-20 21:08:00,11856.06
2020-08-20 22:08:00,11861.34
2020-08-20 23:08:00,11872.97
2020-08-20 24:08:00,11858.52
2020-08-21 01:08:00,11828.74
2020-08-21 02:08:00,11864.17
2020-08-21 03:08:00,11850.75
2020-08-21 04:08:00,11824.08
2020-08-21 05:08:00,11818.13
2020-08-21 06:08:00,11827.6
2020-08-21 07:08:00,11854.52
2020-08-21 08:08:00,11856.31
2020-08-21 09:08:00,11830.86
2020-08-21 10:08:00,11838.97
2020-08-21 11:08:00,11817.28
2020-08-21 12:08:00,11809.51
2020-08-21 13:08:00,11767.62
2020-08-21 14:08:00,11732.32
2020-08-21 15:08:00,11695.12
2020-08-21 16:08:00,11732.42
2020-08-21 17:08:00,11720.11
2020-08-21 18:08:00,11739.62
2020-08-21 19:08:00,11715.71
2020-08-21 20:08:00,11698.72
2020-08-21 21:08:00,11650.94
2020-08-21 22:08:00,11696.71
2020-08-21 23:08:00,11681.21
2020-08-21 24:08:00,11566.37
2020-08-22 01:08:00,11570.45
2020-08-22 02:08:00,11528.36
2020-08-22 03:08:00,11456.75
2020-08-22 04:08:00,11416.22
2020-08-22 05:08:00,11454.09
2020-08-22 06:08:00,11464.29
2020-08-22 07:08:00,11445.35
2020-08-22 08:08:00,11458.84
2020-08-22 09:08:00,11532.02
2020-08-22 10:08:00,11565.36
2020-08-22 11:08:00,11589.51
2020-08-22 12:08:00,11570.72
2020-08-22 13:08:00,11582.51
2020-08-22 14:08:00,11562.12
2020-08-22 15:08:00,11588.7
2020-08-22 16:08:00,11580.15
2020-08-22 17:08:00,11608.44
2020-08-22 18:08:00,11609.85
2020-08-22 19:08:00,11571.69
2020-08-22 20:08:00,11588.67
2020-08-22 21:08:00,11607.85
2020-08-22 22:08:00,11595.33
2020-08-22 23:08:00,11594.29
2020-08-22 24:08:00,11650.62
2020-08-23 01:08:00,11663.3
2020-08-23 02:08:00,11674.33
2020-08-23 03:08:00,11657.87
2020-08-23 04:08:00,11641.53
2020-08-23 05:08:00,11622.9
2020-08-23 06:08:00,11606.83
2020-08-23 07:08:00,11597.1
2020-08-23 08:08:00,11582.73
2020-08-23 09:08:00,11593.95
2020-08-23 10:08:00,11613.87
2020-08-23 11:08:00,11586.29
2020-08-23 12:08:00,11584.9
2020-08-23 13:08:00,11558.64
2020-08-23 14:08:00,11540.32
2020-08-23 15:08:00,11551.16
2020-08-23 16:08:00,11608.95
2020-08-23 17:08:00,11610.06
2020-08-23 18:08:00,11642.7
2020-08-23 19:08:00,11638.16
2020-08-23 20:08:00,11643.1
2020-08-23 21:08:00,11659.63
2020-08-23 22:08:00,11675.36
2020-08-23 23:08:00,11700.81
2020-08-23 24:08:00,11661.19
2020-08-24 01:08:00,11661.14
2020-08-24 02:08:00,11669.63
2020-08-24 03:08:00,11620.52
2020-08-24 04:08:00,11624.92
2020-08-24 05:08:00,11655.81
2020-08-24 06:08:00,11673.97
2020-08-24 07:08:00,11672.85
2020-08-24 08:08:00,11670.71
2020-08-24 09:08:00,11714.74
2020-08-24 10:08:00,11763.8
2020-08-24 11:08:00,11786.7
2020-08-24 12:08:00,11780.64
2020-08-24 13:08:00,11794.44
2020-08-24 14:08:00,11807.62
2020-08-24 15:08:00,11804.4
2020-08-24 16:08:00,11780.48
2020-08-24 17:08:00,11760.58
2020-08-24 18:08:00,11746.51
2020-08-24 19:08:00,11767.09
2020-08-24 20:08:00,11750.28
2020-08-24 21:08:00,11735.59
2020-08-24 22:08:00,11725.29
2020-08-24 23:08:00,11731.34
2020-08-24 24:08:00,11759.8
2020-08-25 01:08:00,11751.56
2020-08-25 02:08:00,11772.4
2020-08-25 03:08:00,11751.12
2020-08-25 04:08:00,11752.22
2020-08-25 05:08:00,11711.26
2020-08-25 06:08:00,11681.24
2020-08-25 07:08:00,11673.47
2020-08-25 08:08:00,11687.13
2020-08-25 09:08:00,11635.54
2020-08-25 10:08:00,11582.09
2020-08-25 11:08:00,11562.58
2020-08-25 12:08:00,11586.58
2020-08-25 13:08:00,11609.59
2020-08-25 14:08:00,11636.61
2020-08-25 15:08:00,11508.8
2020-08-25 16:08:00,11471.34
2020-08-25 17:08:00,11400.06
2020-08-25 18:08:00,11404.22
2020-08-25 19:08:00,11412.23
2020-08-25 20:08:00,11272.94
2020-08-25 21:08:00,11232.03
2020-08-25 22:08:00,11309.27
2020-08-25 23:08:00,11292.7
2020-08-25 24:08:00,11316.24
2020-08-26 01:08:00,11376.77
2020-08-26 02:08:00,11368.9
2020-08-26 03:08:00,11292.61
2020-08-26 04:08:00,11331.84
2020-08-26 05:08:00,11382.5
2020-08-26 06:08:00,11367.26
2020-08-26 07:08:00,11376.26
2020-08-26 08:08:00,11390.87
2020-08-26 09:08:00,11343.46
2020-08-26 10:08:00,11352.33
2020-08-26 11:08:00,11366.7
2020-08-26 12:08:00,11381.1
2020-08-26 13:08:00,11419.54
2020-08-26 14:08:00,11418.18
2020-08-26 15:08:00,11347.25
2020-08-26 16:08:00,11317.28
2020-08-26 17:08:00,11471.51
2020-08-26 18:08:00,11479.96
2020-08-26 19:08:00,11491.47
2020-08-26 20:08:00,11481.35
2020-08-26 21:08:00,11465.39
2020-08-26 22:08:00,11477.99
2020-08-26 23:08:00,11499.91
2020-08-26 24:08:00,11502.84
2020-08-27 01:08:00,11464.9
2020-08-27 02:08:00,11484.41
2020-08-27 03:08:00,11481.37
2020-08-27 04:08:00,11439.41
2020-08-27 05:08:00,11390.65
2020-08-27 06:08:00,11412.89
2020-08-27 07:08:00,11412.7
2020-08-27 08:08:00,11374.67
2020-08-27 09:08:00,11386.78
2020-08-27 10:08:00,11406.51
2020-08-27 11:08:00,11396.22
2020-08-27 12:08:00,11418.98
2020-08-27 13:08:00,11392.14
2020-08-27 14:08:00,11354.53
2020-08-27 15:08:00,11325.32
2020-08-27 16:08:00,11481.24
2020-08-27 17:08:00,11328.91
2020-08-27 18:08:00,11326.08
2020-08-27 19:08:00,11325.67
2020-08-27 20:08:00,11194.23
2020-08-27 21:08:00,11224.8
2020-08-27 22:08:00,11277.22
2020-08-27 23:08:00,11288.01
2020-08-27 24:08:00,11288.16
2020-08-28 01:08:00,11302.77
2020-08-28 02:08:00,11319.83
2020-08-28 03:08:00,11326.8
2020-08-28 04:08:00,11368.6
2020-08-28 05:08:00,11384.23
2020-08-28 06:08:00,11384.31
2020-08-28 07:08:00,11402.63
2020-08-28 08:08:00,11398.6
2020-08-28 09:08:00,11427.98
2020-08-28 10:08:00,11395.9
2020-08-28 11:08:00,11402.7
2020-08-28 12:08:00,11446.53
2020-08-28 13:08:00,11436.45
2020-08-28 14:08:00,11468.73
2020-08-28 15:08:00,11469.52
2020-08-28 16:08:00,11458.26
2020-08-28 17:08:00,11447.99
2020-08-28 18:08:00,11503.96
2020-08-28 19:08:00,11533.3
2020-08-28 20:08:00,11506.22
2020-08-28 21:08:00,11500.17
2020-08-28 22:08:00,11515.16
2020-08-28 23:08:00,11506.7
2020-08-28 24:08:00,11496.93
2020-08-29 01:08:00,11487.39
2020-08-29 02:08:00,11521.81
2020-08-29 03:08:00,11517.14
2020-08-29 04:08:00,11504.1
2020-08-29 05:08:00,11511.07
2020-08-29 06:08:00,11498.85
2020-08-29 07:08:00,11503.59
2020-08-29 08:08:00,11508.6
2020-08-29 09:08:00,11526.21
2020-08-29 10:08:00,11561.43
2020-08-29 11:08:00,11554.16
2020-08-29 12:08:00,11555.11
2020-08-29 13:08:00,11492.4
2020-08-29 14:08:00,11465.02
2020-08-29 15:08:00,11471.45
2020-08-29 16:08:00,11474.6
2020-08-29 17:08:00,11479.36
2020-08-29 18:08:00,11505.68
2020-08-29 19:08:00,11510.15
2020-08-29 20:08:00,11533
2020-08-29 21:08:00,11539.57
2020-08-29 22:08:00,11544.35
2020-08-29 23:08:00,11528.87
2020-08-29 24:08:00,11522.2
2020-08-30 01:08:00,11516.56
2020-08-30 02:08:00,11507.13
2020-08-30 03:08:00,11504.16
2020-08-30 04:08:00,11601.06
2020-08-30 05:08:00,11626.24
2020-08-30 06:08:00,11611.94
2020-08-30 07:08:00,11609.44
2020-08-30 08:08:00,11591.85
2020-08-30 09:08:00,11611.62
2020-08-30 10:08:00,11600.36
2020-08-30 11:08:00,11597.35
2020-08-30 12:08:00,11589.65
2020-08-30 13:08:00,11582.99
2020-08-30 14:08:00,11595.98
2020-08-30 15:08:00,11604.85
2020-08-30 16:08:00,11628.37
2020-08-30 17:08:00,11620.16
2020-08-30 18:08:00,11626.95
2020-08-30 19:08:00,11659.27
2020-08-30 20:08:00,11656.39
2020-08-30 21:08:00,11646.75
2020-08-30 22:08:00,11647.12
2020-08-30 23:08:00,11642.09
2020-08-30 24:08:00,11626.66
2020-08-31 01:08:00,11637.65
2020-08-31 02:08:00,11694.92
2020-08-31 03:08:00,11713.44
2020-08-31 04:08:00,11697.58
2020-08-31 05:08:00,11693.44
2020-08-31 06:08:00,11684.73
2020-08-31 07:08:00,11684.69
2020-08-31 08:08:00,11673.74
2020-08-31 09:08:00,11664.43
2020-08-31 10:08:00,11636.34
2020-08-31 11:08:00,11603.68
2020-08-31 12:08:00,11614.46
2020-08-31 13:08:00,11616.55
2020-08-31 14:08:00,11675.73
2020-08-31 15:08:00,11710.38
2020-08-31 16:08:00,11743.09
2020-08-31 17:08:00,11719.95
2020-08-31 18:08:00,11734.51
2020-08-31 19:08:00,11735.21
2020-08-31 20:08:00,11723.38
2020-08-31 21:08:00,11721.65
2020-08-31 22:08:00,11726.11
2020-08-31 23:08:00,11688.88
2020-08-31 24:08:00,11664.1
2020-09-01 01:09:00,11666.77
2020-09-01 02:09:00,11678.24
2020-09-01 03:09:00,11599.6
2020-09-01 04:09:00,11619.27
2020-09-01 05:09:00,11629.53
2020-09-01 06:09:00,11676.29
2020-09-01 07:09:00,11710.09
2020-09-01 08:09:00,11752.55
2020-09-01 09:09:00,11830.86
2020-09-01 10:09:00,11900.58
2020-09-01 11:09:00,11914.86
2020-09-01 12:09:00,11925.7
2020-09-01 13:09:00,11931.74
2020-09-01 14:09:00,11892.58
2020-09-01 15:09:00,11885.69
2020-09-01 16:09:00,11881.71
2020-09-01 17:09:00,11859.21
2020-09-01 18:09:00,11979.52
2020-09-01 19:09:00,12022.44
2020-09-01 20:09:00,11979.88
2020-09-01 21:09:00,11989.14
2020-09-01 22:09:00,11989.35
2020-09-01 23:09:00,11982.67
2020-09-01 24:09:00,12010.27
2020-09-02 01:09:00,11997.42
2020-09-02 02:09:00,11956.86
2020-09-02 03:09:00,11924.22
2020-09-02 04:09:00,11896.52
2020-09-02 05:09:00,11878.68
2020-09-02 06:09:00,11848.49
2020-09-02 07:09:00,11869.39
2020-09-02 08:09:00,11868.06
2020-09-02 09:09:00,11793.38
2020-09-02 10:09:00,11767.93
2020-09-02 11:09:00,11710.83
2020-09-02 12:09:00,11730.76
2020-09-02 13:09:00,11620.07
2020-09-02 14:09:00,11375.15
2020-09-02 15:09:00,11430.59
2020-09-02 16:09:00,11384.08
2020-09-02 17:09:00,11318.96
2020-09-02 18:09:00,11328.36
2020-09-02 19:09:00,11302.35
2020-09-02 20:09:00,11339.98
2020-09-02 21:09:00,11378.04
2020-09-02 22:09:00,11388.7
2020-09-02 23:09:00,11361.78
2020-09-02 24:09:00,11376.26
2020-09-03 01:09:00,11419.86
2020-09-03 02:09:00,11418.9
2020-09-03 03:09:00,11422.21
2020-09-03 04:09:00,11417
2020-09-03 05:09:00,11426.92
2020-09-03 06:09:00,11388.76
2020-09-03 07:09:00,11339.25
2020-09-03 08:09:00,11309.9
2020-09-03 09:09:00,11301.35
2020-09-03 10:09:00,11358.16
2020-09-03 11:09:00,11415.27
2020-09-03 12:09:00,11380.71
2020-09-03 13:09:00,11303.88
2020-09-03 14:09:00,11246.23
2020-09-03 15:09:00,10902.71
2020-09-03 16:09:00,10855.27
2020-09-03 17:09:00,10871.92
2020-09-03 18:09:00,10677.06
2020-09-03 19:09:00,10669.53
2020-09-03 20:09:00,10698.13
2020-09-03 21:09:00,10699.9
2020-09-03 22:09:00,10671.3
2020-09-03 23:09:00,10747.96
2020-09-03 24:09:00,10753.11
2020-09-04 01:09:00,10702.4
2020-09-04 02:09:00,10289.22
2020-09-04 03:09:00,10259.83
2020-09-04 04:09:00,10294.23
2020-09-04 05:09:00,10234.86
2020-09-04 06:09:00,10279.4
2020-09-04 07:09:00,10290.36
2020-09-04 08:09:00,10303.61
2020-09-04 09:09:00,10287.42
2020-09-04 10:09:00,10241.15
2020-09-04 11:09:00,10402.79
2020-09-04 12:09:00,10464.9
2020-09-04 13:09:00,10514.14
2020-09-04 14:09:00,10439.47
2020-09-04 15:09:00,10448.26
2020-09-04 16:09:00,10455.27
2020-09-04 17:09:00,10243.93
2020-09-04 18:09:00,10288.54
2020-09-04 19:09:00,10414.95
2020-09-04 20:09:00,10428.02
2020-09-04 21:09:00,10440.02
2020-09-04 22:09:00,10532.14
2020-09-04 23:09:00,10585.85
2020-09-04 24:09:00,10596.82
2020-09-05 01:09:00,10545.5
2020-09-05 02:09:00,10472.9
2020-09-05 03:09:00,10523.85
2020-09-05 04:09:00,10473.66
2020-09-05 05:09:00,10465.52
2020-09-05 06:09:00,10436.54
2020-09-05 07:09:00,10440.32
2020-09-05 08:09:00,10436.46
2020-09-05 09:09:00,10459.48
2020-09-05 10:09:00,10439.33
2020-09-05 11:09:00,10380.16
2020-09-05 12:09:00,10344.56
2020-09-05 13:09:00,10313.92
2020-09-05 14:09:00,10220.52
2020-09-05 15:09:00,10086.88
2020-09-05 16:09:00,10196.2
2020-09-05 17:09:00,10290.57
2020-09-05 18:09:00,10298.74
2020-09-05 19:09:00,10208.57
2020-09-05 20:09:00,10152.76
2020-09-05 21:09:00,10032.8
2020-09-05 22:09:00,10005.28
2020-09-05 23:09:00,10019.69
2020-09-05 24:09:00,10074.62
2020-09-06 01:09:00,10067.44
2020-09-06 02:09:00,10101.15
2020-09-06 03:09:00,10200.43
2020-09-06 04:09:00,10195.95
2020-09-06 05:09:00,10131.83
2020-09-06 06:09:00,10167
2020-09-06 07:09:00,10132.19
2020-09-06 08:09:00,10085.34
2020-09-06 09:09:00,10119.23
2020-09-06 10:09:00,10216.12
2020-09-06 11:09:00,10234.4
2020-09-06 12:09:00,10230.75
2020-09-06 13:09:00,10221.4
2020-09-06 14:09:00,10252.03
2020-09-06 15:09:00,10279.53
2020-09-06 16:09:00,10227.46
2020-09-06 17:09:00,10235.78
2020-09-06 18:09:00,10182.52
2020-09-06 19:09:00,10224.04
2020-09-06 20:09:00,10242.23
2020-09-06 21:09:00,10231.28
2020-09-06 22:09:00,10268.78
2020-09-06 23:09:00,10260.08
2020-09-06 24:09:00,10321.1
2020-09-07 01:09:00,10250.03
2020-09-07 02:09:00,10257.56
2020-09-07 03:09:00,10286.37
2020-09-07 04:09:00,10267.45
2020-09-07 05:09:00,10235.19
2020-09-07 06:09:00,10219.11
2020-09-07 07:09:00,10209.5
2020-09-07 08:09:00,10142.26
2020-09-07 09:09:00,10105.95
2020-09-07 10:09:00,10128.56
2020-09-07 11:09:00,10163.31
2020-09-07 12:09:00,10150.89
2020-09-07 13:09:00,10110.53
2020-09-07 14:09:00,10063.46
2020-09-07 15:09:00,9978.52
2020-09-07 16:09:00,10014.21
2020-09-07 17:09:00,10051.9
2020-09-07 18:09:00,10108.1
2020-09-07 19:09:00,10189.94
2020-09-07 20:09:00,10178.03
2020-09-07 21:09:00,10184.73
2020-09-07 22:09:00,10183.34
2020-09-07 23:09:00,10129.11
2020-09-07 24:09:00,10169.11
2020-09-08 01:09:00,10316.54
2020-09-08 02:09:00,10375.18
2020-09-08 03:09:00,10383.8
2020-09-08 04:09:00,10346.43
2020-09-08 05:09:00,10339.25
2020-09-08 06:09:00,10328.58
2020-09-08 07:09:00,10287.89
2020-09-08 08:09:00,10264.91
2020-09-08 09:09:00,10273.09
2020-09-08 10:09:00,10282.34
2020-09-08 11:09:00,10230.43
2020-09-08 12:09:00,10111.95
2020-09-08 13:09:00,10030.82
2020-09-08 14:09:00,9999.25
2020-09-08 15:09:00,9993.46
2020-09-08 16:09:00,9978.72
2020-09-08 17:09:00,10094.05
2020-09-08 18:09:00,10122.52
2020-09-08 19:09:00,10141.95
2020-09-08 20:09:00,10147.5
2020-09-08 21:09:00,10037.26
2020-09-08 22:09:00,10008.01
2020-09-08 23:09:00,10026.71
2020-09-08 24:09:00,10009.59
2020-09-09 01:09:00,10007.21
2020-09-09 02:09:00,10119.85
2020-09-09 03:09:00,10125.61
2020-09-09 04:09:00,10116.79
2020-09-09 05:09:00,10043.4
2020-09-09 06:09:00,10015.15
2020-09-09 07:09:00,10071.23
2020-09-09 08:09:00,10116.63
2020-09-09 09:09:00,10098.24
2020-09-09 10:09:00,10161.15
2020-09-09 11:09:00,10180.37
2020-09-09 12:09:00,10191.32
2020-09-09 13:09:00,10181.17
2020-09-09 14:09:00,10237.03
2020-09-09 15:09:00,10216.95
2020-09-09 16:09:00,10231.93
2020-09-09 17:09:00,10241.02
2020-09-09 18:09:00,10271.84
2020-09-09 19:09:00,10238.4
2020-09-09 20:09:00,10254.02
2020-09-09 21:09:00,10305.97
2020-09-09 22:09:00,10319.45
2020-09-09 23:09:00,10283.84
2020-09-09 24:09:00,10266.23
2020-09-10 01:09:00,10268.79
2020-09-10 02:09:00,10228.58
2020-09-10 03:09:00,10291.83
2020-09-10 04:09:00,10360.6
2020-09-10 05:09:00,10388.28
2020-09-10 06:09:00,10372.95
2020-09-10 07:09:00,10389.52
2020-09-10 08:09:00,10388.78
2020-09-10 09:09:00,10353.66
2020-09-10 10:09:00,10316.77
2020-09-10 11:09:00,10290.65
2020-09-10 12:09:00,10276.65
2020-09-10 13:09:00,10293.65
2020-09-10 14:09:00,10295.59
2020-09-10 15:09:00,10349.46
2020-09-10 16:09:00,10408.62
2020-09-10 17:09:00,10438.19
2020-09-10 18:09:00,10392.03
2020-09-10 19:09:00,10362.24
2020-09-10 20:09:00,10370.52
2020-09-10 21:09:00,10316.56
2020-09-10 22:09:00,10281.47
2020-09-10 23:09:00,10321.12
2020-09-10 24:09:00,10331.25
2020-09-11 01:09:00,10355.1
2020-09-11 02:09:00,10344.1
2020-09-11 03:09:00,10369.56
2020-09-11 04:09:00,10336.72
2020-09-11 05:09:00,10293.18
2020-09-11 06:09:00,10254.43
2020-09-11 07:09:00,10246
2020-09-11 08:09:00,10262.07
2020-09-11 09:09:00,10275.86
2020-09-11 10:09:00,10266.48
2020-09-11 11:09:00,10293.51
2020-09-11 12:09:00,10327.64
2020-09-11 13:09:00,10305.33
2020-09-11 14:09:00,10303
2020-09-11 15:09:00,10285.39
2020-09-11 16:09:00,10296.63
2020-09-11 17:09:00,10290.9
2020-09-11 18:09:00,10327.04
2020-09-11 19:09:00,10331.23
2020-09-11 20:09:00,10292.67
2020-09-11 21:09:00,10324.64
2020-09-11 22:09:00,10336.33
2020-09-11 23:09:00,10339.85
2020-09-11 24:09:00,10356.3
2020-09-12 01:09:00,10388.7
2020-09-12 02:09:00,10398.57
2020-09-12 03:09:00,10368.08
2020-09-12 04:09:00,10380.71
2020-09-12 05:09:00,10375.59
2020-09-12 06:09:00,10366.27
2020-09-12 07:09:00,10379.81
2020-09-12 08:09:00,10392.61
2020-09-12 09:09:00,10362.49
2020-09-12 10:09:00,10360.83
2020-09-12 11:09:00,10356.02
2020-09-12 12:09:00,10363.28
2020-09-12 13:09:00,10367.09
2020-09-12 14:09:00,10354.87
2020-09-12 15:09:00,10338.07
2020-09-12 16:09:00,10313.31
2020-09-12 17:09:00,10333.69
2020-09-12 18:09:00,10379.4
2020-09-12 19:09:00,10386.13
2020-09-12 20:09:00,10385.32
2020-09-12 21:09:00,10448.04
2020-09-12 22:09:00,10454.02
2020-09-12 23:09:00,10461.07
2020-09-12 24:09:00,10464.05
2020-09-13 01:09:00,10442.93
2020-09-13 02:09:00,10440.03
2020-09-13 03:09:00,10440.21
2020-09-13 04:09:00,10431.12
2020-09-13 05:09:00,10455.99
2020-09-13 06:09:00,10527.61
2020-09-13 07:09:00,10552.6
2020-09-13 08:09:00,10551.95
2020-09-13 09:09:00,10546.73
2020-09-13 10:09:00,10568.09
2020-09-13 11:09:00,10569.18
2020-09-13 12:09:00,10536.98
2020-09-13 13:09:00,10473.56
2020-09-13 14:09:00,10382.07
2020-09-13 15:09:00,10340.6
2020-09-13 16:09:00,10317.11
2020-09-13 17:09:00,10330.19
2020-09-13 18:09:00,10327.92
2020-09-13 19:09:00,10262.77
2020-09-13 20:09:00,10248.87
2020-09-13 21:09:00,10277.05
2020-09-13 22:09:00,10304.57
2020-09-13 23:09:00,10318.72
2020-09-13 24:09:00,10330.12
2020-09-14 01:09:00,10327.8
2020-09-14 02:09:00,10332.33
2020-09-14 03:09:00,10294.97
2020-09-14 04:09:00,10310.89
2020-09-14 05:09:00,10365.95
2020-09-14 06:09:00,10374.65
2020-09-14 07:09:00,10362.02
2020-09-14 08:09:00,10353.4
2020-09-14 09:09:00,10381.85
2020-09-14 10:09:00,10384.08
2020-09-14 11:09:00,10414.99
2020-09-14 12:09:00,10357.5
2020-09-14 13:09:00,10407.85
2020-09-14 14:09:00,10453.62
2020-09-14 15:09:00,10490.37
2020-09-14 16:09:00,10601.86
2020-09-14 17:09:00,10649.29
2020-09-14 18:09:00,10694.37
2020-09-14 19:09:00,10717.16
2020-09-14 20:09:00,10697.88
2020-09-14 21:09:00,10682.38
2020-09-14 22:09:00,10683.45
2020-09-14 23:09:00,10696.21
2020-09-14 24:09:00,10704.7
2020-09-15 01:09:00,10697.24
2020-09-15 02:09:00,10661.65
2020-09-15 03:09:00,10683.7
2020-09-15 04:09:00,10692.58
2020-09-15 05:09:00,10781.43
2020-09-15 06:09:00,10768.9
2020-09-15 07:09:00,10746.09
2020-09-15 08:09:00,10751.8
2020-09-15 09:09:00,10729.85
2020-09-15 10:09:00,10736.73
2020-09-15 11:09:00,10688
2020-09-15 12:09:00,10673.53
2020-09-15 13:09:00,10757.94
2020-09-15 14:09:00,10848.9
2020-09-15 15:09:00,10901.42
2020-09-15 16:09:00,10885.56
2020-09-15 17:09:00,10822.49
2020-09-15 18:09:00,10777.57
2020-09-15 19:09:00,10782.07
2020-09-15 20:09:00,10779.52
2020-09-15 21:09:00,10783.73
2020-09-15 22:09:00,10766.22
2020-09-15 23:09:00,10841.23
2020-09-15 24:09:00,10853.78
2020-09-16 01:09:00,10813.31
2020-09-16 02:09:00,10780.87
2020-09-16 03:09:00,10714.02
2020-09-16 04:09:00,10713.4
2020-09-16 05:09:00,10723.02
2020-09-16 06:09:00,10752.75
2020-09-16 07:09:00,10799.2
2020-09-16 08:09:00,10800.57
2020-09-16 09:09:00,10809.58
2020-09-16 10:09:00,10901.91
2020-09-16 11:09:00,10902.26
2020-09-16 12:09:00,10879.31
2020-09-16 13:09:00,10879.51
2020-09-16 14:09:00,10882.43
2020-09-16 15:09:00,10922.04
2020-09-16 16:09:00,10933
2020-09-16 17:09:00,10903.27
2020-09-16 18:09:00,10978.89
2020-09-16 19:09:00,11052.71
2020-09-16 20:09:00,11035.21
2020-09-16 21:09:00,11030.06
2020-09-16 22:09:00,10995.62
2020-09-16 23:09:00,11017.43
2020-09-16 24:09:00,10993.1
2020-09-17 01:09:00,11022.02
2020-09-17 02:09:00,10978.71
2020-09-17 03:09:00,10990.7
2020-09-17 04:09:00,10963.62
2020-09-17 05:09:00,10933.35
2020-09-17 06:09:00,10904.18
2020-09-17 07:09:00,10890.41
2020-09-17 08:09:00,10918.44
2020-09-17 09:09:00,10887.57
2020-09-17 10:09:00,10877.33
2020-09-17 11:09:00,10890.65
2020-09-17 12:09:00,10880.38
2020-09-17 13:09:00,10828.55
2020-09-17 14:09:00,10849.54
2020-09-17 15:09:00,10847.6
2020-09-17 16:09:00,10786.98
2020-09-17 17:09:00,10831.57
2020-09-17 18:09:00,10864.75
2020-09-17 19:09:00,10830.74
2020-09-17 20:09:00,10858.6
2020-09-17 21:09:00,10904.3
2020-09-17 22:09:00,10912.45
2020-09-17 23:09:00,10928.92
2020-09-17 24:09:00,10948.55
2020-09-18 01:09:00,10937.58
2020-09-18 02:09:00,10933.71
2020-09-18 03:09:00,10923.62
2020-09-18 04:09:00,10908.14
2020-09-18 05:09:00,10925.07
2020-09-18 06:09:00,10939.34
2020-09-18 07:09:00,10907.41
2020-09-18 08:09:00,10924.37
2020-09-18 09:09:00,10946.37
2020-09-18 10:09:00,10957.55
2020-09-18 11:09:00,10952.08
2020-09-18 12:09:00,11002.38
2020-09-18 13:09:00,10995.99
2020-09-18 14:09:00,10992.96
2020-09-18 15:09:00,10980.1
2020-09-18 16:09:00,10955.34
2020-09-18 17:09:00,10942.58
2020-09-18 18:09:00,10909.75
2020-09-18 19:09:00,10877.19
2020-09-18 20:09:00,10849.64
2020-09-18 21:09:00,10855.61
2020-09-18 22:09:00,10870.98
2020-09-18 23:09:00,10889.25
2020-09-18 24:09:00,10916.53
2020-09-19 01:09:00,10937.56
2020-09-19 02:09:00,10922.77
2020-09-19 03:09:00,10962.25
2020-09-19 04:09:00,10965.7
2020-09-19 05:09:00,10965.15
2020-09-19 06:09:00,10975.53
2020-09-19 07:09:00,10974.76
2020-09-19 08:09:00,10959.65
2020-09-19 09:09:00,10955.11
2020-09-19 10:09:00,10943.24
2020-09-19 11:09:00,10918.26
2020-09-19 12:09:00,10954.97
2020-09-19 13:09:00,10973.98
2020-09-19 14:09:00,11067.78
2020-09-19 15:09:00,11109.24
2020-09-19 16:09:00,11104.53
2020-09-19 17:09:00,11088.91
2020-09-19 18:09:00,11082.11
2020-09-19 19:09:00,11095.23
2020-09-19 20:09:00,11088.01
2020-09-19 21:09:00,11046.64
2020-09-19 22:09:00,11066.22
2020-09-19 23:09:00,11073.71
2020-09-19 24:09:00,11063.23
2020-09-20 01:09:00,11054.21
2020-09-20 02:09:00,11073.4
2020-09-20 03:09:00,11065.59
2020-09-20 04:09:00,10982.2
2020-09-20 05:09:00,10953.43
2020-09-20 06:09:00,10942.58
2020-09-20 07:09:00,10973.34
2020-09-20 08:09:00,10974.5
2020-09-20 09:09:00,10973.18
2020-09-20 10:09:00,10981.15
2020-09-20 11:09:00,10971.73
2020-09-20 12:09:00,10958.61
2020-09-20 13:09:00,10969.67
2020-09-20 14:09:00,10971.98
2020-09-20 15:09:00,10880.16
2020-09-20 16:09:00,10839.78
2020-09-20 17:09:00,10861.35
2020-09-20 18:09:00,10862.94
2020-09-20 19:09:00,10820.16
2020-09-20 20:09:00,10881.84
2020-09-20 21:09:00,10895.05
2020-09-20 22:09:00,10887.65
2020-09-20 23:09:00,10863.81
2020-09-20 24:09:00,10873.64
2020-09-21 01:09:00,10860.6
2020-09-21 02:09:00,10921.49
2020-09-21 03:09:00,10940.59
2020-09-21 04:09:00,10964.96
2020-09-21 05:09:00,10959.25
2020-09-21 06:09:00,10951.47
2020-09-21 07:09:00,10978.41
2020-09-21 08:09:00,10954.12
2020-09-21 09:09:00,10964.57
2020-09-21 10:09:00,10924.55
2020-09-21 11:09:00,10862.06
2020-09-21 12:09:00,10766.78
2020-09-21 13:09:00,10684.2
2020-09-21 14:09:00,10622.63
2020-09-21 15:09:00,10559.07
2020-09-21 16:09:00,10608.01
2020-09-21 17:09:00,10457.88
2020-09-21 18:09:00,10404.34
2020-09-21 19:09:00,10385.71
2020-09-21 20:09:00,10408.93
2020-09-21 21:09:00,10404.57
2020-09-21 22:09:00,10478.2
2020-09-21 23:09:00,10511.86
2020-09-21 24:09:00,10495.67
2020-09-22 01:09:00,10499.25
2020-09-22 02:09:00,10462.71
2020-09-22 03:09:00,10449.07
2020-09-22 04:09:00,10430.59
2020-09-22 05:09:00,10445.76
2020-09-22 06:09:00,10459.53
2020-09-22 07:09:00,10473.43
2020-09-22 08:09:00,10461.04
2020-09-22 09:09:00,10456.07
2020-09-22 10:09:00,10404.05
2020-09-22 11:09:00,10434.78
2020-09-22 12:09:00,10463.51
2020-09-22 13:09:00,10460.77
2020-09-22 14:09:00,10487.73
2020-09-22 15:09:00,10474.07
2020-09-22 16:09:00,10497.04
2020-09-22 17:09:00,10482.04
2020-09-22 18:09:00,10450.29
2020-09-22 19:09:00,10479.64
2020-09-22 20:09:00,10469.69
2020-09-22 21:09:00,10499.81
2020-09-22 22:09:00,10488.96
2020-09-22 23:09:00,10508.58
2020-09-22 24:09:00,10540.85
2020-09-23 01:09:00,10526.55
2020-09-23 02:09:00,10534.6
2020-09-23 03:09:00,10535.75
2020-09-23 04:09:00,10535.99
2020-09-23 05:09:00,10543.83
2020-09-23 06:09:00,10508.6
2020-09-23 07:09:00,10482.91
2020-09-23 08:09:00,10484.8
2020-09-23 09:09:00,10446.55
2020-09-23 10:09:00,10426.84
2020-09-23 11:09:00,10472.34
2020-09-23 12:09:00,10499.44
2020-09-23 13:09:00,10493.87
2020-09-23 14:09:00,10509.8
2020-09-23 15:09:00,10513.77
2020-09-23 16:09:00,10528.65
2020-09-23 17:09:00,10487.65
2020-09-23 18:09:00,10478.76
2020-09-23 19:09:00,10487.02
2020-09-23 20:09:00,10483.27
2020-09-23 21:09:00,10443.96
2020-09-23 22:09:00,10325.94
2020-09-23 23:09:00,10252.8
2020-09-23 24:09:00,10258.04
2020-09-24 01:09:00,10284.91
2020-09-24 02:09:00,10260.32
2020-09-24 03:09:00,10264.35
2020-09-24 04:09:00,10308.49
2020-09-24 05:09:00,10324.23
2020-09-24 06:09:00,10326.34
2020-09-24 07:09:00,10317.13
2020-09-24 08:09:00,10305.09
2020-09-24 09:09:00,10331.61
2020-09-24 10:09:00,10334.12
2020-09-24 11:09:00,10353.38
2020-09-24 12:09:00,10333.4
2020-09-24 13:09:00,10352.88
2020-09-24 14:09:00,10414.42
2020-09-24 15:09:00,10405.16
2020-09-24 16:09:00,10373.83
2020-09-24 17:09:00,10402.07
2020-09-24 18:09:00,10483.91
2020-09-24 19:09:00,10645.61
2020-09-24 20:09:00,10688.34
2020-09-24 21:09:00,10647.64
2020-09-24 22:09:00,10634.15
2020-09-24 23:09:00,10660.86
2020-09-24 24:09:00,10657.19
2020-09-25 01:09:00,10720.92
2020-09-25 02:09:00,10746.71
2020-09-25 03:09:00,10725.18
2020-09-25 04:09:00,10714.59
2020-09-25 05:09:00,10711.59
2020-09-25 06:09:00,10700.9
2020-09-25 07:09:00,10687.04
2020-09-25 08:09:00,10672.23
2020-09-25 09:09:00,10658.47
2020-09-25 10:09:00,10698.33
2020-09-25 11:09:00,10643.38
2020-09-25 12:09:00,10611.31
2020-09-25 13:09:00,10610.07
2020-09-25 14:09:00,10618.06
2020-09-25 15:09:00,10645.87
2020-09-25 16:09:00,10624.16
2020-09-25 17:09:00,10607.53
2020-09-25 18:09:00,10632.5
2020-09-25 19:09:00,10658.91
2020-09-25 20:09:00,10683.51
2020-09-25 21:09:00,10733.48
2020-09-25 22:09:00,10718.9
2020-09-25 23:09:00,10746.45
2020-09-25 24:09:00,10741.52
2020-09-26 01:09:00,10718.59
2020-09-26 02:09:00,10698.67
2020-09-26 03:09:00,10707.63
2020-09-26 04:09:00,10703.53
2020-09-26 05:09:00,10719.97
2020-09-26 06:09:00,10739.82
2020-09-26 07:09:00,10722.41
2020-09-26 08:09:00,10769.84
2020-09-26 09:09:00,10767.45
2020-09-26 10:09:00,10730.58
2020-09-26 11:09:00,10724.97
2020-09-26 12:09:00,10713.69
2020-09-26 13:09:00,10731.06
2020-09-26 14:09:00,10734.51
2020-09-26 15:09:00,10712.46
2020-09-26 16:09:00,10712.44
2020-09-26 17:09:00,10731.33
2020-09-26 18:09:00,10736.59
2020-09-26 19:09:00,10735.55
2020-09-26 20:09:00,10753.81
2020-09-26 21:09:00,10769.57
2020-09-26 22:09:00,10738.8
2020-09-26 23:09:00,10742.4
2020-09-26 24:09:00,10747.01
2020-09-27 01:09:00,10747.87
2020-09-27 02:09:00,10750.98
2020-09-27 03:09:00,10763.72
2020-09-27 04:09:00,10794.29
2020-09-27 05:09:00,10786.74
2020-09-27 06:09:00,10794.1
2020-09-27 07:09:00,10796.03
2020-09-27 08:09:00,10794.16
2020-09-27 09:09:00,10700.1
2020-09-27 10:09:00,10688.25
2020-09-27 11:09:00,10655.65
2020-09-27 12:09:00,10653.26
2020-09-27 13:09:00,10669.06
2020-09-27 14:09:00,10661.1
2020-09-27 15:09:00,10643.59
2020-09-27 16:09:00,10685.63
2020-09-27 17:09:00,10684.72
2020-09-27 18:09:00,10706.54
2020-09-27 19:09:00,10758.61
2020-09-27 20:09:00,10738.77
2020-09-27 21:09:00,10741.9
2020-09-27 22:09:00,10734.82
2020-09-27 23:09:00,10738.51
2020-09-27 24:09:00,10738.18
2020-09-28 01:09:00,10755.4
2020-09-28 02:09:00,10759.28
2020-09-28 03:09:00,10880.21
2020-09-28 04:09:00,10916.25
2020-09-28 05:09:00,10929.43
2020-09-28 06:09:00,10899.61
2020-09-28 07:09:00,10894.35
2020-09-28 08:09:00,10909.61
2020-09-28 09:09:00,10880.95
2020-09-28 10:09:00,10866.82
2020-09-28 11:09:00,10878.53
2020-09-28 12:09:00,10864.92
2020-09-28 13:09:00,10881.12
2020-09-28 14:09:00,10889.82
2020-09-28 15:09:00,10905.43
2020-09-28 16:09:00,10916.07
2020-09-28 17:09:00,10893.88
2020-09-28 18:09:00,10900.29
2020-09-28 19:09:00,10892.78
2020-09-28 20:09:00,10897.11
2020-09-28 21:09:00,10869.97
2020-09-28 22:09:00,10856.48
2020-09-28 23:09:00,10871.86
2020-09-28 24:09:00,10871
2020-09-29 01:09:00,10874.19
2020-09-29 02:09:00,10745.11
2020-09-29 03:09:00,10712.5
2020-09-29 04:09:00,10698.49
2020-09-29 05:09:00,10684.25
2020-09-29 06:09:00,10699.17
2020-09-29 07:09:00,10706.61
2020-09-29 08:09:00,10694.21
2020-09-29 09:09:00,10708.44
2020-09-29 10:09:00,10734.94
2020-09-29 11:09:00,10737.37
2020-09-29 12:09:00,10734.73
2020-09-29 13:09:00,10758.19
2020-09-29 14:09:00,10779.48
2020-09-29 15:09:00,10758.73
2020-09-29 16:09:00,10746.06
2020-09-29 17:09:00,10771.29
2020-09-29 18:09:00,10752.2
2020-09-29 19:09:00,10694.92
2020-09-29 20:09:00,10665.02
2020-09-29 21:09:00,10717.7
2020-09-29 22:09:00,10740.43
2020-09-29 23:09:00,10761.51
2020-09-29 24:09:00,10775.38
2020-09-30 01:09:00,10771.43
2020-09-30 02:09:00,10830.7
2020-09-30 03:09:00,10830.7
2020-09-30 04:09:00,10806.79
2020-09-30 05:09:00,10797.51
2020-09-30 06:09:00,10772.77
2020-09-30 07:09:00,10745.74
2020-09-30 08:09:00,10743.35
2020-09-30 09:09:00,10721.35
2020-09-30 10:09:00,10722.65
2020-09-30 11:09:00,10713.27
2020-09-30 12:09:00,10690.45
2020-09-30 13:09:00,10720.82
2020-09-30 14:09:00,10705.97
2020-09-30 15:09:00,10723.77
2020-09-30 16:09:00,10739.95
2020-09-30 17:09:00,10755.39
2020-09-30 18:09:00,10780.92
2020-09-30 19:09:00,10776.25
2020-09-30 20:09:00,10779.01
2020-09-30 21:09:00,10733.21
2020-09-30 22:09:00,10712.56
2020-09-30 23:09:00,10711.65
2020-09-30 24:09:00,10725.75
2020-10-01 01:10:00,10747.93
2020-10-01 02:10:00,10770.45
2020-10-01 03:10:00,10808.8
2020-10-01 04:10:00,10820.94
2020-10-01 05:10:00,10837.01
2020-10-01 06:10:00,10812.3
2020-10-01 07:10:00,10818.61
2020-10-01 08:10:00,10818.22
2020-10-01 09:10:00,10836.91
2020-10-01 10:10:00,10831.69
2020-10-01 11:10:00,10890.88
2020-10-01 12:10:00,10895.95
2020-10-01 13:10:00,10881.68
2020-10-01 14:10:00,10883.63
2020-10-01 15:10:00,10890.63
2020-10-01 16:10:00,10883.94
2020-10-01 17:10:00,10857.94
2020-10-01 18:10:00,10809.12
2020-10-01 19:10:00,10585.81
2020-10-01 20:10:00,10501.08
2020-10-01 21:10:00,10539.39
2020-10-01 22:10:00,10601.15
2020-10-01 23:10:00,10588.49
2020-10-01 24:10:00,10614.01
2020-10-02 01:10:00,10623.94
2020-10-02 02:10:00,10613.2
2020-10-02 03:10:00,10606.62
2020-10-02 04:10:00,10615.18
2020-10-02 05:10:00,10605.81
2020-10-02 06:10:00,10628.38
2020-10-02 07:10:00,10642.86
2020-10-02 08:10:00,10470.05
2020-10-02 09:10:00,10483.75
2020-10-02 10:10:00,10494.45
2020-10-02 11:10:00,10471.54
2020-10-02 12:10:00,10457.48
2020-10-02 13:10:00,10449.58
2020-10-02 14:10:00,10465.61
2020-10-02 15:10:00,10483.05
2020-10-02 16:10:00,10501.95
2020-10-02 17:10:00,10534.91
2020-10-02 18:10:00,10538.33
2020-10-02 19:10:00,10544.5
2020-10-02 20:10:00,10548.17
2020-10-02 21:10:00,10549.77
2020-10-02 22:10:00,10538.43
2020-10-02 23:10:00,10541.08
2020-10-02 24:10:00,10522.81
2020-10-03 01:10:00,10538.44
2020-10-03 02:10:00,10577.06
2020-10-03 03:10:00,10560.44
2020-10-03 04:10:00,10554.42
2020-10-03 05:10:00,10545.82
2020-10-03 06:10:00,10564.11
2020-10-03 07:10:00,10561.92
2020-10-03 08:10:00,10557.56
2020-10-03 09:10:00,10533.92
2020-10-03 10:10:00,10538.6
2020-10-03 11:10:00,10538.75
2020-10-03 12:10:00,10536.18
2020-10-03 13:10:00,10552.99
2020-10-03 14:10:00,10551.44
2020-10-03 15:10:00,10550.69
2020-10-03 16:10:00,10550.58
2020-10-03 17:10:00,10554.2
2020-10-03 18:10:00,10554.6
2020-10-03 19:10:00,10574.79
2020-10-03 20:10:00,10578.08
2020-10-03 21:10:00,10588.36
2020-10-03 22:10:00,10594.79
2020-10-03 23:10:00,10578.09
2020-10-03 24:10:00,10578.33
2020-10-04 01:10:00,10556.9
2020-10-04 02:10:00,10569.08
2020-10-04 03:10:00,10559.57
2020-10-04 04:10:00,10545.37
2020-10-04 05:10:00,10554.49
2020-10-04 06:10:00,10562.48
2020-10-04 07:10:00,10577.48
2020-10-04 08:10:00,10587.65
2020-10-04 09:10:00,10622.62
2020-10-04 10:10:00,10624.77
2020-10-04 11:10:00,10616.67
2020-10-04 12:10:00,10604.2
2020-10-04 13:10:00,10592.11
2020-10-04 14:10:00,10599.78
2020-10-04 15:10:00,10603.61
2020-10-04 16:10:00,10616.04
2020-10-04 17:10:00,10611.33
2020-10-04 18:10:00,10617.17
2020-10-04 19:10:00,10618.86
2020-10-04 20:10:00,10618.65
2020-10-04 21:10:00,10640.45
2020-10-04 22:10:00,10678.56
2020-10-04 23:10:00,10679.88
2020-10-04 24:10:00,10666.81
2020-10-05 01:10:00,10674.75
2020-10-05 02:10:00,10664.77
2020-10-05 03:10:00,10719.6
2020-10-05 04:10:00,10703.89
2020-10-05 05:10:00,10706.04
2020-10-05 06:10:00,10694
2020-10-05 07:10:00,10664.44
2020-10-05 08:10:00,10671.72
2020-10-05 09:10:00,10648.36
2020-10-05 10:10:00,10671.83
2020-10-05 11:10:00,10690.47
2020-10-05 12:10:00,10685.43
2020-10-05 13:10:00,10674.49
2020-10-05 14:10:00,10683.31
2020-10-05 15:10:00,10686.46
2020-10-05 16:10:00,10718.97
2020-10-05 17:10:00,10743.74
2020-10-05 18:10:00,10724.42
2020-10-05 19:10:00,10727.02
2020-10-05 20:10:00,10721.54
2020-10-05 21:10:00,10697.9
2020-10-05 22:10:00,10732.91
2020-10-05 23:10:00,10743.74
2020-10-05 24:10:00,10749.52
2020-10-06 01:10:00,10759.17
2020-10-06 02:10:00,10775.38
2020-10-06 03:10:00,10774.83
2020-10-06 04:10:00,10763.97
2020-10-06 05:10:00,10776.74
2020-10-06 06:10:00,10774.01
2020-10-06 07:10:00,10775.46
2020-10-06 08:10:00,10754.36
2020-10-06 09:10:00,10746.19
2020-10-06 10:10:00,10743.08
2020-10-06 11:10:00,10723.8
2020-10-06 12:10:00,10742.45
2020-10-06 13:10:00,10725.3
2020-10-06 14:10:00,10687.36
2020-10-06 15:10:00,10708.33
2020-10-06 16:10:00,10704.45
2020-10-06 17:10:00,10682.49
2020-10-06 18:10:00,10682.79
2020-10-06 19:10:00,10727.01
2020-10-06 20:10:00,10712.45
2020-10-06 21:10:00,10666.47
2020-10-06 22:10:00,10572.3
2020-10-06 23:10:00,10558.96
2020-10-06 24:10:00,10561
2020-10-07 01:10:00,10591.59
2020-10-07 02:10:00,10596.54
2020-10-07 03:10:00,10593.14
2020-10-07 04:10:00,10578.72
2020-10-07 05:10:00,10595.86
2020-10-07 06:10:00,10591.7
2020-10-07 07:10:00,10589.5
2020-10-07 08:10:00,10608.05
2020-10-07 09:10:00,10620.46
2020-10-07 10:10:00,10616.34
2020-10-07 11:10:00,10612.31
2020-10-07 12:10:00,10605.55
2020-10-07 13:10:00,10592.12
2020-10-07 14:10:00,10599.35
2020-10-07 15:10:00,10626.44
2020-10-07 16:10:00,10626.86
2020-10-07 17:10:00,10619.86
2020-10-07 18:10:00,10636.54
2020-10-07 19:10:00,10625.33
2020-10-07 20:10:00,10633.79
2020-10-07 21:10:00,10651.98
2020-10-07 22:10:00,10665.6
2020-10-07 23:10:00,10655.84
2020-10-07 24:10:00,10663.43
2020-10-08 01:10:00,10654.18
2020-10-08 02:10:00,10665.9
2020-10-08 03:10:00,10657.63
2020-10-08 04:10:00,10638.13
2020-10-08 05:10:00,10638.97
2020-10-08 06:10:00,10650.29
2020-10-08 07:10:00,10644.82
2020-10-08 08:10:00,10626.61
2020-10-08 09:10:00,10626.73
2020-10-08 10:10:00,10601.21
2020-10-08 11:10:00,10590.13
2020-10-08 12:10:00,10564.56
2020-10-08 13:10:00,10602.28
2020-10-08 14:10:00,10612.19
2020-10-08 15:10:00,10629.95
2020-10-08 16:10:00,10716.8
2020-10-08 17:10:00,10847.45
2020-10-08 18:10:00,10902.39
2020-10-08 19:10:00,10912.78
2020-10-08 20:10:00,10918.29
2020-10-08 21:10:00,10881.91
2020-10-08 22:10:00,10886.44
2020-10-08 23:10:00,10886.3
2020-10-08 24:10:00,10893.89
2020-10-09 01:10:00,10902.53
2020-10-09 02:10:00,10907.3
2020-10-09 03:10:00,10907.93
2020-10-09 04:10:00,10894.65
2020-10-09 05:10:00,10911.4
2020-10-09 06:10:00,10897.09
2020-10-09 07:10:00,10890.9
2020-10-09 08:10:00,10887.73
2020-10-09 09:10:00,10855.66
2020-10-09 10:10:00,10894.24
2020-10-09 11:10:00,10894.23
2020-10-09 12:10:00,10885.46
2020-10-09 13:10:00,10965.07
2020-10-09 14:10:00,11057.88
2020-10-09 15:10:00,11070.02
2020-10-09 16:10:00,11077.5
2020-10-09 17:10:00,11074.69
2020-10-09 18:10:00,11075.47
2020-10-09 19:10:00,11064.48
2020-10-09 20:10:00,11062.87
2020-10-09 21:10:00,11050.64
2020-10-09 22:10:00,11043.47
2020-10-09 23:10:00,11048.75
2020-10-09 24:10:00,11040.27
2020-10-10 01:10:00,11061.62
2020-10-10 02:10:00,11078.88
2020-10-10 03:10:00,11078.1
2020-10-10 04:10:00,11079.55
2020-10-10 05:10:00,11341.15
2020-10-10 06:10:00,11426.68
2020-10-10 07:10:00,11397.39
2020-10-10 08:10:00,11388.8
2020-10-10 09:10:00,11377.24
2020-10-10 10:10:00,11369.38
2020-10-10 11:10:00,11372.98
2020-10-10 12:10:00,11329.51
2020-10-10 13:10:00,11282.65
2020-10-10 14:10:00,11320.6
2020-10-10 15:10:00,11316.65
2020-10-10 16:10:00,11343.04
2020-10-10 17:10:00,11345.18
2020-10-10 18:10:00,11369.38
2020-10-10 19:10:00,11342.14
2020-10-10 20:10:00,11353.53
2020-10-10 21:10:00,11351.05
2020-10-10 22:10:00,11353.58
2020-10-10 23:10:00,11340.92
2020-10-10 24:10:00,11354.9
2020-10-11 01:10:00,11354.7
2020-10-11 02:10:00,11302.62
2020-10-11 03:10:00,11302.54
2020-10-11 04:10:00,11354.94
2020-10-11 05:10:00,11348.86
2020-10-11 06:10:00,11333.62
2020-10-11 07:10:00,11315.13
2020-10-11 08:10:00,11322.2
2020-10-11 09:10:00,11344.42
2020-10-11 10:10:00,11346.81
2020-10-11 11:10:00,11342.85
2020-10-11 12:10:00,11341.51
2020-10-11 13:10:00,11368.53
2020-10-11 14:10:00,11371.35
2020-10-11 15:10:00,11363.47
2020-10-11 16:10:00,11361.26
2020-10-11 17:10:00,11394.55
2020-10-11 18:10:00,11411.89
2020-10-11 19:10:00,11400.54
2020-10-11 20:10:00,11403.86
2020-10-11 21:10:00,11398.62
2020-10-11 22:10:00,11361.23
2020-10-11 23:10:00,11348.07
2020-10-11 24:10:00,11308.04
2020-10-12 01:10:00,11338.1
2020-10-12 02:10:00,11374.17
2020-10-12 03:10:00,11366.54
2020-10-12 04:10:00,11388.05
2020-10-12 05:10:00,11387.73
2020-10-12 06:10:00,11397.12
2020-10-12 07:10:00,11382.02
2020-10-12 08:10:00,11397.6
2020-10-12 09:10:00,11364.67
2020-10-12 10:10:00,11359.98
2020-10-12 11:10:00,11372.06
2020-10-12 12:10:00,11346.05
2020-10-12 13:10:00,11277.79
2020-10-12 14:10:00,11260.27
2020-10-12 15:10:00,11274.8
2020-10-12 16:10:00,11419.79
2020-10-12 17:10:00,11477
2020-10-12 18:10:00,11535.6
2020-10-12 19:10:00,11564.16
2020-10-12 20:10:00,11550.37
2020-10-12 21:10:00,11550.57
2020-10-12 22:10:00,11556.13
2020-10-12 23:10:00,11551.95
2020-10-12 24:10:00,11648.12
2020-10-13 01:10:00,11682.03
2020-10-13 02:10:00,11556.85
2020-10-13 03:10:00,11493.15
2020-10-13 04:10:00,11474.78
2020-10-13 05:10:00,11481.48
2020-10-13 06:10:00,11453.79
2020-10-13 07:10:00,11460.14
2020-10-13 08:10:00,11487.21
2020-10-13 09:10:00,11463.26
2020-10-13 10:10:00,11447.96
2020-10-13 11:10:00,11468.94
2020-10-13 12:10:00,11474.77
2020-10-13 13:10:00,11481.93
2020-10-13 14:10:00,11503.21
2020-10-13 15:10:00,11468.86
2020-10-13 16:10:00,11388.14
2020-10-13 17:10:00,11353.34
2020-10-13 18:10:00,11394.14
2020-10-13 19:10:00,11376.65
2020-10-13 20:10:00,11380.59
2020-10-13 21:10:00,11376.6
2020-10-13 22:10:00,11400.76
2020-10-13 23:10:00,11414.44
2020-10-13 24:10:00,11445.1
2020-10-14 01:10:00,11444.66
2020-10-14 02:10:00,11430.41
2020-10-14 03:10:00,11448.84
2020-10-14 04:10:00,11450.17
2020-10-14 05:10:00,11429.64
2020-10-14 06:10:00,11431.51
2020-10-14 07:10:00,11395.4
2020-10-14 08:10:00,11396.37
2020-10-14 09:10:00,11407.42
2020-10-14 10:10:00,11404.59
2020-10-14 11:10:00,11438.35
2020-10-14 12:10:00,11435.62
2020-10-14 13:10:00,11392.22
2020-10-14 14:10:00,11396.22
2020-10-14 15:10:00,11395.69
2020-10-14 16:10:00,11491.14
2020-10-14 17:10:00,11443.95
2020-10-14 18:10:00,11377.24
2020-10-14 19:10:00,11346.97
2020-10-14 20:10:00,11344.65
2020-10-14 21:10:00,11334.15
2020-10-14 22:10:00,11360.02
2020-10-14 23:10:00,11376.04
2020-10-14 24:10:00,11397.86
2020-10-15 01:10:00,11396.31
2020-10-15 02:10:00,11409.1
2020-10-15 03:10:00,11400.42
2020-10-15 04:10:00,11391.56
2020-10-15 05:10:00,11388.19
2020-10-15 06:10:00,11378.91
2020-10-15 07:10:00,11391.84
2020-10-15 08:10:00,11396.75
2020-10-15 09:10:00,11409.17
2020-10-15 10:10:00,11395.21
2020-10-15 11:10:00,11368.55
2020-10-15 12:10:00,11317.53
2020-10-15 13:10:00,11319.19
2020-10-15 14:10:00,11327.87
2020-10-15 15:10:00,11350.62
2020-10-15 16:10:00,11386.64
2020-10-15 17:10:00,11387.19
2020-10-15 18:10:00,11399.01
2020-10-15 19:10:00,11420.19
2020-10-15 20:10:00,11444.38
2020-10-15 21:10:00,11477.06
2020-10-15 22:10:00,11514.82
2020-10-15 23:10:00,11566.76
2020-10-15 24:10:00,11497.58
2020-10-16 01:10:00,11490.48
2020-10-16 02:10:00,11480.36
2020-10-16 03:10:00,11487.98
2020-10-16 04:10:00,11517.35
2020-10-16 05:10:00,11506.72
2020-10-16 06:10:00,11488.86
2020-10-16 07:10:00,11323.67
2020-10-16 08:10:00,11333.02
2020-10-16 09:10:00,11331.98
2020-10-16 10:10:00,11322.55
2020-10-16 11:10:00,11319.6
2020-10-16 12:10:00,11266.88
2020-10-16 13:10:00,11296.47
2020-10-16 14:10:00,11338.7
2020-10-16 15:10:00,11369.74
2020-10-16 16:10:00,11357.7
2020-10-16 17:10:00,11355.44
2020-10-16 18:10:00,11322.17
2020-10-16 19:10:00,11339.08
2020-10-16 20:10:00,11339.37
2020-10-16 21:10:00,11364
2020-10-16 22:10:00,11353.37
2020-10-16 23:10:00,11306.27
2020-10-16 24:10:00,11327.39
2020-10-17 01:10:00,11347.64
2020-10-17 02:10:00,11338.07
2020-10-17 03:10:00,11303.22
2020-10-17 04:10:00,11330.29
2020-10-17 05:10:00,11342.52
2020-10-17 06:10:00,11349.29
2020-10-17 07:10:00,11358.34
2020-10-17 08:10:00,11355.45
2020-10-17 09:10:00,11363.59
2020-10-17 10:10:00,11355.56
2020-10-17 11:10:00,11347.66
2020-10-17 12:10:00,11332.49
2020-10-17 13:10:00,11343.26
2020-10-17 14:10:00,11350.94
2020-10-17 15:10:00,11343.2
2020-10-17 16:10:00,11337.34
2020-10-17 17:10:00,11322.79
2020-10-17 18:10:00,11371.11
2020-10-17 19:10:00,11332.57
2020-10-17 20:10:00,11333.68
2020-10-17 21:10:00,11348.16
2020-10-17 22:10:00,11354.17
2020-10-17 23:10:00,11347.38
2020-10-17 24:10:00,11358.88
2020-10-18 01:10:00,11350.73
2020-10-18 02:10:00,11362.61
2020-10-18 03:10:00,11375.3
2020-10-18 04:10:00,11393.26
2020-10-18 05:10:00,11386.34
2020-10-18 06:10:00,11383.02
2020-10-18 07:10:00,11386.26
2020-10-18 08:10:00,11390.76
2020-10-18 09:10:00,11431.42
2020-10-18 10:10:00,11444.95
2020-10-18 11:10:00,11444.62
2020-10-18 12:10:00,11420.35
2020-10-18 13:10:00,11415.41
2020-10-18 14:10:00,11421.02
2020-10-18 15:10:00,11424.63
2020-10-18 16:10:00,11431.36
2020-10-18 17:10:00,11456.51
2020-10-18 18:10:00,11443.73
2020-10-18 19:10:00,11455.22
2020-10-18 20:10:00,11457.4
2020-10-18 21:10:00,11467.29
2020-10-18 22:10:00,11451.78
2020-10-18 23:10:00,11434.69
2020-10-18 24:10:00,11458.56
2020-10-19 01:10:00,11466.88
2020-10-19 02:10:00,11492.01
2020-10-19 03:10:00,11501.68
2020-10-19 04:10:00,11472.69
2020-10-19 05:10:00,11462.19
2020-10-19 06:10:00,11438.68
2020-10-19 07:10:00,11439.13
2020-10-19 08:10:00,11438.31
2020-10-19 09:10:00,11444.9
2020-10-19 10:10:00,11457.46
2020-10-19 11:10:00,11463.75
2020-10-19 12:10:00,11473.65
2020-10-19 13:10:00,11483.17
2020-10-19 14:10:00,11504.85
2020-10-19 15:10:00,11513.41
2020-10-19 16:10:00,11625.33
2020-10-19 17:10:00,11651.79
2020-10-19 18:10:00,11725.9
2020-10-19 19:10:00,11784.04
2020-10-19 20:10:00,11750.6
2020-10-19 21:10:00,11714.31
2020-10-19 22:10:00,11683.65
2020-10-19 23:10:00,11704.97
2020-10-19 24:10:00,11737.8
2020-10-20 01:10:00,11755.63
2020-10-20 02:10:00,11733.1
2020-10-20 03:10:00,11731.39
2020-10-20 04:10:00,11709.14
2020-10-20 05:10:00,11718.2
2020-10-20 06:10:00,11738.65
2020-10-20 07:10:00,11734.82
2020-10-20 08:10:00,11741.85
2020-10-20 09:10:00,11775.39
2020-10-20 10:10:00,11798.71
2020-10-20 11:10:00,11735.25
2020-10-20 12:10:00,11768.52
2020-10-20 13:10:00,11809.06
2020-10-20 14:10:00,11849.99
2020-10-20 15:10:00,11841.78
2020-10-20 16:10:00,11887.45
2020-10-20 17:10:00,11924.02
2020-10-20 18:10:00,11946.9
2020-10-20 19:10:00,11964.31
2020-10-20 20:10:00,11995.48
2020-10-20 21:10:00,11949.74
2020-10-20 22:10:00,11936.35
2020-10-20 23:10:00,11887.62
2020-10-20 24:10:00,11909.23
2020-10-21 01:10:00,11946.67
2020-10-21 02:10:00,11934.15
2020-10-21 03:10:00,11953.28
2020-10-21 04:10:00,12004.27
2020-10-21 05:10:00,12068.62
2020-10-21 06:10:00,12200.81
2020-10-21 07:10:00,12252.02
2020-10-21 08:10:00,12252.37
2020-10-21 09:10:00,12256.59
2020-10-21 10:10:00,12193.12
2020-10-21 11:10:00,12177.71
2020-10-21 12:10:00,12183.62
2020-10-21 13:10:00,12229.47
2020-10-21 14:10:00,12298.42
2020-10-21 15:10:00,12372
2020-10-21 16:10:00,12436.05
2020-10-21 17:10:00,12669.47
2020-10-21 18:10:00,12710
2020-10-21 19:10:00,12842.19
2020-10-21 20:10:00,12816.73
2020-10-21 21:10:00,12765.74
2020-10-21 22:10:00,12734.55
2020-10-21 23:10:00,12764.58
2020-10-21 24:10:00,12912.46
2020-10-22 01:10:00,13079.43
2020-10-22 02:10:00,12912.47
2020-10-22 03:10:00,12894.27
2020-10-22 04:10:00,12892.2
2020-10-22 05:10:00,12785.08
2020-10-22 06:10:00,12778.68
2020-10-22 07:10:00,12743.62
2020-10-22 08:10:00,12758.71
2020-10-22 09:10:00,12792.73
2020-10-22 10:10:00,12767.79
2020-10-22 11:10:00,12819.61
2020-10-22 12:10:00,12826.59
2020-10-22 13:10:00,12933.68
2020-10-22 14:10:00,12978.41
2020-10-22 15:10:00,12882.06
2020-10-22 16:10:00,12926.02
2020-10-22 17:10:00,12895.82
2020-10-22 18:10:00,12949.19
2020-10-22 19:10:00,13003.66
2020-10-22 20:10:00,13046.48
2020-10-22 21:10:00,13043.06
2020-10-22 22:10:00,13108.16
2020-10-22 23:10:00,13142.75
2020-10-22 24:10:00,13095.58
2020-10-23 01:10:00,13115.65
2020-10-23 02:10:00,13001.21
2020-10-23 03:10:00,12913.15
2020-10-23 04:10:00,12926.93
2020-10-23 05:10:00,12955.62
2020-10-23 06:10:00,12978.09
2020-10-23 07:10:00,12951.3
2020-10-23 08:10:00,12958.86
2020-10-23 09:10:00,12919.7
2020-10-23 10:10:00,12901.71
2020-10-23 11:10:00,12912.92
2020-10-23 12:10:00,12948.99
2020-10-23 13:10:00,12994.72
2020-10-23 14:10:00,13002.62
2020-10-23 15:10:00,12959.96
2020-10-23 16:10:00,12986.71
2020-10-23 17:10:00,12945.93
2020-10-23 18:10:00,12941.07
2020-10-23 19:10:00,12822.08
2020-10-23 20:10:00,12794.3
2020-10-23 21:10:00,12845.49
2020-10-23 22:10:00,12888.92
2020-10-23 23:10:00,12925.7
2020-10-23 24:10:00,12907.3
2020-10-24 01:10:00,12932.48
2020-10-24 02:10:00,12945.96
2020-10-24 03:10:00,12911.24
2020-10-24 04:10:00,12950.7
2020-10-24 05:10:00,12968.87
2020-10-24 06:10:00,12995.16
2020-10-24 07:10:00,12965.77
2020-10-24 08:10:00,12951.6
2020-10-24 09:10:00,12949.59
2020-10-24 10:10:00,12953.76
2020-10-24 11:10:00,12935.05
2020-10-24 12:10:00,12943.68
2020-10-24 13:10:00,12960.2
2020-10-24 14:10:00,12977.69
2020-10-24 15:10:00,12986.93
2020-10-24 16:10:00,12985.43
2020-10-24 17:10:00,13040.06
2020-10-24 18:10:00,13133.46
2020-10-24 19:10:00,13077.49
2020-10-24 20:10:00,13128.26
2020-10-24 21:10:00,13107.79
2020-10-24 22:10:00,13112.87
2020-10-24 23:10:00,13116.08
2020-10-24 24:10:00,13103.22
2020-10-25 02:10:00,13094.83
2020-10-25 03:10:00,13114.25
2020-10-25 03:10:00,13148.81
2020-10-25 04:10:00,13139.1
2020-10-25 05:10:00,13265.56
2020-10-25 06:10:00,13315.91
2020-10-25 07:10:00,13061.01
2020-10-25 08:10:00,13019.89
2020-10-25 09:10:00,13032.24
2020-10-25 10:10:00,13005.91
2020-10-25 11:10:00,13004.7
2020-10-25 12:10:00,12974.11
2020-10-25 13:10:00,12944.24
2020-10-25 14:10:00,12985.53
2020-10-25 15:10:00,13000.31
2020-10-25 16:10:00,12998.12
2020-10-25 17:10:00,12982.62
2020-10-25 18:10:00,12989.74
2020-10-25 19:10:00,13026.88
2020-10-25 20:10:00,12992.51
2020-10-25 21:10:00,13029.55
2020-10-25 22:10:00,13049.22
2020-10-25 23:10:00,13032.37
2020-10-25 24:10:00,13011.89
2020-10-26 01:10:00,13034.71
2020-10-26 02:10:00,13031.26
2020-10-26 03:10:00,13084.17
2020-10-26 04:10:00,13102.67
2020-10-26 05:10:00,13114.79
2020-10-26 06:10:00,13100.04
2020-10-26 07:10:00,13129.38
2020-10-26 08:10:00,13096.01
2020-10-26 09:10:00,13065.89
2020-10-26 10:10:00,13011.55
2020-10-26 11:10:00,13085.66
2020-10-26 12:10:00,13092.45
2020-10-26 13:10:00,13158.93
2020-10-26 14:10:00,13136.55
2020-10-26 15:10:00,13194.24
2020-10-26 16:10:00,13201.52
2020-10-26 17:10:00,13065
2020-10-26 18:10:00,12934.55
2020-10-26 19:10:00,12862.69
2020-10-26 20:10:00,12937.6
2020-10-26 21:10:00,12979.2
2020-10-26 22:10:00,13032.87
2020-10-26 23:10:00,13042.92
2020-10-26 24:10:00,13030.77
2020-10-27 01:10:00,13073.27
2020-10-27 02:10:00,13098.6
2020-10-27 03:10:00,13087.45
2020-10-27 04:10:00,13106.44
2020-10-27 05:10:00,13092.6
2020-10-27 06:10:00,13104.34
2020-10-27 07:10:00,13115.05
2020-10-27 08:10:00,13086.15
2020-10-27 09:10:00,13127.81
2020-10-27 10:10:00,13151.88
2020-10-27 11:10:00,13118.8
2020-10-27 12:10:00,13240.91
2020-10-27 13:10:00,13375.21
2020-10-27 14:10:00,13407.12
2020-10-27 15:10:00,13393.52
2020-10-27 16:10:00,13396.59
2020-10-27 17:10:00,13516.56
2020-10-27 18:10:00,13576.37
2020-10-27 19:10:00,13673.59
2020-10-27 20:10:00,13659.93
2020-10-27 21:10:00,13660.12
2020-10-27 22:10:00,13662.73
2020-10-27 23:10:00,13696.17
2020-10-27 24:10:00,13695.59
2020-10-28 01:10:00,13700.94
2020-10-28 02:10:00,13684.72
2020-10-28 03:10:00,13706.92
2020-10-28 04:10:00,13794.21
2020-10-28 05:10:00,13804.36
2020-10-28 06:10:00,13768.89
2020-10-28 07:10:00,13720.16
2020-10-28 08:10:00,13753.21
2020-10-28 09:10:00,13628.87
2020-10-28 10:10:00,13634.06
2020-10-28 11:10:00,13653.88
2020-10-28 12:10:00,13571.31
2020-10-28 13:10:00,13440.7
2020-10-28 14:10:00,13262.61
2020-10-28 15:10:00,13241.32
2020-10-28 16:10:00,13049.97
2020-10-28 17:10:00,13168.65
2020-10-28 18:10:00,13151.22
2020-10-28 19:10:00,13132.75
2020-10-28 20:10:00,13203.91
2020-10-28 21:10:00,13219.4
2020-10-28 22:10:00,13204.55
2020-10-28 23:10:00,13180.29
2020-10-28 24:10:00,13259.23
2020-10-29 01:10:00,13284.52
2020-10-29 02:10:00,13285.22
2020-10-29 03:10:00,13245.31
2020-10-29 04:10:00,13254.29
2020-10-29 05:10:00,13228.06
2020-10-29 06:10:00,13276.98
2020-10-29 07:10:00,13272.14
2020-10-29 08:10:00,13283.76
2020-10-29 09:10:00,13210.92
2020-10-29 10:10:00,13152.01
2020-10-29 11:10:00,13178.79
2020-10-29 12:10:00,13117.46
2020-10-29 13:10:00,13119.24
2020-10-29 14:10:00,13054.04
2020-10-29 15:10:00,13182.58
2020-10-29 16:10:00,13381
2020-10-29 17:10:00,13429.44
2020-10-29 18:10:00,13538.87
2020-10-29 19:10:00,13577.89
2020-10-29 20:10:00,13558.47
2020-10-29 21:10:00,13555.39
2020-10-29 22:10:00,13482.59
2020-10-29 23:10:00,13485.86
2020-10-29 24:10:00,13458.23
2020-10-30 01:10:00,13464.27
2020-10-30 02:10:00,13471.27
2020-10-30 03:10:00,13606.09
2020-10-30 04:10:00,13528.08
2020-10-30 05:10:00,13469.38
2020-10-30 06:10:00,13433.69
2020-10-30 07:10:00,13318.09
2020-10-30 08:10:00,13219.58
2020-10-30 09:10:00,13211.79
2020-10-30 10:10:00,13287.92
2020-10-30 11:10:00,13232.78
2020-10-30 12:10:00,13277.9
2020-10-30 13:10:00,13318.18
2020-10-30 14:10:00,13335.87
2020-10-30 15:10:00,13293.66
2020-10-30 16:10:00,13331.88
2020-10-30 17:10:00,13474.17
2020-10-30 18:10:00,13549.63
2020-10-30 19:10:00,13530.83
2020-10-30 20:10:00,13540.01
2020-10-30 21:10:00,13523.7
2020-10-30 22:10:00,13609.03
2020-10-30 23:10:00,13561.52
2020-10-30 24:10:00,13583.43
2020-10-31 01:10:00,13599.74
2020-10-31 02:10:00,13596.84
2020-10-31 03:10:00,13626.04
2020-10-31 04:10:00,13671.95
2020-10-31 05:10:00,13501.35
2020-10-31 06:10:00,13495.41
2020-10-31 07:10:00,13503.31
2020-10-31 08:10:00,13543.44
2020-10-31 09:10:00,13570.42
2020-10-31 10:10:00,13745.16
2020-10-31 11:10:00,13856.58
2020-10-31 12:10:00,13857.58
2020-10-31 13:10:00,13879.77
2020-10-31 14:10:00,13902.16
2020-10-31 15:10:00,13882.89
2020-10-31 16:10:00,13816.57
2020-10-31 17:10:00,13798.78
2020-10-31 18:10:00,13847.07
2020-10-31 19:10:00,13783.17
2020-10-31 20:10:00,13741.35
2020-10-31 21:10:00,13750.74
2020-10-31 22:10:00,13812.1
2020-10-31 23:10:00,13834.19
2020-10-31 24:10:00,13861.1
2020-11-01 01:11:00,13806.41
2020-11-01 02:11:00,13771.96
2020-11-01 03:11:00,13755.69
2020-11-01 04:11:00,13742.07
2020-11-01 05:11:00,13692.39
2020-11-01 06:11:00,13661.09
2020-11-01 07:11:00,13713.4
2020-11-01 08:11:00,13715.49
2020-11-01 09:11:00,13765.81
2020-11-01 10:11:00,13769.22
2020-11-01 11:11:00,13723.05
2020-11-01 12:11:00,13717.22
2020-11-01 13:11:00,13712.66
2020-11-01 14:11:00,13723.91
2020-11-01 15:11:00,13768.42
2020-11-01 16:11:00,13812.45
2020-11-01 17:11:00,13831.46
2020-11-01 18:11:00,13796.27
2020-11-01 19:11:00,13808.18
2020-11-01 20:11:00,13806.92
2020-11-01 21:11:00,13804.86
2020-11-01 22:11:00,13814.74
2020-11-01 23:11:00,13829.56
2020-11-01 24:11:00,13737.64
2020-11-02 01:11:00,13708.39
2020-11-02 02:11:00,13800.32
2020-11-02 03:11:00,13775.45
2020-11-02 04:11:00,13709.98
2020-11-02 05:11:00,13683.69
2020-11-02 06:11:00,13675.9
2020-11-02 07:11:00,13682.88
2020-11-02 08:11:00,13726.05
2020-11-02 09:11:00,13738.42
2020-11-02 10:11:00,13573.96
2020-11-02 11:11:00,13514.26
2020-11-02 12:11:00,13523.46
2020-11-02 13:11:00,13430.9
2020-11-02 14:11:00,13339.1
2020-11-02 15:11:00,13375.55
2020-11-02 16:11:00,13441.31
2020-11-02 17:11:00,13501.08
2020-11-02 18:11:00,13516.98
2020-11-02 19:11:00,13515.69
2020-11-02 20:11:00,13497.5
2020-11-02 21:11:00,13530.14
2020-11-02 22:11:00,13650.64
2020-11-02 23:11:00,13632.54
2020-11-02 24:11:00,13618.05
2020-11-03 01:11:00,13594.43
2020-11-03 02:11:00,13511.41
2020-11-03 03:11:00,13568.89
2020-11-03 04:11:00,13574.97
2020-11-03 05:11:00,13413.89
2020-11-03 06:11:00,13377.14
2020-11-03 07:11:00,13420.21
2020-11-03 08:11:00,13385.64
2020-11-03 09:11:00,13426.17
2020-11-03 10:11:00,13520.98
2020-11-03 11:11:00,13540.02
2020-11-03 12:11:00,13531.45
2020-11-03 13:11:00,13516.27
2020-11-03 14:11:00,13513.64
2020-11-03 15:11:00,13667.6
2020-11-03 16:11:00,13739.91
2020-11-03 17:11:00,13748.14
2020-11-03 18:11:00,13723.41
2020-11-03 19:11:00,13747.25
2020-11-03 20:11:00,13769.6
2020-11-03 21:11:00,13755.83
2020-11-03 22:11:00,13744.31
2020-11-03 23:11:00,13763.82
2020-11-03 24:11:00,13784.97
2020-11-04 01:11:00,13974.2
2020-11-04 02:11:00,13958.51
2020-11-04 03:11:00,13795.97
2020-11-04 04:11:00,13779.06
2020-11-04 05:11:00,13887.16
2020-11-04 06:11:00,13880.32
2020-11-04 07:11:00,13855.65
2020-11-04 08:11:00,13795.73
2020-11-04 09:11:00,13694.09
2020-11-04 10:11:00,13647.41
2020-11-04 11:11:00,13675.41
2020-11-04 12:11:00,13699.66
2020-11-04 13:11:00,13707.05
2020-11-04 14:11:00,13787.31
2020-11-04 15:11:00,13843.13
2020-11-04 16:11:00,13797.6
2020-11-04 17:11:00,13903.64
2020-11-04 18:11:00,13995.94
2020-11-04 19:11:00,14175.47
2020-11-04 20:11:00,14088.6
2020-11-04 21:11:00,14107.82
2020-11-04 22:11:00,14044.62
2020-11-04 23:11:00,14037.77
2020-11-04 24:11:00,14135.28
2020-11-05 01:11:00,14116.29
2020-11-05 02:11:00,14152.63
2020-11-05 03:11:00,14155.29
2020-11-05 04:11:00,14242.32
2020-11-05 05:11:00,14302.45
2020-11-05 06:11:00,14300.42
2020-11-05 07:11:00,14279.69
2020-11-05 08:11:00,14338.38
2020-11-05 09:11:00,14452.51
2020-11-05 10:11:00,14459.11
2020-11-05 11:11:00,14442.89
2020-11-05 12:11:00,14556.87
2020-11-05 13:11:00,14636.61
2020-11-05 14:11:00,14790.37
2020-11-05 15:11:00,14901.14
2020-11-05 16:11:00,14878.73
2020-11-05 17:11:00,14990.73
2020-11-05 18:11:00,15212.82
2020-11-05 19:11:00,15040.76
2020-11-05 20:11:00,14965.15
2020-11-05 21:11:00,15040.17
2020-11-05 22:11:00,15100.41
2020-11-05 23:11:00,15183.76
2020-11-05 24:11:00,15399.71
2020-11-06 01:11:00,15612.9
2020-11-06 02:11:00,15693.15
2020-11-06 03:11:00,15846.37
2020-11-06 04:11:00,15705.76
2020-11-06 05:11:00,15570.41
2020-11-06 06:11:00,15516.14
2020-11-06 07:11:00,15624.75
2020-11-06 08:11:00,15703.26
2020-11-06 09:11:00,15756.42
2020-11-06 10:11:00,15631.99
2020-11-06 11:11:00,15406.17
2020-11-06 12:11:00,15571.53
2020-11-06 13:11:00,15523.48
2020-11-06 14:11:00,15458.56
2020-11-06 15:11:00,15590.54
2020-11-06 16:11:00,15512.94
2020-11-06 17:11:00,15459.55
2020-11-06 18:11:00,15513.41
2020-11-06 19:11:00,15519.69
2020-11-06 20:11:00,15497.26
2020-11-06 21:11:00,15482.29
2020-11-06 22:11:00,15378.51
2020-11-06 23:11:00,15537.08
2020-11-06 24:11:00,15551.61
2020-11-07 01:11:00,15632.35
2020-11-07 02:11:00,15636.96
2020-11-07 03:11:00,15675.04
2020-11-07 04:11:00,15612.56
2020-11-07 05:11:00,15571.19
2020-11-07 06:11:00,15556.48
2020-11-07 07:11:00,15541.5
2020-11-07 08:11:00,15530.54
2020-11-07 09:11:00,15486.46
2020-11-07 10:11:00,15481.63
2020-11-07 11:11:00,15486.49
2020-11-07 12:11:00,15514.3
2020-11-07 13:11:00,15544.93
2020-11-07 14:11:00,15540.6
2020-11-07 15:11:00,15478.6
2020-11-07 16:11:00,15391.02
2020-11-07 17:11:00,15300.57
2020-11-07 18:11:00,15256.91
2020-11-07 19:11:00,15297
2020-11-07 20:11:00,15040.6
2020-11-07 21:11:00,14743.6
2020-11-07 22:11:00,14653.91
2020-11-07 23:11:00,14860.79
2020-11-07 24:11:00,14803.67
2020-11-08 01:11:00,14880.15
2020-11-08 02:11:00,14825.73
2020-11-08 03:11:00,14969.1
2020-11-08 04:11:00,15059.35
2020-11-08 05:11:00,15010.34
2020-11-08 06:11:00,14984.33
2020-11-08 07:11:00,15028.3
2020-11-08 08:11:00,15001.94
2020-11-08 09:11:00,14987.64
2020-11-08 10:11:00,14949.92
2020-11-08 11:11:00,14998.7
2020-11-08 12:11:00,15077.51
2020-11-08 13:11:00,15149.5
2020-11-08 14:11:00,15245.82
2020-11-08 15:11:00,15197.08
2020-11-08 16:11:00,15275.01
2020-11-08 17:11:00,15378.45
2020-11-08 18:11:00,15363.55
2020-11-08 19:11:00,15520.2
2020-11-08 20:11:00,15541.68
2020-11-08 21:11:00,15406.77
2020-11-08 22:11:00,15400.05
2020-11-08 23:11:00,15322.94
2020-11-08 24:11:00,15451.64
2020-11-09 01:11:00,15491.51
2020-11-09 02:11:00,15533.93
2020-11-09 03:11:00,15549
2020-11-09 04:11:00,15517.6
2020-11-09 05:11:00,15458.31
2020-11-09 06:11:00,15398.1
2020-11-09 07:11:00,15427.3
2020-11-09 08:11:00,15423.46
2020-11-09 09:11:00,15394.01
2020-11-09 10:11:00,15302.45
2020-11-09 11:11:00,15437.22
2020-11-09 12:11:00,15468.45
2020-11-09 13:11:00,15607.2
2020-11-09 14:11:00,15616.22
2020-11-09 15:11:00,15350.75
2020-11-09 16:11:00,15270.32
2020-11-09 17:11:00,15061.94
2020-11-09 18:11:00,14965.04
2020-11-09 19:11:00,15180.12
2020-11-09 20:11:00,15241.62
2020-11-09 21:11:00,15374.88
2020-11-09 22:11:00,15434.77
2020-11-09 23:11:00,15393.68
2020-11-09 24:11:00,15334.86
2020-11-10 01:11:00,15299.69
2020-11-10 02:11:00,15257.63
2020-11-10 03:11:00,15351.57
2020-11-10 04:11:00,15378.69
2020-11-10 05:11:00,15311.65
2020-11-10 06:11:00,15373.95
2020-11-10 07:11:00,15389.98
2020-11-10 08:11:00,15330.04
2020-11-10 09:11:00,15310.74
2020-11-10 10:11:00,15373.12
2020-11-10 11:11:00,15400.26
2020-11-10 12:11:00,15394.65
2020-11-10 13:11:00,15270.44
2020-11-10 14:11:00,15321.51
2020-11-10 15:11:00,15265.34
2020-11-10 16:11:00,15259.06
2020-11-10 17:11:00,15162.29
2020-11-10 18:11:00,15233.05
2020-11-10 19:11:00,15289.7
2020-11-10 20:11:00,15258.1
2020-11-10 21:11:00,15312.89
2020-11-10 22:11:00,15317.97
2020-11-10 23:11:00,15351.91
2020-11-10 24:11:00,15366.65
2020-11-11 01:11:00,15319.85
2020-11-11 02:11:00,15296.99
2020-11-11 03:11:00,15458.63
2020-11-11 04:11:00,15410.24
2020-11-11 05:11:00,15422.11
2020-11-11 06:11:00,15392.04
2020-11-11 07:11:00,15376.15
2020-11-11 08:11:00,15382.27
2020-11-11 09:11:00,15389.49
2020-11-11 10:11:00,15405.13
2020-11-11 11:11:00,15422.61
2020-11-11 12:11:00,15497.09
2020-11-11 13:11:00,15611.11
2020-11-11 14:11:00,15609.61
2020-11-11 15:11:00,15647.42
2020-11-11 16:11:00,15605.17
2020-11-11 17:11:00,15665.5
2020-11-11 18:11:00,15779.66
2020-11-11 19:11:00,15882.01
2020-11-11 20:11:00,15913.38
2020-11-11 21:11:00,15816.59
2020-11-11 22:11:00,15707.01
2020-11-11 23:11:00,15719.05
2020-11-11 24:11:00,15840.83
2020-11-12 01:11:00,15740.7
2020-11-12 02:11:00,15597.12
2020-11-12 03:11:00,15635.94
2020-11-12 04:11:00,15639.88
2020-11-12 05:11:00,15660.57
2020-11-12 06:11:00,15650.94
2020-11-12 07:11:00,15737.25
2020-11-12 08:11:00,15815.21
2020-11-12 09:11:00,15887.04
2020-11-12 10:11:00,15869.47
2020-11-12 11:11:00,15986.15
2020-11-12 12:11:00,15925.94
2020-11-12 13:11:00,15757.29
2020-11-12 14:11:00,15870.47
2020-11-12 15:11:00,15932.43
2020-11-12 16:11:00,15993.81
2020-11-12 17:11:00,16080.53
2020-11-12 18:11:00,16101.21
2020-11-12 19:11:00,16087.59
2020-11-12 20:11:00,16012.67
2020-11-12 21:11:00,16059.58
2020-11-12 22:11:00,16112.16
2020-11-12 23:11:00,16161.21
2020-11-12 24:11:00,16260.66
2020-11-13 01:11:00,16269.66
2020-11-13 02:11:00,16372.21
2020-11-13 03:11:00,16425.3
2020-11-13 04:11:00,16412.41
2020-11-13 05:11:00,16421.75
2020-11-13 06:11:00,16414.08
2020-11-13 07:11:00,16292.04
2020-11-13 08:11:00,16290.21
2020-11-13 09:11:00,16254.93
2020-11-13 10:11:00,16205.68
2020-11-13 11:11:00,16296.11
2020-11-13 12:11:00,16259.92
2020-11-13 13:11:00,16153.79
2020-11-13 14:11:00,16264.22
2020-11-13 15:11:00,16255.64
2020-11-13 16:11:00,16205.5
2020-11-13 17:11:00,16129.7
2020-11-13 18:11:00,16085.4
2020-11-13 19:11:00,16199.61
2020-11-13 20:11:00,16254.57
2020-11-13 21:11:00,16282.21
2020-11-13 22:11:00,16227.16
2020-11-13 23:11:00,16270.91
2020-11-13 24:11:00,16331.73
2020-11-14 01:11:00,16312.65
2020-11-14 02:11:00,16267.61
2020-11-14 03:11:00,16221.84
2020-11-14 04:11:00,16185.08
2020-11-14 05:11:00,16169.65
2020-11-14 06:11:00,16135.35
2020-11-14 07:11:00,16102.77
2020-11-14 08:11:00,16169.74
2020-11-14 09:11:00,16080.43
2020-11-14 10:11:00,15943.57
2020-11-14 11:11:00,15852.99
2020-11-14 12:11:00,15855.6
2020-11-14 13:11:00,15903.05
2020-11-14 14:11:00,15882.04
2020-11-14 15:11:00,15899.21
2020-11-14 16:11:00,16011.21
2020-11-14 17:11:00,15978.24
2020-11-14 18:11:00,15941.18
2020-11-14 19:11:00,15829.51
2020-11-14 20:11:00,15915.45
2020-11-14 21:11:00,15884.12
2020-11-14 22:11:00,15944.92
2020-11-14 23:11:00,15999.83
2020-11-14 24:11:00,16003.15
2020-11-15 01:11:00,16092.78
2020-11-15 02:11:00,16061.76
2020-11-15 03:11:00,15990.11
2020-11-15 04:11:00,15985.11
2020-11-15 05:11:00,15918.6
2020-11-15 06:11:00,15928.57
2020-11-15 07:11:00,15973.85
2020-11-15 08:11:00,16028.9
2020-11-15 09:11:00,16042.5
2020-11-15 10:11:00,16109.51
2020-11-15 11:11:00,16073.65
2020-11-15 12:11:00,16026.58
2020-11-15 13:11:00,16013.79
2020-11-15 14:11:00,16010.45
2020-11-15 15:11:00,16037.97
2020-11-15 16:11:00,16047.92
2020-11-15 17:11:00,16019.15
2020-11-15 18:11:00,15993.99
2020-11-15 19:11:00,15939.98
2020-11-15 20:11:00,15898.05
2020-11-15 21:11:00,15889.34
2020-11-15 22:11:00,15852.09
2020-11-15 23:11:00,15872.3
2020-11-15 24:11:00,15857.2
2020-11-16 01:11:00,15975.11
2020-11-16 02:11:00,15928.59
2020-11-16 03:11:00,15988.16
2020-11-16 04:11:00,15968.02
2020-11-16 05:11:00,15979.56
2020-11-16 06:11:00,15988.89
2020-11-16 07:11:00,16103.67
2020-11-16 08:11:00,16201.39
2020-11-16 09:11:00,16247.5
2020-11-16 10:11:00,16228.38
2020-11-16 11:11:00,16190.59
2020-11-16 12:11:00,16309.34
2020-11-16 13:11:00,16311.54
2020-11-16 14:11:00,16273.16
2020-11-16 15:11:00,16316.46
2020-11-16 16:11:00,16407.97
2020-11-16 17:11:00,16414.65
2020-11-16 18:11:00,16560.33
2020-11-16 19:11:00,16693.17
2020-11-16 20:11:00,16704.91
2020-11-16 21:11:00,16785.82
2020-11-16 22:11:00,16796.25
2020-11-16 23:11:00,16750.45
2020-11-16 24:11:00,16701.02
2020-11-17 01:11:00,16728.12
2020-11-17 02:11:00,16768.28
2020-11-17 03:11:00,16726.04
2020-11-17 04:11:00,16678.43
2020-11-17 05:11:00,16630.4
2020-11-17 06:11:00,16611.66
2020-11-17 07:11:00,16625
2020-11-17 08:11:00,16623.22
2020-11-17 09:11:00,16717.93
2020-11-17 10:11:00,16715.75
2020-11-17 11:11:00,16677.82
2020-11-17 12:11:00,16697.82
2020-11-17 13:11:00,16919.89
2020-11-17 14:11:00,17018.67
2020-11-17 15:11:00,16997.14
2020-11-17 16:11:00,17090.14
2020-11-17 17:11:00,17250.99
2020-11-17 18:11:00,17455.41
2020-11-17 19:11:00,17628.24
2020-11-17 20:11:00,17725.67
2020-11-17 21:11:00,17632.93
2020-11-17 22:11:00,17675.45
2020-11-17 23:11:00,17598.77
2020-11-17 24:11:00,17543.57
2020-11-18 01:11:00,17667.28
2020-11-18 02:11:00,17739.31
2020-11-18 03:11:00,17677.11
2020-11-18 04:11:00,17700.75
2020-11-18 05:11:00,17901.83
2020-11-18 06:11:00,18208.44
2020-11-18 07:11:00,17840.06
2020-11-18 08:11:00,17745.74
2020-11-18 09:11:00,17868.77
2020-11-18 10:11:00,18180.25
2020-11-18 11:11:00,18042.35
2020-11-18 12:11:00,18124.1
2020-11-18 13:11:00,18125.34
2020-11-18 14:11:00,18124.52
2020-11-18 15:11:00,17964.95
2020-11-18 16:11:00,17821.23
2020-11-18 17:11:00,17580.27
2020-11-18 18:11:00,17863.27
2020-11-18 19:11:00,17821.32
2020-11-18 20:11:00,17883.64
2020-11-18 21:11:00,17693.48
2020-11-18 22:11:00,17596.37
2020-11-18 23:11:00,17698.19
2020-11-18 24:11:00,17794.6
2020-11-19 01:11:00,17772.62
2020-11-19 02:11:00,17704.15
2020-11-19 03:11:00,17759.54
2020-11-19 04:11:00,17969.53
2020-11-19 05:11:00,17916.64
2020-11-19 06:11:00,17820.15
2020-11-19 07:11:00,17799.72
2020-11-19 08:11:00,17780.76
2020-11-19 09:11:00,17677.11
2020-11-19 10:11:00,17539.97
2020-11-19 11:11:00,17503.99
2020-11-19 12:11:00,17499.07
2020-11-19 13:11:00,17676.33
2020-11-19 14:11:00,17726.21
2020-11-19 15:11:00,17911.33
2020-11-19 16:11:00,17979.92
2020-11-19 17:11:00,18112.98
2020-11-19 18:11:00,17984.07
2020-11-19 19:11:00,17950.65
2020-11-19 20:11:00,17986.15
2020-11-19 21:11:00,17920.59
2020-11-19 22:11:00,17979.56
2020-11-19 23:11:00,17985.26
2020-11-19 24:11:00,17902.94
2020-11-20 01:11:00,17803.33
2020-11-20 02:11:00,17863.81
2020-11-20 03:11:00,17871.28
2020-11-20 04:11:00,17993.31
2020-11-20 05:11:00,17976.31
2020-11-20 06:11:00,18121.53
2020-11-20 07:11:00,18102.33
2020-11-20 08:11:00,18102.88
2020-11-20 09:11:00,18248.54
2020-11-20 10:11:00,18270.27
2020-11-20 11:11:00,18220.46
2020-11-20 12:11:00,18233.17
2020-11-20 13:11:00,18306.26
2020-11-20 14:11:00,18241.28
2020-11-20 15:11:00,18216.71
2020-11-20 16:11:00,18498.26
2020-11-20 17:11:00,18660.39
2020-11-20 18:11:00,18736.99
2020-11-20 19:11:00,18641.29
2020-11-20 20:11:00,18544.57
2020-11-20 21:11:00,18610.89
2020-11-20 22:11:00,18656.35
2020-11-20 23:11:00,18581.27
2020-11-20 24:11:00,18554.96
2020-11-21 01:11:00,18659.17
2020-11-21 02:11:00,18747.69
2020-11-21 03:11:00,18853.78
2020-11-21 04:11:00,18850.83
2020-11-21 05:11:00,18729.79
2020-11-21 06:11:00,18560.31
2020-11-21 07:11:00,18601.68
2020-11-21 08:11:00,18666.26
2020-11-21 09:11:00,18665.33
2020-11-21 10:11:00,18727.1
2020-11-21 11:11:00,18650.46
2020-11-21 12:11:00,18644.37
2020-11-21 13:11:00,18551.9
2020-11-21 14:11:00,18530.77
2020-11-21 15:11:00,18753.39
2020-11-21 16:11:00,18718.18
2020-11-21 17:11:00,18752.79
2020-11-21 18:11:00,18823.75
2020-11-21 19:11:00,18733.55
2020-11-21 20:11:00,18743.74
2020-11-21 21:11:00,18663.32
2020-11-21 22:11:00,18620.84
2020-11-21 23:11:00,18620.45
2020-11-21 24:11:00,18560.37
2020-11-22 01:11:00,18679.55
2020-11-22 02:11:00,18650.71
2020-11-22 03:11:00,18474.07
2020-11-22 04:11:00,18554.72
2020-11-22 05:11:00,18535.97
2020-11-22 06:11:00,18502.46
2020-11-22 07:11:00,18515.86
2020-11-22 08:11:00,18467.34
2020-11-22 09:11:00,18338.21
2020-11-22 10:11:00,18324.99
2020-11-22 11:11:00,18288
2020-11-22 12:11:00,18178.43
2020-11-22 13:11:00,17894.85
2020-11-22 14:11:00,18035.61
2020-11-22 15:11:00,18167.63
2020-11-22 16:11:00,18224.88
2020-11-22 17:11:00,18279.94
2020-11-22 18:11:00,18453.65
2020-11-22 19:11:00,18510.59
2020-11-22 20:11:00,18552.95
2020-11-22 21:11:00,18548.46
2020-11-22 22:11:00,18609.66
2020-11-22 23:11:00,18567.51
2020-11-22 24:11:00,18615.68
2020-11-23 01:11:00,18480.44
2020-11-23 02:11:00,18266.31
2020-11-23 03:11:00,18140.47
2020-11-23 04:11:00,18269.84
2020-11-23 05:11:00,18351.49
2020-11-23 06:11:00,18441.02
2020-11-23 07:11:00,18444.88
2020-11-23 08:11:00,18388.87
2020-11-23 09:11:00,18475.33
2020-11-23 10:11:00,18583.51
2020-11-23 11:11:00,18604.14
2020-11-23 12:11:00,18711.36
2020-11-23 13:11:00,18625.83
2020-11-23 14:11:00,18557.38
2020-11-23 15:11:00,18499.53
2020-11-23 16:11:00,18603.11
2020-11-23 17:11:00,18375.64
2020-11-23 18:11:00,18283.84
2020-11-23 19:11:00,18385.38
2020-11-23 20:11:00,18347.7
2020-11-23 21:11:00,18388.54
2020-11-23 22:11:00,18416.53
2020-11-23 23:11:00,18405.15
2020-11-23 24:11:00,18418.2
2020-11-24 01:11:00,18351.86
2020-11-24 02:11:00,18286.68
2020-11-24 03:11:00,18473.69
2020-11-24 04:11:00,18402.66
2020-11-24 05:11:00,18368.39
2020-11-24 06:11:00,18360.87
2020-11-24 07:11:00,18377.13
2020-11-24 08:11:00,18246.19
2020-11-24 09:11:00,18393.31
2020-11-24 10:11:00,18507.41
2020-11-24 11:11:00,18851.83
2020-11-24 12:11:00,18906.98
2020-11-24 13:11:00,18952.94
2020-11-24 14:11:00,19138.87
2020-11-24 15:11:00,19232.42
2020-11-24 16:11:00,19283.36
2020-11-24 17:11:00,19353.14
2020-11-24 18:11:00,19282.47
2020-11-24 19:11:00,19235.57
2020-11-24 20:11:00,19204.78
2020-11-24 21:11:00,19223.5
2020-11-24 22:11:00,19080.28
2020-11-24 23:11:00,18956.66
2020-11-24 24:11:00,19023.81
2020-11-25 01:11:00,19131.48
2020-11-25 02:11:00,19176.86
2020-11-25 03:11:00,19131.47
2020-11-25 04:11:00,18992.41
2020-11-25 05:11:00,18906.2
2020-11-25 06:11:00,18813.92
2020-11-25 07:11:00,18781.23
2020-11-25 08:11:00,18895.98
2020-11-25 09:11:00,18970.43
2020-11-25 10:11:00,19129.59
2020-11-25 11:11:00,19107.41
2020-11-25 12:11:00,19270.89
2020-11-25 13:11:00,19305.2
2020-11-25 14:11:00,19242.56
2020-11-25 15:11:00,19338.16
2020-11-25 16:11:00,19206.78
2020-11-25 17:11:00,19239.37
2020-11-25 18:11:00,19025.35
2020-11-25 19:11:00,18944.75
2020-11-25 20:11:00,19079.65
2020-11-25 21:11:00,19009.45
2020-11-25 22:11:00,18878.06
2020-11-25 23:11:00,18946.54
2020-11-25 24:11:00,18801.48
2020-11-26 01:11:00,18652.47
2020-11-26 02:11:00,18779.22
2020-11-26 03:11:00,18820.22
2020-11-26 04:11:00,18526.41
2020-11-26 05:11:00,17830.37
2020-11-26 06:11:00,17537.47
2020-11-26 07:11:00,17880.1
2020-11-26 08:11:00,17947.66
2020-11-26 09:11:00,17689.34
2020-11-26 10:11:00,16934.18
2020-11-26 11:11:00,16901.96
2020-11-26 12:11:00,17213.16
2020-11-26 13:11:00,17230.72
2020-11-26 14:11:00,17249.19
2020-11-26 15:11:00,17263.14
2020-11-26 16:11:00,16904.01
2020-11-26 17:11:00,17046.59
2020-11-26 18:11:00,16820.34
2020-11-26 19:11:00,16497.25
2020-11-26 20:11:00,16716.59
2020-11-26 21:11:00,16492.7
2020-11-26 22:11:00,16928.64
2020-11-26 23:11:00,17204.5
2020-11-26 24:11:00,17126.3
2020-11-27 01:11:00,17084.27
2020-11-27 02:11:00,17243.11
2020-11-27 03:11:00,17402.94
2020-11-27 04:11:00,17203.52
2020-11-27 05:11:00,17186.15
2020-11-27 06:11:00,17136.61
2020-11-27 07:11:00,17264.67
2020-11-27 08:11:00,17259.91
2020-11-27 09:11:00,17149.74
2020-11-27 10:11:00,16880.65
2020-11-27 11:11:00,16863.35
2020-11-27 12:11:00,16785.83
2020-11-27 13:11:00,16835.84
2020-11-27 14:11:00,16976.15
2020-11-27 15:11:00,17019.24
2020-11-27 16:11:00,16861.69
2020-11-27 17:11:00,16628.08
2020-11-27 18:11:00,16676.25
2020-11-27 19:11:00,16760.75
2020-11-27 20:11:00,16815.69
2020-11-27 21:11:00,16805.33
2020-11-27 22:11:00,17023.4
2020-11-27 23:11:00,17013.69
2020-11-27 24:11:00,17026.32
2020-11-28 01:11:00,17095.45
2020-11-28 02:11:00,17110.95
2020-11-28 03:11:00,17157.75
2020-11-28 04:11:00,17085.92
2020-11-28 05:11:00,17014.63
2020-11-28 06:11:00,17003.09
2020-11-28 07:11:00,16977.71
2020-11-28 08:11:00,17049.73
2020-11-28 09:11:00,17072
2020-11-28 10:11:00,16973.24
2020-11-28 11:11:00,16996.34
2020-11-28 12:11:00,17155.68
2020-11-28 13:11:00,17169.51
2020-11-28 14:11:00,17167.41
2020-11-28 15:11:00,17281.9
2020-11-28 16:11:00,17358
2020-11-28 17:11:00,17425.58
2020-11-28 18:11:00,17686.47
2020-11-28 19:11:00,17707.33
2020-11-28 20:11:00,17734.95
2020-11-28 21:11:00,17795.46
2020-11-28 22:11:00,17815.76
2020-11-28 23:11:00,17739.13
2020-11-28 24:11:00,17782.88
2020-11-29 01:11:00,17756.12
2020-11-29 02:11:00,17633.51
2020-11-29 03:11:00,17608.81
2020-11-29 04:11:00,17682.13
2020-11-29 05:11:00,17815.8
2020-11-29 06:11:00,17819.96
2020-11-29 07:11:00,17817.29
2020-11-29 08:11:00,17768.84
2020-11-29 09:11:00,17779.24
2020-11-29 10:11:00,18047.39
2020-11-29 11:11:00,18141.96
2020-11-29 12:11:00,18146.42
2020-11-29 13:11:00,18125.26
2020-11-29 14:11:00,18028.73
2020-11-29 15:11:00,18079.49
2020-11-29 16:11:00,18134.19
2020-11-29 17:11:00,18096.43
2020-11-29 18:11:00,18041.35
2020-11-29 19:11:00,18110.02
2020-11-29 20:11:00,18106.55
2020-11-29 21:11:00,18091.59
2020-11-29 22:11:00,18161.37
2020-11-29 23:11:00,18302.07
2020-11-29 24:11:00,18166.07
2020-11-30 01:11:00,18207.01
2020-11-30 02:11:00,18382.5
2020-11-30 03:11:00,18458.64
2020-11-30 04:11:00,18508.45
2020-11-30 05:11:00,18536.97
2020-11-30 06:11:00,18542.51
2020-11-30 07:11:00,18576.64
2020-11-30 08:11:00,18539.34
2020-11-30 09:11:00,18641.82
2020-11-30 10:11:00,18482.92
2020-11-30 11:11:00,18425.37
2020-11-30 12:11:00,18535.73
2020-11-30 13:11:00,18620.95
2020-11-30 14:11:00,18766.11
2020-11-30 15:11:00,19023.11
2020-11-30 16:11:00,19484.35
2020-11-30 17:11:00,19491.38
2020-11-30 18:11:00,19384.53
2020-11-30 19:11:00,19243.03
2020-11-30 20:11:00,19275.08
2020-11-30 21:11:00,19227.76
2020-11-30 22:11:00,19392.89
2020-11-30 23:11:00,19429.54
2020-11-30 24:11:00,19363.95
2020-12-01 01:12:00,19630.99
2020-12-01 02:12:00,19597.21
2020-12-01 03:12:00,19529.4
2020-12-01 04:12:00,19634.54
2020-12-01 05:12:00,19535.91
2020-12-01 06:12:00,19432.69
2020-12-01 07:12:00,19403.01
2020-12-01 08:12:00,19415.95
2020-12-01 09:12:00,19436.64
2020-12-01 10:12:00,19509.89
2020-12-01 11:12:00,19490.59
2020-12-01 12:12:00,19740.73
2020-12-01 13:12:00,19535.61
2020-12-01 14:12:00,18879.71
2020-12-01 15:12:00,18522.67
2020-12-01 16:12:00,19072.55
2020-12-01 17:12:00,19359.53
2020-12-01 18:12:00,19092.34
2020-12-01 19:12:00,18855.68
2020-12-01 20:12:00,18867.68
2020-12-01 21:12:00,18977.01
2020-12-01 22:12:00,18989.74
2020-12-01 23:12:00,19113.6
2020-12-01 24:12:00,19034.28
2020-12-02 01:12:00,18822.5
2020-12-02 02:12:00,18668.03
2020-12-02 03:12:00,18827.64
2020-12-02 04:12:00,18767.73
2020-12-02 05:12:00,18640.46
2020-12-02 06:12:00,18479.51
2020-12-02 07:12:00,18571.05
2020-12-02 08:12:00,18793.14
2020-12-02 09:12:00,18948.98
2020-12-02 10:12:00,19222.5
2020-12-02 11:12:00,19183.82
2020-12-02 12:12:00,19104.75
2020-12-02 13:12:00,19127.68
2020-12-02 14:12:00,18924.11
2020-12-02 15:12:00,19134.22
2020-12-02 16:12:00,18999.67
2020-12-02 17:12:00,18863.83
2020-12-02 18:12:00,18898.15
2020-12-02 19:12:00,18930.7
2020-12-02 20:12:00,19037.71
2020-12-02 21:12:00,19068.28
2020-12-02 22:12:00,19105.66
2020-12-02 23:12:00,19091.48
2020-12-02 24:12:00,19187.86
2020-12-03 01:12:00,19191.2
2020-12-03 02:12:00,19237.23
2020-12-03 03:12:00,19067.28
2020-12-03 04:12:00,19035.85
2020-12-03 05:12:00,19119.17
2020-12-03 06:12:00,19070.06
2020-12-03 07:12:00,18988.7
2020-12-03 08:12:00,18970.26
2020-12-03 09:12:00,19124.28
2020-12-03 10:12:00,19373.96
2020-12-03 11:12:00,19262.69
2020-12-03 12:12:00,19352.96
2020-12-03 13:12:00,19389.11
2020-12-03 14:12:00,19321.96
2020-12-03 15:12:00,19341.2
2020-12-03 16:12:00,19367.63
2020-12-03 17:12:00,19450.91
2020-12-03 18:12:00,19442.21
2020-12-03 19:12:00,19283.11
2020-12-03 20:12:00,19366.5
2020-12-03 21:12:00,19394.46
2020-12-03 22:12:00,19396.34
2020-12-03 23:12:00,19418.64
2020-12-03 24:12:00,19468.01
2020-12-04 01:12:00,19485.14
2020-12-04 02:12:00,19472.67
2020-12-04 03:12:00,19393.65
2020-12-04 04:12:00,19321.17
2020-12-04 05:12:00,19245.61
2020-12-04 06:12:00,19270.11
2020-12-04 07:12:00,19289.58
2020-12-04 08:12:00,19307.27
2020-12-04 09:12:00,19306.32
2020-12-04 10:12:00,19402.83
2020-12-04 11:12:00,19365.98
2020-12-04 12:12:00,19047.61
2020-12-04 13:12:00,18970.95
2020-12-04 14:12:00,18861.99
2020-12-04 15:12:00,18993.84
2020-12-04 16:12:00,19067.76
2020-12-04 17:12:00,19000.86
2020-12-04 18:12:00,18917.27
2020-12-04 19:12:00,18996.82
2020-12-04 20:12:00,19008.13
2020-12-04 21:12:00,19042.08
2020-12-04 22:12:00,18980.94
2020-12-04 23:12:00,18867.46
2020-12-04 24:12:00,18729.58
2020-12-05 01:12:00,18741.02
2020-12-05 02:12:00,18608.17
2020-12-05 03:12:00,18737.74
2020-12-05 04:12:00,18756.32
2020-12-05 05:12:00,18832.73
2020-12-05 06:12:00,18884.01
2020-12-05 07:12:00,18924.57
2020-12-05 08:12:00,18973.58
2020-12-05 09:12:00,18955.11
2020-12-05 10:12:00,19096.83
2020-12-05 11:12:00,19102.66
2020-12-05 12:12:00,19085.6
2020-12-05 13:12:00,19032.04
2020-12-05 14:12:00,19036.65
2020-12-05 15:12:00,18993.37
2020-12-05 16:12:00,19032.4
2020-12-05 17:12:00,19097.42
2020-12-05 18:12:00,19101.05
2020-12-05 19:12:00,19084.86
2020-12-05 20:12:00,19118.58
2020-12-05 21:12:00,19129.71
2020-12-05 22:12:00,19074.07
2020-12-05 23:12:00,19054.16
2020-12-05 24:12:00,19023.61
2020-12-06 01:12:00,19094.72
2020-12-06 02:12:00,19224.79
2020-12-06 03:12:00,19287.87
2020-12-06 04:12:00,19230.11
2020-12-06 05:12:00,19162.32
2020-12-06 06:12:00,19178.2
2020-12-06 07:12:00,19138.08
2020-12-06 08:12:00,19165.56
2020-12-06 09:12:00,19189.25
2020-12-06 10:12:00,19111.23
2020-12-06 11:12:00,19023.92
2020-12-06 12:12:00,19006.53
